9.229e-03  1.009e+00  
1.001e+00  2.167e-03  
4.475e-01  4.334e-01  
7.805e-01  1.737e-01  
2.078e-01  6.524e-01  
6.361e-01  2.654e-01  
1.352e-01  1.000e+00  
3.272e-01  5.228e-01  
9.037e-01  9.453e-02  
9.811e-01  2.594e-02  
4.722e-02  9.959e-01  
4.411e-01  4.250e-01  
6.921e-01  1.960e-01  
2.714e-01  5.771e-01  
3.720e-01  5.103e-01  
7.198e-01  1.695e-01  
1.734e-01  7.264e-01  
1.607e-01  8.201e-01  
6.201e-01  3.188e-01  
8.315e-01  1.462e-01  
3.000e-01  5.841e-01  
4.133e-01  4.246e-01  
3.835e-01  4.414e-01  
8.948e-01  8.813e-02  
5.161e-01  3.628e-01  
1.000e+00  1.439e-04  
2.645e-01  6.730e-01  
4.370e-03  1.003e+00  
3.300e-01  4.685e-01  
3.542e-02  9.967e-01  
6.666e-01  2.535e-01  
7.290e-01  2.060e-01  
1.998e-01  7.126e-01  
7.459e-01  1.663e-01  
9.633e-01  4.186e-02  
4.778e-02  9.992e-01  
2.921e-01  5.639e-01  
1.543e-01  9.117e-01  
8.165e-02  9.928e-01  
5.967e-01  3.358e-01  
3.326e-01  4.787e-01  
5.161e-01  3.628e-01  
3.157e-01  5.083e-01  
2.631e-01  6.415e-01  
1.607e-01  8.201e-01  
6.958e-01  2.130e-01  
5.150e-01  3.312e-01  
9.421e-01  6.617e-02  
4.866e-01  4.220e-01  
2.609e-01  6.887e-01  
3.936e-01  4.335e-01  
3.407e-01  5.400e-01  
9.229e-03  1.009e+00  
5.926e-01  2.960e-01  
6.745e-02  1.000e+00  
4.133e-01  4.246e-01  
6.526e-01  2.660e-01  
1.000e+00  2.866e-07  
1.734e-01  7.264e-01  
8.833e-01  1.107e-01  
8.337e-01  1.319e-01  
3.720e-01  5.103e-01  
7.817e-01  1.610e-01  
7.218e-01  2.016e-01  
1.857e-01  7.624e-01  
7.464e-01  1.555e-01  
3.542e-02  9.967e-01  
6.666e-01  2.535e-01  
3.936e-01  4.335e-01  
5.198e-01  3.215e-01  
7.461e-01  1.877e-01  
2.389e-01  7.733e-01  
6.126e-01  3.205e-01  
3.138e-01  5.735e-01  
4.252e-01  4.557e-01  
1.622e-01  8.544e-01  
1.164e-01  1.002e+00  
7.605e-01  1.816e-01  
6.040e-01  3.327e-01  
9.884e-01  3.805e-02  
5.150e-01  3.312e-01  
2.844e-01  5.469e-01  
3.823e-01  4.645e-01  
4.958e-01  3.213e-01  
3.355e-01  4.834e-01  
4.958e-01  3.213e-01  
1.890e-01  9.015e-01  
5.031e-02  9.969e-01  
3.416e-01  5.210e-01  
5.270e-01  3.403e-01  
2.609e-01  6.887e-01  
6.591e-01  2.386e-01  
9.850e-01  2.515e-02  
2.995e-03  9.979e-01  
8.120e-01  1.247e-01  
2.645e-01  6.730e-01  
4.411e-01  4.250e-01  
5.945e-01  3.068e-01  
2.677e-01  6.095e-01  
5.050e-01  4.299e-01  
7.177e-02  9.934e-01  
1.543e-01  9.117e-01  
5.442e-01  3.795e-01  
2.315e-02  1.001e+00  
6.024e-01  2.483e-01  
8.127e-01  1.267e-01  
4.358e-03  9.981e-01  
4.411e-01  4.250e-01  
6.751e-01  2.613e-01  
7.262e-01  2.050e-01  
3.738e-01  4.793e-01  
2.029e-01  7.072e-01  
3.088e-01  5.582e-01  
3.633e-01  4.877e-01  
2.486e-01  6.083e-01  
8.932e-01  1.020e-01  
1.622e-01  8.550e-01  
7.464e-01  1.555e-01  
8.834e-02  9.947e-01  
9.292e-01  1.151e-01  
9.992e-01  8.606e-03  
2.406e-01  6.834e-01  
9.737e-01  2.700e-02  
1.734e-01  7.264e-01  
6.967e-01  2.056e-01  
3.105e-02  1.006e+00  
9.117e-01  8.081e-02  
3.290e-01  5.378e-01  
9.964e-01  6.611e-03  
3.272e-01  5.228e-01  
9.091e-01  8.635e-02  
1.516e-01  9.089e-01  
1.622e-01  8.550e-01  
9.415e-03  1.006e+00  
9.995e-01  1.086e-03  
8.320e-01  1.194e-01  
1.000e+00  1.128e-04  
2.717e-01  6.048e-01  
7.601e-01  1.715e-01  
2.303e-01  6.342e-01  
2.256e-02  9.982e-01  
6.040e-01  3.327e-01  
7.082e-01  2.514e-01  
2.953e-01  5.121e-01  
3.768e-01  4.814e-01  
4.272e-01  4.292e-01  
2.078e-01  6.524e-01  
5.819e-01  3.307e-01  
1.511e-01  9.270e-01  
2.719e-01  5.624e-01  
2.953e-01  5.121e-01  
7.805e-01  1.737e-01  
3.272e-01  5.228e-01  
4.866e-01  4.220e-01  
2.296e-01  6.629e-01  
6.035e-01  2.957e-01  
1.734e-01  7.264e-01  
2.486e-01  6.083e-01  
5.009e-01  3.702e-01  
5.967e-01  3.358e-01  
6.361e-01  2.654e-01  
2.844e-01  5.469e-01  
5.574e-01  3.202e-01  
1.697e-01  8.192e-01  
3.989e-01  4.982e-01  
3.300e-01  4.685e-01  
3.768e-01  4.814e-01  
5.404e-01  3.670e-01  
9.627e-01  3.441e-02  
5.517e-01  3.342e-01  
4.327e-01  4.498e-01  
6.024e-01  2.483e-01  
4.509e-03  1.012e+00  
5.167e-01  3.270e-01  
5.062e-02  9.963e-01  
5.198e-01  3.215e-01  
8.165e-02  9.928e-01  
3.798e-01  4.492e-01  
8.165e-02  9.928e-01  
5.050e-01  4.299e-01  
6.444e-01  2.554e-01  
2.818e-01  5.600e-01  
3.835e-01  4.414e-01  
3.894e-01  4.625e-01  
8.932e-01  1.020e-01  
7.805e-01  1.737e-01  
2.438e-01  6.283e-01  
3.707e-01  4.589e-01  
5.517e-01  3.342e-01  
3.633e-01  4.877e-01  
5.009e-01  3.702e-01  
4.958e-01  3.213e-01  
4.415e-01  4.288e-01  
4.252e-01  4.557e-01  
9.992e-01  8.606e-03  
7.218e-01  2.016e-01  
3.633e-01  4.877e-01  
6.744e-01  2.476e-01  
3.516e-01  5.083e-01  
5.668e-02  9.978e-01  
5.517e-01  3.342e-01  
2.677e-01  6.095e-01  
4.266e-01  4.395e-01  
8.948e-01  8.813e-02  
2.677e-01  6.095e-01  
6.035e-01  2.957e-01  
5.442e-01  3.795e-01  
6.129e-02  9.974e-01  
7.705e-01  1.533e-01  
9.415e-03  1.006e+00  
9.249e-01  5.911e-02  
6.714e-01  3.029e-01  
6.435e-01  2.907e-01  
2.128e-01  7.483e-01  
4.964e-01  4.246e-01  
9.249e-01  5.911e-02  
7.461e-01  1.877e-01  
6.591e-01  2.386e-01  
6.921e-01  1.960e-01  
8.549e-02  9.977e-01  
2.303e-01  6.342e-01  
1.998e-01  7.126e-01  
1.607e-01  8.217e-01  
7.224e-01  2.151e-01  
9.997e-01  6.232e-03  
1.899e-01  6.726e-01  
1.857e-01  8.093e-01  
1.857e-01  8.093e-01  
3.088e-01  5.582e-01  
8.834e-02  9.947e-01  
8.198e-01  1.471e-01  
8.833e-01  1.107e-01  
2.315e-02  1.001e+00  
2.953e-01  5.121e-01  
6.921e-01  1.960e-01  
7.348e-01  1.753e-01  
2.953e-01  5.121e-01  
6.745e-02  1.000e+00  
6.851e-02  9.924e-01  
6.361e-01  2.654e-01  
4.509e-03  1.012e+00  
3.105e-02  1.006e+00  
8.715e-01  8.830e-02  
1.899e-01  6.726e-01  
8.932e-01  1.020e-01  
7.817e-01  1.610e-01  
2.303e-01  6.342e-01  
9.421e-01  6.617e-02  
2.714e-01  5.771e-01  
1.503e-02  9.981e-01  
8.234e-01  1.356e-01  
8.668e-01  1.161e-01  
2.256e-02  9.982e-01  
7.224e-01  2.151e-01  
1.002e+00  2.172e-02  
1.001e+00  2.167e-03  
9.737e-01  2.700e-02  
1.001e+00  2.167e-03  
2.602e-01  5.697e-01  
1.000e+00  2.866e-07  
7.218e-01  2.016e-01  
7.279e-01  2.145e-01  
7.805e-01  1.425e-01  
1.802e-03  9.988e-01  
4.290e-01  4.277e-01  
8.833e-01  1.107e-01  
7.817e-01  1.610e-01  
7.613e-01  1.527e-01  
9.415e-03  1.006e+00  
2.700e-01  5.264e-01  
3.628e-02  9.971e-01  
2.406e-01  6.834e-01  
4.866e-01  4.220e-01  
3.214e-01  4.934e-01  
3.248e-01  5.437e-01  
7.705e-01  1.533e-01  
6.407e-02  9.974e-01  
1.951e-01  7.234e-01  
6.533e-01  2.343e-01  
8.834e-02  9.947e-01  
5.062e-02  9.963e-01  
2.631e-01  6.415e-01  
6.444e-01  2.554e-01  
7.377e-01  2.728e-01  
1.899e-01  6.726e-01  
9.415e-03  1.006e+00  
1.000e+00  1.439e-04  
1.607e-01  8.201e-01  
3.628e-02  9.971e-01  
1.540e-01  8.538e-01  
6.040e-01  3.327e-01  
5.050e-01  4.299e-01  
8.856e-02  9.925e-01  
6.035e-01  2.957e-01  
5.828e-01  2.995e-01  
3.798e-01  4.492e-01  
4.418e-01  4.741e-01  
2.631e-01  6.415e-01  
6.126e-01  3.205e-01  
3.936e-01  4.335e-01  
8.834e-02  9.947e-01  
3.720e-01  5.103e-01  
6.652e-01  2.679e-01  
5.270e-01  3.403e-01  
3.835e-01  4.414e-01  
5.150e-01  3.312e-01  
2.315e-02  1.001e+00  
3.633e-01  4.877e-01  
5.150e-01  3.312e-01  
3.741e-01  4.336e-01  
1.622e-01  8.544e-01  
2.438e-01  6.283e-01  
5.819e-01  3.307e-01  
8.126e-01  2.060e-01  
1.511e-01  9.270e-01  
5.009e-01  3.702e-01  
5.945e-01  3.068e-01  
6.361e-01  2.654e-01  
2.438e-01  6.283e-01  
4.958e-01  3.213e-01  
5.153e-01  3.253e-01  
5.967e-01  3.358e-01  
2.609e-01  6.887e-01  
8.650e-01  1.185e-01  
2.844e-01  5.469e-01  
1.890e-01  9.015e-01  
9.421e-01  6.617e-02  
6.552e-01  2.726e-01  
6.591e-01  2.386e-01  
1.622e-01  8.550e-01  
4.866e-01  4.220e-01  
4.173e-01  4.415e-01  
4.340e-01  4.946e-01  
1.890e-01  9.015e-01  
2.631e-01  6.415e-01  
3.516e-01  5.083e-01  
5.736e-01  2.926e-01  
8.948e-01  8.813e-02  
3.954e-01  4.673e-01  
2.404e-01  6.480e-01  
6.251e-01  2.445e-01  
2.609e-01  6.887e-01  
4.411e-01  4.250e-01  
5.967e-01  3.358e-01  
2.303e-01  6.342e-01  
7.817e-01  1.610e-01  
1.925e-01  8.560e-01  
5.150e-01  3.312e-01  
1.994e-01  7.010e-01  
3.835e-01  4.414e-01  
5.140e-01  4.004e-01  
1.899e-01  6.726e-01  
2.303e-01  6.342e-01  
8.136e-01  1.436e-01  
3.720e-01  5.103e-01  
3.406e-01  5.082e-01  
6.251e-01  2.445e-01  
3.416e-01  5.210e-01  
3.416e-01  5.210e-01  
3.768e-01  4.814e-01  
2.547e-02  9.968e-01  
4.866e-01  4.220e-01  
3.741e-01  4.336e-01  
2.856e-02  9.976e-01  
3.235e-01  4.609e-01  
3.000e-01  5.841e-01  
7.607e-01  1.633e-01  
5.478e-01  3.344e-01  
5.153e-01  3.253e-01  
6.251e-01  2.445e-01  
3.157e-01  5.083e-01  
3.088e-01  5.582e-01  
2.786e-01  5.425e-01  
5.442e-01  3.795e-01  
6.751e-01  2.613e-01  
5.520e-01  3.387e-01  
7.461e-01  1.877e-01  
1.899e-01  6.726e-01  
1.000e+00  5.841e-04  
5.668e-02  9.978e-01  
5.828e-01  2.995e-01  
5.270e-01  3.403e-01  
3.290e-01  5.378e-01  
5.754e-01  3.847e-01  
8.549e-02  9.977e-01  
3.326e-01  4.787e-01  
3.633e-01  4.877e-01  
5.037e-01  3.379e-01  
9.292e-01  7.955e-02  
6.591e-01  2.386e-01  
5.819e-01  3.307e-01  
1.622e-01  8.550e-01  
3.105e-02  1.006e+00  
3.088e-01  5.582e-01  
7.613e-01  1.527e-01  
3.823e-01  4.645e-01  
7.817e-01  1.610e-01  
7.980e-03  1.000e+00  
1.000e+00  1.311e-05  
5.167e-01  3.270e-01  
2.486e-01  6.083e-01  
7.805e-01  1.737e-01  
3.246e-02  1.002e+00  
8.664e-01  1.274e-01  
8.198e-01  1.471e-01  
5.668e-02  9.978e-01  
2.486e-01  6.083e-01  
3.835e-01  4.414e-01  
3.971e-01  4.522e-01  
9.037e-01  9.453e-02  
7.805e-01  1.737e-01  
1.699e-01  8.376e-01  
6.921e-01  1.960e-01  
6.768e-01  2.082e-01  
3.290e-01  5.378e-01  
4.762e-01  3.920e-01  
2.786e-01  5.425e-01  
4.665e-01  4.384e-01  
5.167e-01  3.270e-01  
2.215e-01  6.124e-01  
7.290e-01  2.060e-01  
2.296e-01  6.629e-01  
9.037e-01  9.453e-02  
3.407e-01  5.400e-01  
4.964e-01  4.246e-01  
3.633e-01  4.877e-01  
1.734e-01  7.264e-01  
1.899e-01  6.726e-01  
5.037e-01  3.379e-01  
6.361e-01  2.654e-01  
6.607e-01  2.247e-01  
3.272e-01  5.228e-01  
6.361e-01  2.654e-01  
6.526e-01  2.660e-01  
5.031e-02  9.969e-01  
6.665e-01  2.422e-01  
9.037e-01  9.453e-02  
1.857e-01  8.093e-01  
1.734e-01  7.264e-01  
3.308e-01  5.274e-01  
4.327e-01  4.498e-01  
2.406e-01  6.834e-01  
2.042e-01  7.074e-01  
3.416e-01  5.210e-01  
2.677e-01  6.095e-01  
4.941e-01  3.894e-01  
7.348e-01  2.233e-01  
7.382e-02  9.926e-01  
8.136e-01  1.436e-01  
4.340e-01  4.946e-01  
3.628e-02  9.971e-01  
1.566e-01  9.238e-01  
7.218e-01  2.016e-01  
2.486e-01  6.083e-01  
1.607e-01  8.217e-01  
2.700e-01  5.264e-01  
1.000e+00  1.439e-04  
8.932e-01  1.020e-01  
2.844e-01  5.469e-01  
9.992e-01  8.606e-03  
5.198e-01  3.215e-01  
2.486e-01  6.083e-01  
9.080e-01  7.447e-02  
2.406e-01  6.834e-01  
1.477e-02  1.020e+00  
9.964e-01  6.611e-03  
2.303e-01  6.342e-01  
1.622e-01  8.550e-01  
7.461e-01  1.877e-01  
1.000e+00  1.439e-04  
6.666e-01  2.535e-01  
8.337e-01  1.319e-01  
9.633e-01  4.186e-02  
1.734e-01  7.264e-01  
1.967e-01  8.035e-01  
6.929e-01  2.018e-01  
5.623e-01  2.832e-01  
9.992e-01  8.606e-03  
5.037e-01  3.379e-01  
7.218e-01  2.016e-01  
7.440e-01  1.531e-01  
9.777e-01  4.120e-02  
9.737e-01  2.700e-02  
3.404e-02  1.002e+00  
1.857e-01  8.093e-01  
7.459e-01  1.663e-01  
8.549e-02  9.977e-01  
8.315e-01  1.462e-01  
2.755e-01  5.902e-01  
9.229e-03  1.009e+00  
3.088e-01  5.582e-01  
8.549e-02  9.977e-01  
2.029e-01  7.072e-01  
1.830e-02  1.006e+00  
8.795e-01  1.133e-01  
9.421e-01  6.617e-02  
9.789e-01  2.488e-02  
8.549e-02  9.977e-01  
1.499e-03  1.007e+00  
8.234e-01  1.356e-01  
7.033e-02  9.970e-01  
9.992e-01  8.606e-03  
9.992e-01  8.606e-03  
9.633e-01  4.186e-02  
3.105e-02  1.006e+00  
9.811e-01  2.594e-02  
9.415e-03  1.006e+00  
1.001e+00  2.167e-03  
9.421e-01  6.617e-02  
8.549e-02  9.977e-01  
7.485e-01  1.981e-01  
9.997e-01  1.695e-03  
1.540e-01  8.538e-01  
9.907e-01  2.018e-02  
9.249e-01  5.911e-02  
7.218e-01  2.016e-01  
3.246e-02  1.002e+00  
8.650e-01  1.185e-01  
9.080e-01  7.447e-02  
9.995e-01  1.086e-03  
9.940e-01  1.552e-02  
3.290e-01  5.378e-01  
1.566e-01  9.238e-01  
9.421e-01  6.617e-02  
3.105e-02  1.006e+00  
1.516e-01  9.089e-01  
5.031e-02  9.969e-01  
6.591e-01  2.386e-01  
8.664e-01  1.274e-01  
8.165e-02  9.928e-01  
7.605e-01  1.816e-01  
9.964e-01  6.611e-03  
2.909e-01  5.794e-01  
2.544e-01  6.331e-01  
3.272e-01  5.228e-01  
5.198e-01  3.215e-01  
9.037e-01  9.453e-02  
4.370e-03  1.003e+00  
1.983e-01  6.372e-01  
9.633e-01  4.186e-02  
7.464e-01  1.555e-01  
8.834e-02  9.947e-01  
9.884e-01  3.805e-02  
5.785e-01  3.353e-01  
3.378e-01  4.575e-01  
9.995e-01  1.086e-03  
7.279e-01  2.145e-01  
6.921e-01  1.960e-01  
3.290e-01  5.378e-01  
3.088e-01  5.582e-01  
5.031e-02  9.969e-01  
3.404e-02  1.002e+00  
1.951e-01  7.234e-01  
2.078e-01  6.524e-01  
4.941e-01  3.894e-01  
5.442e-01  3.795e-01  
3.989e-01  4.982e-01  
8.315e-01  1.462e-01  
3.508e-01  5.186e-01  
5.116e-01  3.355e-01  
9.037e-01  9.453e-02  
1.164e-01  1.002e+00  
7.461e-01  1.877e-01  
2.874e-01  5.572e-01  
3.157e-01  5.083e-01  
9.633e-01  4.186e-02  
3.378e-01  4.575e-01  
1.947e-01  8.100e-01  
2.844e-01  5.469e-01  
3.005e-01  5.138e-01  
6.040e-01  3.327e-01  
1.951e-01  7.234e-01  
3.989e-01  4.982e-01  
9.926e-01  8.465e-03  
7.805e-01  1.737e-01  
2.525e-01  5.961e-01  
9.997e-01  6.232e-03  
1.540e-01  8.538e-01  
5.819e-01  3.307e-01  
4.252e-01  4.557e-01  
1.622e-01  8.550e-01  
6.347e-01  3.013e-01  
9.797e-01  6.594e-02  
9.413e-01  4.685e-02  
4.415e-01  4.288e-01  
6.407e-02  9.974e-01  
3.835e-01  4.414e-01  
2.818e-01  5.600e-01  
1.612e-02  9.985e-01  
1.352e-01  1.051e+00  
5.161e-01  3.628e-01  
6.921e-01  1.960e-01  
6.040e-01  3.327e-01  
4.446e-03  1.003e+00  
7.980e-03  1.000e+00  
4.964e-01  4.246e-01  
4.475e-01  4.334e-01  
6.665e-01  2.422e-01  
1.857e-01  8.093e-01  
4.475e-01  4.334e-01  
