2.875e-02  1.584e+00  
1.287e+00  3.339e-02  
6.627e-01  6.786e-01  
1.011e+00  2.875e-01  
3.441e-01  1.013e+00  
1.004e+00  4.194e-01  
4.067e-02  1.297e+00  
5.270e-01  8.761e-01  
1.073e+00  1.499e-01  
1.056e+00  4.379e-02  
5.627e-02  1.295e+00  
6.921e-01  6.743e-01  
1.013e+00  4.333e-01  
4.382e-01  9.387e-01  
6.205e-01  7.521e-01  
1.032e+00  2.482e-01  
1.204e-01  1.256e+00  
1.589e-01  1.240e+00  
9.955e-01  3.475e-01  
1.097e+00  1.163e-01  
4.577e-01  8.934e-01  
6.987e-01  6.862e-01  
6.337e-01  7.394e-01  
1.063e+00  9.292e-02  
6.732e-01  6.759e-01  
1.056e+00  4.379e-02  
3.644e-01  9.803e-01  
4.092e-02  1.310e+00  
5.337e-01  7.673e-01  
1.118e-01  1.280e+00  
1.009e+00  3.277e-01  
1.093e+00  2.980e-01  
3.425e-01  9.807e-01  
1.032e+00  2.482e-01  
1.055e+00  4.266e-02  
7.238e-02  1.332e+00  
4.218e-01  9.450e-01  
1.937e-01  1.216e+00  
8.743e-02  1.290e+00  
1.009e+00  4.149e-01  
6.199e-01  7.407e-01  
9.944e-01  3.556e-01  
5.420e-01  8.690e-01  
3.957e-01  9.527e-01  
2.546e-01  1.281e+00  
1.008e+00  3.243e-01  
7.044e-01  6.829e-01  
1.117e+00  1.057e-01  
6.894e-01  6.754e-01  
3.922e-01  1.006e+00  
6.847e-01  6.861e-01  
4.981e-01  8.841e-01  
2.875e-02  1.584e+00  
1.004e+00  4.194e-01  
9.046e-02  1.295e+00  
6.738e-01  6.795e-01  
9.990e-01  2.901e-01  
1.287e+00  3.339e-02  
3.425e-01  9.807e-01  
1.115e+00  1.387e-01  
1.033e+00  8.441e-02  
5.402e-01  7.620e-01  
1.057e+00  2.237e-01  
1.014e+00  3.501e-01  
3.138e-01  1.243e+00  
1.043e+00  2.577e-01  
4.067e-02  1.297e+00  
1.010e+00  2.899e-01  
7.042e-01  6.820e-01  
6.746e-01  6.756e-01  
1.015e+00  1.740e-01  
3.441e-01  1.013e+00  
9.955e-01  3.335e-01  
4.861e-01  8.329e-01  
6.594e-01  6.786e-01  
1.204e-01  1.256e+00  
1.118e-01  1.280e+00  
1.024e+00  1.787e-01  
9.983e-01  4.058e-01  
1.047e+00  2.818e-01  
1.002e+00  3.887e-01  
4.218e-01  9.450e-01  
6.219e-01  7.470e-01  
7.723e-01  6.834e-01  
5.813e-01  7.555e-01  
1.011e+00  3.981e-01  
2.216e-01  1.249e+00  
6.003e-02  1.308e+00  
4.863e-01  7.894e-01  
7.290e-01  6.829e-01  
3.704e-01  9.620e-01  
1.006e+00  3.082e-01  
1.056e+00  4.379e-02  
5.959e-02  1.353e+00  
1.024e+00  1.253e-01  
4.044e-01  9.810e-01  
6.337e-01  7.394e-01  
9.955e-01  3.475e-01  
4.475e-01  9.540e-01  
6.865e-01  6.786e-01  
8.743e-02  1.290e+00  
1.620e-01  1.301e+00  
7.723e-01  6.834e-01  
4.674e-02  1.282e+00  
9.955e-01  3.335e-01  
1.036e+00  1.564e-01  
4.041e-02  1.388e+00  
6.917e-01  6.957e-01  
1.004e+00  3.475e-01  
1.010e+00  2.899e-01  
5.834e-01  7.542e-01  
3.446e-01  9.773e-01  
4.632e-01  8.431e-01  
5.482e-01  7.810e-01  
4.044e-01  9.810e-01  
1.060e+00  5.483e-02  
1.589e-01  1.240e+00  
1.033e+00  8.441e-02  
2.665e-02  1.307e+00  
1.063e+00  9.292e-02  
1.055e+00  4.266e-02  
3.663e-01  1.005e+00  
1.117e+00  1.057e-01  
3.138e-01  1.243e+00  
1.010e+00  2.899e-01  
2.875e-02  1.584e+00  
1.117e+00  1.057e-01  
4.554e-01  7.878e-01  
1.174e+00  6.491e-02  
5.270e-01  8.761e-01  
1.054e+00  1.226e-01  
2.128e-01  1.286e+00  
1.783e-01  1.294e+00  
1.567e-01  1.290e+00  
1.165e+00  3.863e-02  
1.076e+00  1.571e-01  
1.322e+00  4.070e-02  
3.922e-01  1.006e+00  
1.052e+00  2.846e-01  
3.456e-01  9.901e-01  
3.170e-02  1.295e+00  
1.004e+00  3.475e-01  
1.006e+00  3.082e-01  
4.554e-01  7.878e-01  
5.834e-01  8.028e-01  
7.274e-01  7.172e-01  
3.435e-01  1.043e+00  
6.646e-01  6.772e-01  
1.191e-01  1.279e+00  
3.954e-01  9.758e-01  
4.951e-01  8.417e-01  
1.043e+00  2.577e-01  
4.577e-01  8.934e-01  
6.594e-01  6.786e-01  
3.431e-01  1.007e+00  
9.955e-01  3.335e-01  
1.204e-01  1.256e+00  
3.663e-01  1.005e+00  
6.812e-01  6.792e-01  
1.004e+00  3.475e-01  
1.010e+00  2.913e-01  
4.702e-01  9.005e-01  
9.955e-01  3.335e-01  
1.014e-01  1.240e+00  
6.219e-01  7.470e-01  
4.632e-01  8.431e-01  
4.554e-01  7.878e-01  
6.865e-01  6.786e-01  
1.056e+00  4.379e-02  
9.994e-01  3.506e-01  
7.114e-01  6.878e-01  
9.989e-01  4.113e-01  
2.829e-02  1.377e+00  
6.837e-01  6.820e-01  
4.905e-02  1.334e+00  
1.009e+00  4.149e-01  
1.499e-01  1.285e+00  
6.847e-01  6.861e-01  
1.014e-01  1.240e+00  
6.812e-01  6.792e-01  
1.016e+00  3.003e-01  
4.577e-01  8.934e-01  
6.337e-01  7.394e-01  
6.339e-01  7.701e-01  
1.024e+00  1.787e-01  
1.006e+00  2.401e-01  
3.644e-01  9.803e-01  
6.219e-01  7.470e-01  
6.865e-01  6.786e-01  
5.396e-01  7.656e-01  
6.921e-01  6.743e-01  
1.002e+00  3.603e-01  
6.847e-01  6.861e-01  
7.044e-01  6.829e-01  
1.056e+00  4.379e-02  
1.008e+00  2.597e-01  
5.530e-01  7.599e-01  
1.004e+00  3.475e-01  
5.270e-01  8.761e-01  
1.589e-01  1.240e+00  
9.955e-01  3.475e-01  
3.895e-01  9.561e-01  
6.987e-01  6.862e-01  
1.117e+00  1.057e-01  
4.490e-01  8.671e-01  
1.002e+00  3.887e-01  
6.921e-01  6.743e-01  
3.596e-02  1.291e+00  
1.060e+00  1.650e-01  
3.450e-02  1.297e+00  
1.107e+00  9.007e-02  
1.014e+00  3.501e-01  
1.004e+00  4.194e-01  
3.406e-01  1.001e+00  
6.594e-01  6.786e-01  
1.022e+00  7.210e-02  
1.010e+00  2.899e-01  
1.010e+00  2.899e-01  
1.009e+00  3.277e-01  
1.118e-01  1.280e+00  
3.481e-01  9.621e-01  
3.138e-01  1.243e+00  
1.204e-01  1.256e+00  
1.006e+00  2.401e-01  
1.056e+00  4.379e-02  
3.663e-01  1.005e+00  
1.937e-01  1.216e+00  
3.192e-01  1.258e+00  
4.861e-01  8.329e-01  
2.665e-02  1.307e+00  
1.033e+00  8.441e-02  
1.046e+00  8.835e-02  
2.875e-02  1.584e+00  
5.555e-01  8.141e-01  
1.008e+00  2.597e-01  
1.093e+00  2.980e-01  
4.951e-01  8.417e-01  
4.067e-02  1.297e+00  
1.477e-01  1.276e+00  
1.008e+00  3.243e-01  
3.397e-02  1.318e+00  
5.627e-02  1.295e+00  
1.022e+00  7.210e-02  
3.441e-01  1.013e+00  
1.081e+00  1.846e-01  
1.033e+00  8.441e-02  
3.780e-01  9.778e-01  
1.054e+00  3.963e-02  
4.475e-01  9.540e-01  
4.036e-02  1.301e+00  
1.041e+00  1.450e-01  
1.054e+00  1.490e-01  
2.665e-02  1.307e+00  
1.000e+00  3.499e-01  
1.017e+00  4.500e-02  
1.287e+00  2.740e-02  
1.097e+00  4.372e-02  
1.149e+00  4.066e-02  
4.404e-01  8.485e-01  
1.056e+00  4.379e-02  
1.009e+00  3.277e-01  
1.010e+00  2.913e-01  
1.025e+00  1.996e-01  
2.829e-02  1.377e+00  
7.114e-01  6.878e-01  
1.034e+00  1.308e-01  
1.054e+00  1.226e-01  
1.010e+00  2.882e-01  
4.067e-02  1.297e+00  
4.632e-01  8.431e-01  
1.124e-01  1.326e+00  
3.425e-01  1.032e+00  
7.218e-01  6.871e-01  
5.270e-01  8.761e-01  
4.971e-01  8.401e-01  
1.033e+00  8.441e-02  
1.544e-01  1.293e+00  
3.435e-01  1.043e+00  
1.008e+00  3.243e-01  
3.596e-02  1.291e+00  
7.933e-02  1.290e+00  
4.044e-01  9.810e-01  
9.961e-01  3.049e-01  
1.006e+00  3.082e-01  
3.431e-01  1.007e+00  
2.366e-02  1.353e+00  
1.030e+00  9.465e-02  
2.378e-01  1.259e+00  
7.238e-02  1.332e+00  
1.727e-01  1.279e+00  
9.977e-01  4.174e-01  
6.921e-01  6.743e-01  
1.620e-01  1.301e+00  
1.002e+00  3.887e-01  
9.994e-01  3.506e-01  
6.337e-01  7.394e-01  
6.827e-01  6.959e-01  
3.922e-01  1.006e+00  
9.994e-01  3.506e-01  
6.451e-01  6.909e-01  
3.721e-02  1.312e+00  
5.834e-01  7.542e-01  
9.986e-01  3.551e-01  
7.723e-01  6.834e-01  
6.219e-01  7.470e-01  
6.865e-01  6.786e-01  
2.665e-02  1.307e+00  
5.591e-01  8.074e-01  
6.975e-01  6.766e-01  
6.662e-01  6.851e-01  
2.549e-01  1.286e+00  
3.964e-01  1.006e+00  
6.921e-01  6.743e-01  
1.052e+00  2.846e-01  
1.499e-01  1.285e+00  
6.865e-01  6.786e-01  
1.009e+00  4.149e-01  
1.002e+00  3.972e-01  
3.676e-01  9.634e-01  
1.023e+00  5.341e-01  
9.955e-01  3.335e-01  
1.004e+00  4.194e-01  
4.475e-01  9.540e-01  
1.062e+00  1.235e-01  
4.702e-01  9.005e-01  
2.128e-01  1.286e+00  
1.022e+00  7.210e-02  
1.004e+00  3.104e-01  
1.017e+00  3.366e-01  
1.589e-01  1.240e+00  
7.723e-01  6.834e-01  
6.723e-01  6.953e-01  
6.499e-01  7.305e-01  
1.937e-01  1.216e+00  
3.759e-01  9.665e-01  
5.591e-01  8.074e-01  
9.955e-01  3.475e-01  
1.127e+00  1.309e-01  
6.339e-01  7.701e-01  
3.577e-01  9.595e-01  
1.017e+00  3.366e-01  
4.209e-01  9.672e-01  
6.746e-01  6.756e-01  
9.977e-01  4.174e-01  
3.676e-01  9.634e-01  
1.033e+00  8.441e-02  
2.549e-01  1.286e+00  
9.994e-01  3.506e-01  
3.138e-01  1.243e+00  
6.686e-01  6.843e-01  
6.812e-01  6.792e-01  
3.138e-01  1.243e+00  
3.441e-01  1.013e+00  
1.158e+00  2.324e-01  
5.700e-01  7.793e-01  
5.396e-01  7.656e-01  
9.984e-01  3.645e-01  
4.554e-01  7.878e-01  
5.260e-01  7.740e-01  
6.219e-01  7.470e-01  
7.171e-02  1.298e+00  
7.044e-01  6.829e-01  
6.732e-01  6.759e-01  
2.451e-02  1.290e+00  
6.205e-01  7.521e-01  
4.577e-01  8.934e-01  
1.057e+00  2.237e-01  
9.955e-01  4.142e-01  
1.004e+00  4.194e-01  
1.002e+00  3.887e-01  
5.260e-01  7.740e-01  
4.951e-01  8.417e-01  
4.419e-01  9.206e-01  
6.974e-01  6.753e-01  
1.001e+00  3.560e-01  
1.011e+00  3.981e-01  
1.024e+00  1.787e-01  
3.644e-01  9.803e-01  
1.063e+00  9.292e-02  
3.596e-02  1.291e+00  
9.962e-01  3.437e-01  
7.723e-01  6.834e-01  
5.260e-01  7.740e-01  
6.732e-01  6.759e-01  
2.665e-02  1.307e+00  
7.290e-01  6.829e-01  
5.260e-01  7.740e-01  
6.916e-01  6.763e-01  
1.081e+00  1.846e-01  
1.023e+00  3.409e-01  
1.004e+00  4.194e-01  
2.546e-01  1.281e+00  
2.829e-02  1.377e+00  
4.446e-01  8.363e-01  
1.025e+00  1.996e-01  
5.555e-01  8.141e-01  
1.032e+00  2.482e-01  
2.104e-02  1.341e+00  
1.047e+00  2.818e-01  
7.290e-01  6.829e-01  
3.954e-01  9.758e-01  
1.028e+00  2.935e-01  
3.928e-02  1.463e+00  
1.024e+00  1.253e-01  
1.034e+00  1.308e-01  
2.451e-02  1.290e+00  
4.465e-01  8.838e-01  
7.114e-01  6.878e-01  
6.662e-01  6.851e-01  
1.034e+00  1.308e-01  
1.008e+00  2.597e-01  
2.128e-01  1.286e+00  
1.008e+00  2.597e-01  
1.009e+00  3.277e-01  
4.951e-01  8.417e-01  
7.042e-01  6.820e-01  
4.577e-01  8.934e-01  
7.114e-01  6.878e-01  
7.201e-01  6.778e-01  
3.441e-01  1.013e+00  
1.006e+00  2.401e-01  
3.425e-01  9.807e-01  
1.055e+00  4.266e-02  
5.361e-01  9.444e-01  
7.045e-01  6.903e-01  
5.700e-01  7.793e-01  
3.203e-01  1.191e+00  
3.431e-01  1.007e+00  
7.723e-01  6.834e-01  
1.001e+00  4.068e-01  
1.009e+00  3.277e-01  
5.555e-01  8.141e-01  
9.994e-01  3.506e-01  
1.004e+00  3.475e-01  
4.067e-02  1.297e+00  
1.000e+00  3.499e-01  
1.119e+00  8.245e-02  
3.228e-01  1.306e+00  
2.579e-01  1.253e+00  
5.246e-01  8.357e-01  
6.517e-01  7.540e-01  
4.044e-01  9.810e-01  
3.358e-01  1.298e+00  
5.337e-01  7.673e-01  
4.951e-01  8.417e-01  
7.044e-01  6.829e-01  
1.014e+00  3.501e-01  
6.202e-02  1.293e+00  
1.081e+00  1.846e-01  
7.114e-01  6.878e-01  
8.743e-02  1.290e+00  
2.128e-01  1.286e+00  
1.093e+00  2.980e-01  
4.044e-01  9.810e-01  
1.589e-01  1.240e+00  
4.475e-01  9.540e-01  
1.097e+00  4.372e-02  
1.025e+00  1.389e-01  
4.419e-01  9.206e-01  
1.097e+00  4.372e-02  
9.948e-01  3.642e-01  
4.475e-01  9.540e-01  
1.119e+00  8.245e-02  
3.329e-01  1.023e+00  
3.721e-02  1.312e+00  
1.292e+00  4.020e-02  
3.487e-01  1.001e+00  
1.544e-01  1.293e+00  
1.052e+00  2.846e-01  
1.055e+00  4.266e-02  
1.000e+00  3.499e-01  
1.024e+00  1.787e-01  
1.017e+00  4.500e-02  
3.138e-01  1.243e+00  
3.102e-01  1.281e+00  
1.008e+00  3.243e-01  
9.994e-01  3.506e-01  
1.017e+00  4.500e-02  
9.955e-01  3.335e-01  
1.010e+00  2.882e-01  
1.039e+00  2.083e-01  
1.017e+00  4.500e-02  
1.288e+00  6.327e-02  
9.382e-02  1.298e+00  
2.549e-01  1.286e+00  
1.066e+00  3.800e-01  
3.596e-02  1.291e+00  
1.127e+00  1.309e-01  
3.895e-01  9.561e-01  
4.674e-02  1.282e+00  
5.584e-01  9.407e-01  
1.727e-01  1.279e+00  
3.384e-01  1.035e+00  
4.905e-02  1.334e+00  
1.081e+00  1.846e-01  
1.054e+00  8.406e-02  
1.056e+00  4.379e-02  
2.451e-02  1.290e+00  
2.366e-02  1.353e+00  
1.158e+00  2.324e-01  
4.674e-02  1.282e+00  
1.097e+00  4.372e-02  
1.056e+00  4.379e-02  
1.081e+00  1.846e-01  
2.665e-02  1.307e+00  
1.056e+00  4.379e-02  
2.829e-02  1.377e+00  
1.174e+00  6.491e-02  
1.149e+00  4.066e-02  
1.583e-01  1.293e+00  
1.093e+00  2.980e-01  
1.287e+00  2.740e-02  
1.118e-01  1.280e+00  
1.017e+00  4.500e-02  
1.115e+00  8.107e-02  
1.057e+00  2.237e-01  
3.596e-02  1.291e+00  
1.073e+00  1.499e-01  
1.056e+00  4.379e-02  
1.149e+00  4.066e-02  
1.138e+00  7.313e-02  
4.951e-01  8.417e-01  
1.789e-01  1.283e+00  
1.056e+00  4.379e-02  
4.067e-02  1.297e+00  
2.128e-01  1.286e+00  
5.627e-02  1.295e+00  
1.010e+00  2.899e-01  
1.041e+00  1.450e-01  
3.596e-02  1.291e+00  
1.043e+00  2.577e-01  
1.295e+00  3.529e-02  
4.133e-01  9.536e-01  
4.209e-01  9.672e-01  
5.270e-01  8.761e-01  
9.947e-01  4.140e-01  
1.138e+00  1.258e-01  
4.090e-02  1.393e+00  
3.435e-01  1.043e+00  
1.056e+00  4.379e-02  
1.097e+00  1.163e-01  
1.134e-01  1.293e+00  
1.097e+00  4.372e-02  
9.944e-01  3.556e-01  
5.969e-01  7.792e-01  
1.287e+00  3.339e-02  
1.006e+00  2.401e-01  
1.012e+00  3.022e-01  
4.819e-01  7.740e-01  
4.404e-01  8.485e-01  
1.118e-01  1.280e+00  
4.674e-02  1.282e+00  
3.948e-01  1.047e+00  
3.359e-01  1.003e+00  
6.947e-01  6.792e-01  
6.646e-01  6.772e-01  
5.456e-01  7.640e-01  
1.081e+00  1.846e-01  
5.555e-01  8.141e-01  
6.646e-01  6.772e-01  
1.113e+00  1.746e-01  
1.118e-01  1.280e+00  
1.085e+00  2.868e-01  
4.766e-01  8.517e-01  
4.981e-01  8.841e-01  
1.047e+00  2.818e-01  
6.593e-01  7.912e-01  
2.966e-01  1.232e+00  
4.829e-01  9.438e-01  
4.632e-01  8.431e-01  
9.989e-01  4.113e-01  
1.589e-01  1.240e+00  
5.885e-01  7.542e-01  
1.149e+00  4.066e-02  
1.097e+00  1.163e-01  
4.226e-01  9.707e-01  
1.054e+00  3.963e-02  
2.497e-01  1.287e+00  
1.002e+00  3.603e-01  
6.827e-01  6.959e-01  
1.937e-01  1.216e+00  
9.955e-01  3.475e-01  
1.247e+00  9.237e-02  
1.055e+00  4.266e-02  
7.274e-01  7.172e-01  
4.060e-02  1.287e+00  
7.038e-01  6.820e-01  
4.475e-01  9.540e-01  
2.875e-02  1.584e+00  
1.620e-01  1.301e+00  
6.732e-01  6.759e-01  
1.014e+00  3.501e-01  
1.018e+00  4.975e-01  
3.858e-02  1.590e+00  
2.322e-02  1.339e+00  
6.921e-01  6.743e-01  
6.894e-01  6.754e-01  
1.011e+00  2.875e-01  
2.966e-01  1.232e+00  
6.981e-01  6.896e-01  
