5.652e-02  1.169e+00  
1.112e+00  4.963e-02  
7.391e-01  5.949e-01  
9.358e-01  2.949e-01  
2.980e-01  9.941e-01  
8.464e-01  4.930e-01  
1.468e-01  1.057e+00  
5.605e-01  9.144e-01  
1.081e+00  1.344e-01  
1.083e+00  1.061e-01  
6.531e-02  1.128e+00  
8.229e-01  4.836e-01  
8.900e-01  3.923e-01  
4.527e-01  8.947e-01  
6.057e-01  7.452e-01  
9.622e-01  2.386e-01  
2.667e-01  1.025e+00  
1.169e-01  1.067e+00  
8.771e-01  4.705e-01  
9.987e-01  2.256e-01  
4.635e-01  8.941e-01  
5.850e-01  7.781e-01  
6.433e-01  7.204e-01  
1.078e+00  1.260e-01  
7.589e-01  5.456e-01  
1.120e+00  5.751e-02  
4.130e-01  9.759e-01  
6.765e-02  1.121e+00  
5.668e-01  8.492e-01  
1.116e-01  1.055e+00  
9.159e-01  3.359e-01  
9.324e-01  2.886e-01  
2.968e-01  1.008e+00  
9.352e-01  2.793e-01  
1.101e+00  8.225e-02  
8.493e-02  1.081e+00  
4.921e-01  8.812e-01  
7.011e-02  1.122e+00  
1.169e-01  1.067e+00  
8.493e-01  4.915e-01  
6.057e-01  7.452e-01  
7.753e-01  5.206e-01  
5.668e-01  8.492e-01  
4.208e-01  9.469e-01  
1.079e-01  1.065e+00  
9.151e-01  3.063e-01  
7.589e-01  5.456e-01  
1.087e+00  1.094e-01  
7.747e-01  5.473e-01  
3.195e-01  1.004e+00  
5.850e-01  7.781e-01  
4.963e-01  8.733e-01  
5.018e-02  1.136e+00  
9.011e-01  4.599e-01  
8.493e-02  1.081e+00  
7.099e-01  6.925e-01  
9.745e-01  2.657e-01  
1.121e+00  7.681e-02  
2.576e-01  1.038e+00  
1.080e+00  1.186e-01  
1.002e+00  1.998e-01  
6.129e-01  7.592e-01  
9.750e-01  2.347e-01  
9.207e-01  3.102e-01  
2.824e-01  1.011e+00  
9.622e-01  2.386e-01  
1.455e-01  1.056e+00  
9.278e-01  3.150e-01  
7.373e-01  6.092e-01  
5.850e-01  7.781e-01  
9.442e-01  2.710e-01  
3.446e-01  9.950e-01  
8.771e-01  4.705e-01  
4.810e-01  8.819e-01  
6.781e-01  7.002e-01  
6.611e-02  1.099e+00  
1.468e-01  1.057e+00  
9.675e-01  2.403e-01  
8.002e-01  5.052e-01  
1.101e+00  8.165e-02  
8.520e-01  4.711e-01  
4.921e-01  8.812e-01  
6.304e-01  7.274e-01  
7.557e-01  5.668e-01  
6.148e-01  7.552e-01  
7.880e-01  5.295e-01  
1.079e-01  1.065e+00  
1.000e-01  1.117e+00  
5.708e-01  8.402e-01  
7.767e-01  5.426e-01  
3.963e-01  1.015e+00  
9.324e-01  2.886e-01  
1.103e+00  7.803e-02  
5.455e-02  1.128e+00  
1.120e+00  8.385e-02  
4.889e-01  8.808e-01  
6.386e-01  7.193e-01  
9.061e-01  4.409e-01  
4.478e-01  9.009e-01  
7.373e-01  6.092e-01  
1.116e-01  1.055e+00  
1.483e-01  1.054e+00  
7.589e-01  5.456e-01  
1.312e-01  1.064e+00  
9.020e-01  3.754e-01  
1.093e+00  9.518e-02  
5.455e-02  1.128e+00  
7.200e-01  6.964e-01  
9.496e-01  2.884e-01  
9.324e-01  2.760e-01  
5.900e-01  7.849e-01  
3.195e-01  1.004e+00  
4.979e-01  8.717e-01  
5.888e-01  7.741e-01  
4.179e-01  9.468e-01  
1.103e+00  7.803e-02  
2.773e-01  1.018e+00  
1.074e+00  1.689e-01  
5.652e-02  1.169e+00  
1.081e+00  1.344e-01  
1.117e+00  6.512e-02  
2.889e-01  1.006e+00  
1.077e+00  1.090e-01  
3.010e-01  1.003e+00  
9.324e-01  2.886e-01  
5.539e-02  1.182e+00  
1.087e+00  1.045e-01  
5.571e-01  8.621e-01  
1.128e+00  6.551e-02  
4.815e-01  8.844e-01  
1.124e+00  7.967e-02  
2.123e-01  1.068e+00  
1.079e-01  1.065e+00  
1.233e-01  1.058e+00  
1.120e+00  5.751e-02  
1.036e+00  1.831e-01  
1.112e+00  4.963e-02  
4.889e-01  8.808e-01  
9.515e-01  2.533e-01  
2.980e-01  9.941e-01  
7.946e-02  1.106e+00  
9.159e-01  3.359e-01  
9.358e-01  2.949e-01  
6.322e-01  7.364e-01  
6.129e-01  7.592e-01  
5.977e-01  7.771e-01  
3.446e-01  9.950e-01  
7.557e-01  5.668e-01  
1.482e-01  1.057e+00  
4.123e-01  9.275e-01  
4.552e-01  8.960e-01  
9.610e-01  2.524e-01  
6.322e-01  7.364e-01  
7.391e-01  5.949e-01  
3.187e-01  9.946e-01  
8.588e-01  4.756e-01  
1.169e-01  1.067e+00  
2.753e-01  1.008e+00  
7.391e-01  5.949e-01  
9.061e-01  4.409e-01  
8.960e-01  3.901e-01  
2.518e-01  1.198e+00  
8.015e-01  5.162e-01  
2.510e-01  1.055e+00  
6.319e-01  7.357e-01  
5.605e-01  9.144e-01  
6.129e-01  7.592e-01  
7.743e-01  5.399e-01  
1.101e+00  8.225e-02  
8.015e-01  5.162e-01  
7.099e-01  6.925e-01  
9.081e-01  4.578e-01  
5.018e-02  1.136e+00  
7.747e-01  5.473e-01  
6.531e-02  1.128e+00  
8.015e-01  5.162e-01  
1.681e-01  1.049e+00  
6.386e-01  7.193e-01  
1.468e-01  1.057e+00  
7.429e-01  5.851e-01  
9.442e-01  2.710e-01  
4.553e-01  8.892e-01  
6.452e-01  7.170e-01  
6.281e-01  7.271e-01  
9.933e-01  2.170e-01  
9.987e-01  2.256e-01  
3.963e-01  1.015e+00  
6.129e-01  7.518e-01  
7.512e-01  5.614e-01  
6.148e-01  7.552e-01  
5.850e-01  7.781e-01  
7.880e-01  5.295e-01  
6.654e-01  7.110e-01  
6.588e-01  7.048e-01  
1.099e+00  7.584e-02  
9.987e-01  2.256e-01  
5.888e-01  7.741e-01  
9.142e-01  3.078e-01  
6.028e-01  7.643e-01  
1.731e-01  1.057e+00  
8.002e-01  5.052e-01  
4.286e-01  9.233e-01  
7.317e-01  6.307e-01  
1.077e+00  1.090e-01  
4.553e-01  8.892e-01  
8.960e-01  3.901e-01  
7.811e-01  5.411e-01  
1.052e-01  1.092e+00  
9.370e-01  2.674e-01  
6.183e-02  1.093e+00  
1.087e+00  1.094e-01  
9.159e-01  3.359e-01  
7.557e-01  5.668e-01  
3.010e-01  1.003e+00  
7.200e-01  6.964e-01  
1.103e+00  7.803e-02  
9.352e-01  2.793e-01  
9.370e-01  2.674e-01  
9.262e-01  2.955e-01  
1.116e-01  1.055e+00  
3.625e-01  9.899e-01  
2.743e-01  1.013e+00  
1.079e-01  1.065e+00  
9.745e-01  2.657e-01  
1.125e+00  6.767e-02  
2.576e-01  1.038e+00  
2.576e-01  1.038e+00  
2.824e-01  1.011e+00  
4.527e-01  8.947e-01  
1.233e-01  1.058e+00  
9.999e-01  2.269e-01  
1.073e+00  1.677e-01  
5.510e-02  1.131e+00  
6.281e-01  7.271e-01  
9.278e-01  3.150e-01  
9.526e-01  2.615e-01  
5.571e-01  8.621e-01  
7.946e-02  1.106e+00  
9.133e-02  1.083e+00  
9.045e-01  4.194e-01  
5.926e-02  1.129e+00  
7.545e-02  1.126e+00  
1.124e+00  7.967e-02  
2.824e-01  1.011e+00  
1.088e+00  8.900e-02  
9.843e-01  2.237e-01  
4.130e-01  9.759e-01  
1.090e+00  1.069e-01  
4.553e-01  8.892e-01  
6.798e-02  1.111e+00  
1.087e+00  1.094e-01  
1.083e+00  1.061e-01  
6.531e-02  1.128e+00  
9.718e-01  2.691e-01  
1.103e+00  7.803e-02  
1.121e+00  7.681e-02  
1.099e+00  7.584e-02  
1.125e+00  5.878e-02  
4.188e-01  9.720e-01  
1.125e+00  7.446e-02  
9.299e-01  2.972e-01  
9.407e-01  2.734e-01  
9.845e-01  2.123e-01  
5.018e-02  1.136e+00  
7.416e-01  5.938e-01  
1.072e+00  1.522e-01  
9.789e-01  2.244e-01  
9.379e-01  2.680e-01  
7.545e-02  1.126e+00  
4.481e-01  8.927e-01  
8.844e-02  1.083e+00  
3.446e-01  9.950e-01  
7.324e-01  6.468e-01  
5.900e-01  7.849e-01  
3.963e-01  1.015e+00  
9.675e-01  2.403e-01  
1.455e-01  1.056e+00  
3.313e-01  9.987e-01  
9.407e-01  2.734e-01  
7.946e-02  1.106e+00  
1.052e-01  1.076e+00  
4.553e-01  8.892e-01  
8.771e-01  4.705e-01  
9.358e-01  2.949e-01  
2.279e-01  1.091e+00  
5.510e-02  1.131e+00  
1.081e+00  1.344e-01  
2.323e-01  1.063e+00  
8.844e-02  1.083e+00  
7.011e-02  1.122e+00  
7.557e-01  5.668e-01  
7.416e-01  5.938e-01  
1.482e-01  1.057e+00  
9.159e-01  3.359e-01  
9.118e-01  4.756e-01  
6.319e-01  7.357e-01  
6.386e-01  7.193e-01  
4.889e-01  8.808e-01  
8.526e-01  4.780e-01  
6.950e-01  6.932e-01  
6.228e-02  1.125e+00  
6.129e-01  7.518e-01  
9.020e-01  3.754e-01  
7.512e-01  5.614e-01  
6.315e-01  7.230e-01  
7.747e-01  5.473e-01  
5.510e-02  1.131e+00  
6.132e-01  7.482e-01  
7.668e-01  5.384e-01  
6.654e-01  7.110e-01  
1.169e-01  1.067e+00  
4.921e-01  8.812e-01  
7.811e-01  5.411e-01  
9.509e-01  2.549e-01  
1.052e-01  1.092e+00  
7.385e-01  5.987e-01  
7.557e-01  5.668e-01  
9.020e-01  3.754e-01  
4.188e-01  9.720e-01  
8.140e-01  5.160e-01  
8.090e-01  4.967e-01  
8.464e-01  4.930e-01  
4.889e-01  8.808e-01  
1.080e+00  1.186e-01  
4.815e-01  8.844e-01  
1.116e-01  1.055e+00  
1.087e+00  1.094e-01  
9.159e-01  3.359e-01  
9.718e-01  2.691e-01  
1.116e-01  1.055e+00  
7.391e-01  5.949e-01  
6.694e-01  7.021e-01  
6.452e-01  7.170e-01  
2.522e-01  1.056e+00  
4.096e-01  9.531e-01  
5.900e-01  7.849e-01  
8.588e-01  4.756e-01  
1.081e+00  1.344e-01  
6.319e-01  7.357e-01  
2.980e-01  9.941e-01  
9.745e-01  2.657e-01  
4.349e-01  9.127e-01  
8.229e-01  4.836e-01  
8.960e-01  3.901e-01  
3.585e-01  9.957e-01  
9.919e-01  2.029e-01  
2.561e-01  1.034e+00  
8.139e-01  5.067e-01  
2.890e-01  1.006e+00  
7.391e-01  5.949e-01  
7.512e-01  5.614e-01  
2.889e-01  1.006e+00  
2.753e-01  1.008e+00  
9.999e-01  2.269e-01  
6.132e-01  7.482e-01  
5.889e-01  7.768e-01  
9.061e-01  4.409e-01  
6.148e-01  7.552e-01  
6.057e-01  7.452e-01  
6.168e-01  7.307e-01  
1.129e-01  1.055e+00  
6.386e-01  7.193e-01  
6.386e-01  7.193e-01  
6.531e-02  1.128e+00  
6.041e-01  7.493e-01  
4.810e-01  8.819e-01  
9.566e-01  2.489e-01  
8.055e-01  5.080e-01  
8.398e-01  4.783e-01  
9.442e-01  2.710e-01  
6.281e-01  7.271e-01  
4.810e-01  8.819e-01  
4.552e-01  8.960e-01  
7.594e-01  5.500e-01  
9.370e-01  2.674e-01  
8.464e-01  4.930e-01  
9.352e-01  2.793e-01  
3.493e-01  1.002e+00  
1.101e+00  8.165e-02  
1.161e-01  1.066e+00  
8.771e-01  4.705e-01  
7.668e-01  5.384e-01  
5.668e-01  8.492e-01  
7.833e-01  5.385e-01  
9.347e-02  1.074e+00  
7.429e-01  5.851e-01  
6.148e-01  7.552e-01  
8.464e-01  4.930e-01  
1.103e+00  7.803e-02  
9.361e-01  3.004e-01  
8.223e-01  4.921e-01  
2.445e-01  1.051e+00  
5.135e-02  1.139e+00  
6.322e-01  7.364e-01  
9.987e-01  2.256e-01  
6.142e-01  7.376e-01  
1.074e+00  1.689e-01  
5.652e-02  1.169e+00  
1.112e+00  4.963e-02  
7.753e-01  5.206e-01  
4.366e-01  9.018e-01  
9.180e-01  3.119e-01  
5.018e-02  1.136e+00  
1.087e+00  1.094e-01  
9.933e-01  2.170e-01  
6.183e-02  1.093e+00  
4.527e-01  8.947e-01  
6.244e-01  7.305e-01  
6.113e-01  7.445e-01  
1.072e+00  1.522e-01  
9.987e-01  2.256e-01  
2.576e-01  1.038e+00  
9.379e-01  2.680e-01  
9.324e-01  2.886e-01  
6.129e-01  7.592e-01  
7.373e-01  6.092e-01  
4.553e-01  8.892e-01  
5.850e-01  7.781e-01  
7.594e-01  5.500e-01  
2.518e-01  1.198e+00  
9.358e-01  2.949e-01  
3.585e-01  9.957e-01  
1.075e+00  1.385e-01  
4.635e-01  8.941e-01  
7.354e-01  6.501e-01  
6.132e-01  7.482e-01  
2.890e-01  1.006e+00  
3.334e-01  1.003e+00  
7.391e-01  5.949e-01  
8.900e-01  3.923e-01  
9.180e-01  3.119e-01  
5.708e-01  8.402e-01  
9.081e-01  4.578e-01  
9.370e-01  2.674e-01  
1.052e-01  1.092e+00  
9.278e-01  3.150e-01  
1.072e+00  1.522e-01  
2.667e-01  1.025e+00  
2.576e-01  1.038e+00  
4.481e-01  8.927e-01  
6.386e-01  7.193e-01  
3.334e-01  1.003e+00  
2.743e-01  1.013e+00  
4.777e-01  9.063e-01  
4.481e-01  8.927e-01  
7.391e-01  5.949e-01  
9.352e-01  2.793e-01  
1.233e-01  1.058e+00  
9.987e-01  2.256e-01  
6.800e-01  7.034e-01  
9.133e-02  1.083e+00  
1.052e-01  1.092e+00  
9.142e-01  3.078e-01  
2.980e-01  9.941e-01  
2.633e-01  1.023e+00  
4.481e-01  8.927e-01  
1.124e+00  7.967e-02  
1.075e+00  1.385e-01  
4.481e-01  8.927e-01  
1.121e+00  7.681e-02  
7.880e-01  5.295e-01  
4.366e-01  9.018e-01  
1.072e+00  1.522e-01  
3.313e-01  9.987e-01  
6.183e-02  1.093e+00  
1.100e+00  7.571e-02  
3.446e-01  9.950e-01  
1.509e-01  1.052e+00  
9.718e-01  2.691e-01  
1.087e+00  1.045e-01  
9.083e-01  3.414e-01  
1.074e+00  1.689e-01  
1.106e+00  8.762e-02  
2.753e-01  1.008e+00  
2.841e-01  1.018e+00  
9.358e-01  2.949e-01  
9.159e-01  3.359e-01  
1.114e+00  8.995e-02  
7.880e-01  5.295e-01  
9.358e-01  2.949e-01  
9.370e-01  2.674e-01  
1.099e+00  7.584e-02  
1.114e+00  8.995e-02  
1.135e-01  1.057e+00  
2.606e-01  1.034e+00  
9.324e-01  2.886e-01  
1.482e-01  1.057e+00  
1.088e+00  8.900e-02  
4.921e-01  8.812e-01  
8.493e-02  1.081e+00  
5.571e-01  8.621e-01  
1.169e-01  1.067e+00  
2.824e-01  1.011e+00  
5.510e-02  1.131e+00  
1.073e+00  1.677e-01  
1.124e+00  7.967e-02  
1.100e+00  7.571e-02  
1.116e-01  1.055e+00  
5.652e-02  1.169e+00  
1.102e+00  8.711e-02  
1.731e-01  1.057e+00  
1.081e+00  1.344e-01  
1.112e+00  8.029e-02  
1.092e+00  1.076e-01  
5.398e-02  1.132e+00  
1.124e+00  7.967e-02  
5.926e-02  1.129e+00  
1.099e+00  7.584e-02  
1.103e+00  7.803e-02  
1.482e-01  1.057e+00  
9.718e-01  2.691e-01  
1.101e+00  8.165e-02  
1.468e-01  1.057e+00  
1.121e+00  7.681e-02  
1.092e+00  1.076e-01  
9.675e-01  2.403e-01  
6.318e-02  1.167e+00  
1.082e+00  1.115e-01  
1.081e+00  1.344e-01  
1.125e+00  5.878e-02  
1.101e+00  8.165e-02  
4.777e-01  9.063e-01  
1.550e-01  1.051e+00  
1.124e+00  7.967e-02  
7.946e-02  1.106e+00  
1.079e-01  1.065e+00  
6.318e-02  1.167e+00  
9.379e-01  2.680e-01  
1.080e+00  1.186e-01  
1.620e-01  1.053e+00  
9.407e-01  2.734e-01  
1.125e+00  5.878e-02  
4.182e-01  9.233e-01  
4.445e-01  9.982e-01  
5.186e-01  8.725e-01  
7.767e-01  5.426e-01  
1.075e+00  1.385e-01  
5.926e-02  1.129e+00  
3.334e-01  1.003e+00  
1.077e+00  1.090e-01  
9.933e-01  2.170e-01  
1.409e-01  1.075e+00  
1.106e+00  7.005e-02  
7.753e-01  5.206e-01  
6.132e-01  7.482e-01  
1.101e+00  8.165e-02  
9.407e-01  2.734e-01  
9.352e-01  2.793e-01  
5.195e-01  8.704e-01  
4.553e-01  8.892e-01  
6.534e-02  1.118e+00  
6.228e-02  1.125e+00  
3.313e-01  9.987e-01  
3.306e-01  1.075e+00  
5.850e-01  7.781e-01  
7.849e-01  5.312e-01  
6.148e-01  7.552e-01  
1.074e+00  1.689e-01  
6.148e-01  7.552e-01  
7.557e-01  5.668e-01  
1.120e+00  8.385e-02  
1.482e-01  1.057e+00  
9.324e-01  2.886e-01  
4.815e-01  8.844e-01  
5.571e-01  8.621e-01  
1.099e+00  7.584e-02  
6.433e-01  7.204e-01  
2.606e-01  1.034e+00  
4.481e-01  8.927e-01  
4.963e-01  8.733e-01  
8.864e-01  4.586e-01  
2.743e-01  1.013e+00  
6.281e-01  7.271e-01  
1.110e+00  5.917e-02  
1.071e+00  2.682e-01  
4.921e-01  8.812e-01  
1.121e+00  7.681e-02  
9.133e-02  1.083e+00  
8.139e-01  5.067e-01  
6.588e-01  7.048e-01  
2.576e-01  1.038e+00  
8.892e-01  4.011e-01  
1.085e+00  9.488e-02  
1.100e+00  7.571e-02  
7.099e-01  6.925e-01  
1.129e-01  1.055e+00  
7.099e-01  6.925e-01  
4.582e-01  8.944e-01  
5.926e-02  1.129e+00  
7.011e-02  1.122e+00  
7.502e-01  5.743e-01  
9.180e-01  3.119e-01  
8.464e-01  4.930e-01  
5.455e-02  1.128e+00  
5.652e-02  1.169e+00  
7.512e-01  5.614e-01  
7.391e-01  5.949e-01  
9.180e-01  3.119e-01  
2.753e-01  1.008e+00  
6.781e-01  7.002e-01  
