3.077e-03  1.060e+00  
9.999e-01  2.606e-04  
4.527e-01  4.426e-01  
7.024e-01  2.094e-01  
2.500e-01  7.930e-01  
5.910e-01  3.345e-01  
3.083e-02  1.001e+00  
3.052e-01  5.541e-01  
8.784e-01  9.696e-02  
9.402e-01  5.195e-02  
3.257e-02  9.970e-01  
4.851e-01  3.704e-01  
6.256e-01  2.854e-01  
3.090e-01  6.473e-01  
3.792e-01  4.924e-01  
7.355e-01  1.693e-01  
2.138e-01  8.938e-01  
2.798e-02  1.006e+00  
5.876e-01  2.945e-01  
8.259e-01  1.560e-01  
3.210e-01  6.398e-01  
4.457e-01  4.066e-01  
4.199e-01  4.375e-01  
8.933e-01  1.297e-01  
4.864e-01  3.465e-01  
9.898e-01  2.818e-02  
2.989e-01  7.638e-01  
7.693e-03  1.032e+00  
3.909e-01  5.552e-01  
3.257e-02  9.970e-01  
6.370e-01  2.242e-01  
6.891e-01  1.923e-01  
2.778e-01  8.784e-01  
7.268e-01  1.844e-01  
9.465e-01  4.428e-02  
3.329e-02  9.936e-01  
3.073e-01  6.385e-01  
7.813e-02  9.899e-01  
6.433e-02  9.871e-01  
5.483e-01  3.052e-01  
3.992e-01  4.986e-01  
5.181e-01  3.286e-01  
3.515e-01  5.380e-01  
2.879e-01  6.871e-01  
2.013e-01  9.327e-01  
6.795e-01  2.112e-01  
5.106e-01  3.078e-01  
9.512e-01  4.458e-02  
4.957e-01  4.034e-01  
2.681e-01  7.478e-01  
4.277e-01  4.065e-01  
3.312e-01  5.731e-01  
3.192e-03  1.059e+00  
6.081e-01  2.792e-01  
7.048e-02  9.886e-01  
4.329e-01  4.261e-01  
6.437e-01  2.571e-01  
9.996e-01  2.350e-03  
2.267e-01  8.502e-01  
9.091e-01  9.547e-02  
8.135e-01  1.399e-01  
3.515e-01  5.380e-01  
8.031e-01  1.533e-01  
7.044e-01  2.098e-01  
2.181e-01  8.744e-01  
7.703e-01  1.574e-01  
6.226e-02  9.934e-01  
6.700e-01  2.406e-01  
4.437e-01  4.200e-01  
4.621e-01  3.720e-01  
7.328e-01  1.974e-01  
2.398e-01  8.226e-01  
6.231e-01  2.982e-01  
3.265e-01  5.664e-01  
4.188e-01  4.597e-01  
5.198e-02  9.871e-01  
9.314e-02  9.863e-01  
7.555e-01  1.770e-01  
5.514e-01  3.171e-01  
1.000e+00  4.217e-04  
5.483e-01  3.052e-01  
3.098e-01  6.164e-01  
4.110e-01  4.416e-01  
5.193e-01  3.451e-01  
4.067e-01  4.762e-01  
5.514e-01  3.171e-01  
2.013e-01  9.327e-01  
3.083e-02  1.001e+00  
3.636e-01  5.306e-01  
4.848e-01  3.484e-01  
2.879e-01  6.871e-01  
6.700e-01  2.406e-01  
9.862e-01  3.882e-02  
2.770e-02  1.020e+00  
8.933e-01  1.297e-01  
3.159e-01  6.779e-01  
4.067e-01  4.762e-01  
6.200e-01  2.972e-01  
3.121e-01  6.059e-01  
4.437e-01  4.200e-01  
3.257e-02  9.970e-01  
7.923e-02  1.001e+00  
5.237e-01  3.879e-01  
7.813e-02  9.899e-01  
6.700e-01  2.406e-01  
8.135e-01  1.399e-01  
2.354e-02  9.911e-01  
4.264e-01  4.240e-01  
6.370e-01  2.242e-01  
7.109e-01  1.816e-01  
3.945e-01  5.025e-01  
2.355e-01  8.004e-01  
3.312e-01  5.731e-01  
3.636e-01  5.306e-01  
3.052e-01  5.541e-01  
8.764e-01  8.946e-02  
2.019e-01  8.805e-01  
7.891e-01  1.547e-01  
3.192e-03  1.059e+00  
8.973e-01  1.203e-01  
9.757e-01  2.005e-02  
2.673e-01  7.474e-01  
9.569e-01  6.109e-02  
2.207e-01  8.802e-01  
7.033e-01  2.076e-01  
4.122e-03  1.058e+00  
9.078e-01  8.687e-02  
3.359e-01  5.627e-01  
9.405e-01  8.429e-02  
3.350e-01  5.438e-01  
9.385e-01  6.069e-02  
7.923e-02  1.001e+00  
1.104e-01  9.917e-01  
7.180e-02  9.897e-01  
9.995e-01  2.955e-03  
8.746e-01  1.285e-01  
9.979e-01  1.047e-02  
2.824e-01  6.975e-01  
7.374e-01  1.772e-01  
2.989e-01  7.638e-01  
2.448e-02  1.013e+00  
5.960e-01  2.592e-01  
6.795e-01  2.606e-01  
3.052e-01  5.541e-01  
3.944e-01  4.909e-01  
4.199e-01  4.375e-01  
2.398e-01  8.226e-01  
5.591e-01  3.511e-01  
1.104e-01  9.917e-01  
3.159e-01  6.779e-01  
3.193e-01  5.377e-01  
7.555e-01  1.770e-01  
3.312e-01  5.731e-01  
4.277e-01  4.065e-01  
2.505e-01  8.385e-01  
6.231e-01  2.982e-01  
1.970e-01  9.174e-01  
2.861e-01  6.498e-01  
4.957e-01  4.034e-01  
5.686e-01  3.226e-01  
6.294e-01  2.516e-01  
3.164e-01  5.982e-01  
5.358e-01  3.180e-01  
2.027e-01  8.925e-01  
3.767e-01  4.758e-01  
3.812e-01  5.820e-01  
3.515e-01  5.380e-01  
5.295e-01  3.370e-01  
9.898e-01  2.818e-02  
5.358e-01  3.180e-01  
4.264e-01  4.240e-01  
5.106e-01  3.078e-01  
1.228e-02  1.039e+00  
4.709e-01  3.520e-01  
2.770e-02  1.020e+00  
5.910e-01  3.345e-01  
6.309e-02  9.884e-01  
4.188e-01  4.597e-01  
1.064e-01  9.830e-01  
4.857e-01  3.959e-01  
6.370e-01  2.242e-01  
3.052e-01  5.541e-01  
4.437e-01  4.200e-01  
4.110e-01  4.416e-01  
8.084e-01  1.444e-01  
7.578e-01  1.687e-01  
2.771e-01  8.080e-01  
3.999e-01  4.687e-01  
5.542e-01  3.214e-01  
3.717e-01  5.261e-01  
4.437e-01  4.200e-01  
5.106e-01  3.078e-01  
4.382e-01  4.294e-01  
4.188e-01  4.597e-01  
9.457e-01  4.956e-02  
6.865e-01  1.973e-01  
3.515e-01  5.380e-01  
6.763e-01  2.259e-01  
3.515e-01  5.380e-01  
9.314e-02  9.863e-01  
5.106e-01  3.078e-01  
3.066e-01  6.437e-01  
4.264e-01  4.240e-01  
9.091e-01  9.547e-02  
3.159e-01  6.779e-01  
6.210e-01  2.740e-01  
4.930e-01  3.907e-01  
2.770e-02  1.020e+00  
7.802e-01  1.706e-01  
2.084e-02  9.978e-01  
9.306e-01  6.219e-02  
6.968e-01  1.869e-01  
5.873e-01  2.815e-01  
2.397e-01  8.409e-01  
4.264e-01  4.240e-01  
9.402e-01  5.195e-02  
6.968e-01  1.869e-01  
6.763e-01  2.259e-01  
6.931e-01  1.920e-01  
8.841e-02  9.960e-01  
2.687e-01  7.364e-01  
2.778e-01  8.784e-01  
1.989e-01  9.523e-01  
6.763e-01  2.259e-01  
9.936e-01  1.175e-02  
2.778e-01  8.784e-01  
2.798e-02  1.006e+00  
2.105e-01  8.737e-01  
3.073e-01  6.385e-01  
8.231e-02  9.876e-01  
8.259e-01  1.560e-01  
8.784e-01  9.696e-02  
4.122e-03  1.058e+00  
3.636e-01  5.306e-01  
7.044e-01  2.098e-01  
7.267e-01  1.941e-01  
3.510e-01  5.375e-01  
4.589e-02  9.869e-01  
1.064e-01  9.830e-01  
5.960e-01  2.592e-01  
2.770e-02  1.020e+00  
5.521e-02  9.868e-01  
9.078e-01  8.687e-02  
2.229e-01  8.607e-01  
8.175e-01  1.321e-01  
7.703e-01  1.574e-01  
2.879e-01  6.871e-01  
9.405e-01  8.429e-02  
3.052e-01  5.541e-01  
4.122e-03  1.058e+00  
8.135e-01  1.399e-01  
8.973e-01  1.203e-01  
8.912e-03  1.034e+00  
7.328e-01  1.974e-01  
9.405e-01  8.429e-02  
9.996e-01  2.350e-03  
9.813e-01  3.467e-02  
9.995e-01  3.183e-03  
3.052e-01  5.541e-01  
9.995e-01  3.183e-03  
6.968e-01  1.869e-01  
7.328e-01  1.974e-01  
8.407e-01  1.229e-01  
3.192e-03  1.059e+00  
4.414e-01  4.268e-01  
8.716e-01  1.086e-01  
7.843e-01  1.492e-01  
7.270e-01  1.844e-01  
3.257e-02  9.970e-01  
3.370e-01  5.944e-01  
2.947e-02  1.003e+00  
2.778e-01  8.784e-01  
4.264e-01  4.240e-01  
3.264e-01  5.029e-01  
3.265e-01  5.664e-01  
7.749e-01  1.674e-01  
1.104e-01  9.917e-01  
2.505e-01  7.862e-01  
6.090e-01  2.446e-01  
8.841e-02  9.960e-01  
5.198e-02  9.871e-01  
2.989e-01  7.638e-01  
6.231e-01  2.982e-01  
6.700e-01  2.406e-01  
2.771e-01  8.080e-01  
1.173e-02  1.005e+00  
9.120e-01  8.840e-02  
7.923e-02  1.001e+00  
1.228e-02  1.039e+00  
9.314e-02  9.863e-01  
5.181e-01  3.286e-01  
4.881e-01  3.631e-01  
8.231e-02  9.876e-01  
5.951e-01  2.720e-01  
5.525e-01  3.005e-01  
3.944e-01  4.909e-01  
4.199e-01  4.375e-01  
3.098e-01  6.164e-01  
6.131e-01  2.854e-01  
4.295e-01  5.157e-01  
1.228e-02  1.039e+00  
3.647e-01  4.859e-01  
6.476e-01  2.672e-01  
4.930e-01  3.907e-01  
4.155e-01  4.768e-01  
4.957e-01  4.034e-01  
3.192e-03  1.059e+00  
3.961e-01  5.420e-01  
5.316e-01  3.726e-01  
4.188e-01  4.597e-01  
2.778e-01  8.784e-01  
2.785e-01  6.651e-01  
4.814e-01  4.102e-01  
8.117e-01  1.542e-01  
7.180e-02  9.897e-01  
4.726e-01  3.959e-01  
5.514e-01  3.171e-01  
5.730e-01  2.834e-01  
2.832e-01  6.945e-01  
5.542e-01  3.214e-01  
5.388e-01  3.388e-01  
5.514e-01  3.171e-01  
3.073e-01  6.385e-01  
8.948e-01  1.320e-01  
3.164e-01  5.982e-01  
6.929e-02  9.888e-01  
9.078e-01  8.687e-02  
5.960e-01  2.592e-01  
6.795e-01  2.112e-01  
5.198e-02  9.871e-01  
4.833e-01  4.234e-01  
4.110e-01  4.416e-01  
4.110e-01  4.416e-01  
9.542e-02  1.002e+00  
2.847e-01  6.498e-01  
3.829e-01  5.786e-01  
5.686e-01  3.226e-01  
8.657e-01  1.018e-01  
4.067e-01  4.762e-01  
2.687e-01  7.364e-01  
6.700e-01  2.406e-01  
3.159e-01  6.779e-01  
4.857e-01  3.959e-01  
5.711e-01  3.253e-01  
2.879e-01  6.871e-01  
8.074e-01  1.455e-01  
2.026e-01  8.911e-01  
5.295e-01  3.370e-01  
2.395e-01  8.248e-01  
4.314e-01  4.047e-01  
5.237e-01  3.879e-01  
2.386e-01  8.737e-01  
2.681e-01  7.478e-01  
7.706e-01  1.470e-01  
3.961e-01  5.420e-01  
3.672e-01  4.997e-01  
5.951e-01  2.720e-01  
3.292e-01  5.320e-01  
3.717e-01  5.261e-01  
3.992e-01  4.986e-01  
7.813e-02  9.899e-01  
4.321e-01  4.121e-01  
4.382e-01  4.294e-01  
3.263e-02  1.013e+00  
3.701e-01  4.915e-01  
3.370e-01  5.944e-01  
7.555e-01  1.770e-01  
5.072e-01  3.242e-01  
5.483e-01  3.052e-01  
6.370e-01  2.242e-01  
3.264e-01  5.029e-01  
3.193e-01  5.377e-01  
3.073e-01  6.385e-01  
5.542e-01  3.214e-01  
6.914e-01  2.865e-01  
5.181e-01  3.286e-01  
7.118e-01  1.811e-01  
2.989e-01  7.638e-01  
9.340e-01  6.931e-02  
5.983e-03  9.997e-01  
6.231e-01  2.982e-01  
5.591e-01  3.511e-01  
3.812e-01  5.820e-01  
5.181e-01  3.286e-01  
7.923e-02  1.001e+00  
4.824e-01  4.137e-01  
3.521e-01  5.091e-01  
4.845e-01  3.552e-01  
9.405e-01  8.429e-02  
6.865e-01  2.287e-01  
5.542e-01  3.214e-01  
2.013e-01  9.327e-01  
4.122e-03  1.058e+00  
3.193e-01  5.377e-01  
7.978e-01  1.510e-01  
3.944e-01  4.909e-01  
7.703e-01  1.574e-01  
8.912e-03  1.034e+00  
9.936e-01  1.175e-02  
5.072e-01  3.242e-01  
2.950e-01  6.689e-01  
6.918e-01  1.934e-01  
3.257e-02  9.970e-01  
8.266e-01  1.270e-01  
8.031e-01  1.533e-01  
2.947e-02  1.003e+00  
3.147e-01  5.377e-01  
3.944e-01  4.909e-01  
4.369e-01  4.716e-01  
9.120e-01  8.840e-02  
7.666e-01  1.712e-01  
2.142e-01  9.131e-01  
6.968e-01  1.869e-01  
6.979e-01  1.977e-01  
3.359e-01  5.627e-01  
4.278e-01  4.035e-01  
3.370e-01  5.944e-01  
4.655e-01  4.573e-01  
4.881e-01  3.491e-01  
2.667e-01  7.849e-01  
6.917e-01  2.033e-01  
2.681e-01  7.478e-01  
9.078e-01  8.687e-02  
3.143e-01  5.222e-01  
4.110e-01  4.416e-01  
3.944e-01  4.909e-01  
2.207e-01  8.802e-01  
2.398e-01  8.226e-01  
4.945e-01  3.673e-01  
5.951e-01  2.720e-01  
6.885e-01  2.293e-01  
3.435e-01  5.280e-01  
5.951e-01  2.720e-01  
6.271e-01  2.684e-01  
2.770e-02  1.020e+00  
6.612e-01  2.340e-01  
9.120e-01  8.840e-02  
2.207e-01  8.802e-01  
1.989e-01  9.523e-01  
3.239e-01  5.778e-01  
4.013e-01  4.612e-01  
2.505e-01  8.385e-01  
2.207e-01  8.802e-01  
3.265e-01  5.664e-01  
3.169e-01  5.144e-01  
4.957e-01  4.034e-01  
7.033e-01  2.076e-01  
6.226e-02  9.934e-01  
8.259e-01  1.560e-01  
4.126e-01  4.178e-01  
2.354e-02  9.911e-01  
1.104e-01  9.917e-01  
6.931e-01  1.920e-01  
2.847e-01  6.498e-01  
2.142e-01  9.131e-01  
3.210e-01  6.398e-01  
9.858e-01  2.098e-02  
9.302e-01  9.800e-02  
3.098e-01  6.164e-01  
9.995e-01  3.183e-03  
5.591e-01  3.511e-01  
3.098e-01  6.164e-01  
9.107e-01  1.086e-01  
2.355e-01  8.004e-01  
2.141e-02  1.006e+00  
9.996e-01  2.350e-03  
2.673e-01  7.474e-01  
7.923e-02  1.001e+00  
6.968e-01  1.869e-01  
9.583e-01  5.075e-02  
7.209e-01  1.974e-01  
8.753e-01  1.431e-01  
9.862e-01  3.882e-02  
2.778e-01  8.784e-01  
2.398e-01  8.226e-01  
7.044e-01  2.098e-01  
5.873e-01  2.815e-01  
9.824e-01  1.859e-02  
5.181e-01  3.286e-01  
6.968e-01  1.869e-01  
7.678e-01  1.719e-01  
9.414e-01  5.126e-02  
9.997e-01  1.548e-03  
3.257e-02  9.970e-01  
2.071e-01  9.124e-01  
7.118e-01  1.811e-01  
9.919e-02  9.912e-01  
8.499e-01  1.318e-01  
2.950e-01  6.689e-01  
6.123e-02  1.003e+00  
3.350e-01  5.438e-01  
5.983e-03  9.997e-01  
2.441e-01  8.326e-01  
2.354e-02  9.911e-01  
8.933e-01  1.297e-01  
9.862e-01  3.882e-02  
9.936e-01  1.175e-02  
6.226e-02  9.934e-01  
3.176e-03  1.271e+00  
8.933e-01  1.297e-01  
9.542e-02  1.002e+00  
1.000e+00  4.217e-04  
9.625e-01  3.825e-02  
1.000e+00  4.217e-04  
2.448e-02  1.013e+00  
9.599e-01  2.926e-02  
1.512e-02  1.007e+00  
9.996e-01  2.350e-03  
9.465e-01  4.428e-02  
6.226e-02  9.934e-01  
7.703e-01  1.574e-01  
9.996e-01  2.350e-03  
6.808e-02  9.864e-01  
9.702e-01  3.198e-02  
9.512e-01  4.458e-02  
8.259e-01  1.560e-01  
3.054e-02  9.968e-01  
9.282e-01  1.092e-01  
9.405e-01  8.429e-02  
9.995e-01  2.955e-03  
9.405e-01  8.429e-02  
3.435e-01  5.280e-01  
1.064e-01  9.830e-01  
9.313e-01  6.101e-02  
3.083e-02  1.001e+00  
5.983e-03  9.997e-01  
5.136e-02  9.891e-01  
6.700e-01  2.406e-01  
8.371e-01  1.263e-01  
1.104e-01  9.917e-01  
7.183e-01  1.837e-01  
9.995e-01  2.955e-03  
3.159e-01  6.779e-01  
3.017e-01  6.712e-01  
3.370e-01  5.944e-01  
5.080e-01  3.196e-01  
9.078e-01  8.687e-02  
2.770e-02  1.020e+00  
2.505e-01  7.862e-01  
9.512e-01  4.458e-02  
8.031e-01  1.533e-01  
8.547e-02  9.865e-01  
9.500e-01  3.850e-02  
5.429e-01  3.462e-01  
3.945e-01  5.025e-01  
9.995e-01  2.955e-03  
7.044e-01  2.098e-01  
7.209e-01  1.974e-01  
3.515e-01  5.380e-01  
3.001e-01  5.913e-01  
7.813e-02  9.899e-01  
2.084e-02  9.978e-01  
2.267e-01  8.502e-01  
2.398e-01  8.226e-01  
4.982e-01  3.493e-01  
5.416e-01  3.522e-01  
4.155e-01  4.768e-01  
8.175e-01  1.321e-01  
3.636e-01  5.306e-01  
5.316e-01  3.726e-01  
8.933e-01  1.297e-01  
1.075e-01  9.904e-01  
7.146e-01  1.950e-01  
3.312e-01  5.731e-01  
3.312e-01  5.731e-01  
9.579e-01  3.655e-02  
3.804e-01  4.799e-01  
2.142e-01  9.131e-01  
3.098e-01  6.164e-01  
3.073e-01  6.385e-01  
6.231e-01  2.982e-01  
2.071e-01  9.124e-01  
3.817e-01  4.771e-01  
1.000e+00  4.217e-04  
7.044e-01  2.098e-01  
2.879e-01  6.871e-01  
1.016e+00  1.486e-02  
5.021e-02  9.877e-01  
5.181e-01  3.286e-01  
4.110e-01  4.416e-01  
9.542e-02  1.002e+00  
6.200e-01  2.972e-01  
9.457e-01  4.956e-02  
9.512e-01  4.458e-02  
4.314e-01  4.047e-01  
2.947e-02  1.003e+00  
4.533e-01  4.220e-01  
3.073e-01  6.385e-01  
5.983e-03  9.997e-01  
9.919e-02  9.912e-01  
4.881e-01  3.631e-01  
6.763e-01  2.259e-01  
5.542e-01  3.214e-01  
1.189e-02  1.010e+00  
4.122e-03  1.058e+00  
4.382e-01  4.294e-01  
4.277e-01  4.065e-01  
6.370e-01  2.242e-01  
9.542e-02  1.002e+00  
4.447e-01  4.534e-01  
