3.987e-02  1.318e+00  
1.331e+00  2.671e-02  
5.713e-01  6.903e-01  
9.862e-01  3.377e-01  
3.373e-01  1.012e+00  
9.857e-01  3.314e-01  
5.258e-02  1.321e+00  
4.763e-01  7.346e-01  
1.028e+00  1.488e-01  
1.055e+00  8.508e-02  
5.015e-02  1.275e+00  
7.205e-01  6.605e-01  
9.979e-01  3.693e-01  
4.290e-01  9.125e-01  
4.984e-01  6.458e-01  
1.041e+00  2.289e-01  
2.397e-01  1.020e+00  
2.106e-01  1.282e+00  
9.899e-01  4.659e-01  
1.031e+00  1.979e-01  
4.282e-01  8.268e-01  
7.040e-01  6.476e-01  
5.209e-01  6.463e-01  
1.060e+00  1.170e-01  
7.205e-01  6.605e-01  
1.299e+00  4.835e-02  
3.136e-01  1.012e+00  
2.826e-02  1.271e+00  
4.982e-01  7.505e-01  
1.153e-01  1.291e+00  
9.910e-01  3.433e-01  
1.033e+00  2.999e-01  
2.739e-01  1.015e+00  
1.040e+00  2.552e-01  
1.185e+00  7.709e-02  
2.883e-02  1.294e+00  
4.367e-01  8.822e-01  
5.258e-02  1.321e+00  
1.153e-01  1.291e+00  
9.947e-01  3.852e-01  
4.867e-01  6.425e-01  
7.864e-01  6.098e-01  
5.006e-01  8.251e-01  
4.210e-01  9.418e-01  
1.622e-01  1.051e+00  
9.862e-01  3.377e-01  
7.475e-01  6.103e-01  
1.038e+00  8.756e-02  
7.320e-01  6.211e-01  
3.477e-01  1.016e+00  
4.588e-01  6.508e-01  
4.317e-01  8.803e-01  
3.987e-02  1.318e+00  
9.899e-01  4.659e-01  
3.332e-02  1.212e+00  
7.690e-01  6.330e-01  
1.010e+00  4.023e-01  
1.320e+00  3.137e-02  
3.099e-01  1.013e+00  
1.037e+00  1.456e-01  
1.037e+00  1.456e-01  
4.526e-01  6.596e-01  
1.034e+00  1.821e-01  
9.862e-01  3.377e-01  
2.926e-01  1.087e+00  
1.031e+00  1.733e-01  
8.824e-02  1.285e+00  
1.020e+00  3.956e-01  
6.948e-01  6.436e-01  
7.358e-01  6.177e-01  
1.028e+00  1.488e-01  
2.913e-01  1.012e+00  
9.899e-01  4.659e-01  
4.292e-01  8.066e-01  
5.109e-01  6.740e-01  
1.622e-01  1.051e+00  
5.258e-02  1.321e+00  
1.039e+00  1.731e-01  
9.981e-01  3.787e-01  
1.102e+00  8.717e-02  
1.010e+00  4.023e-01  
4.292e-01  8.066e-01  
4.526e-01  6.596e-01  
7.868e-01  6.114e-01  
5.638e-01  6.661e-01  
7.317e-01  6.131e-01  
2.089e-01  1.062e+00  
2.704e-02  1.192e+00  
4.810e-01  7.451e-01  
7.947e-01  6.092e-01  
3.265e-01  1.011e+00  
9.909e-01  3.414e-01  
1.291e+00  5.419e-02  
4.866e-02  1.295e+00  
1.037e+00  1.456e-01  
3.176e-01  1.010e+00  
5.368e-01  6.683e-01  
9.892e-01  4.564e-01  
4.290e-01  9.125e-01  
7.326e-01  6.353e-01  
3.279e-02  1.254e+00  
1.076e-01  1.265e+00  
7.358e-01  6.177e-01  
1.153e-01  1.291e+00  
9.933e-01  4.162e-01  
1.029e+00  1.478e-01  
3.473e-02  1.248e+00  
5.762e-01  6.772e-01  
9.945e-01  3.805e-01  
1.034e+00  1.821e-01  
4.912e-01  7.200e-01  
2.988e-01  1.016e+00  
4.292e-01  8.066e-01  
5.117e-01  7.118e-01  
4.496e-01  8.886e-01  
1.049e+00  1.350e-01  
2.926e-01  1.087e+00  
1.052e+00  1.879e-01  
1.851e-01  1.275e+00  
1.034e+00  1.569e-01  
1.299e+00  4.835e-02  
3.136e-01  1.012e+00  
1.207e+00  1.172e-01  
2.739e-01  1.015e+00  
9.910e-01  3.433e-01  
2.883e-02  1.294e+00  
1.102e+00  8.717e-02  
4.909e-01  6.470e-01  
1.324e+00  2.903e-02  
4.514e-01  8.522e-01  
1.045e+00  1.104e-01  
1.776e-01  1.051e+00  
2.089e-01  1.062e+00  
1.056e-01  1.029e+00  
1.303e+00  4.290e-02  
1.037e+00  1.456e-01  
1.317e+00  3.261e-02  
3.081e-01  1.011e+00  
1.039e+00  1.731e-01  
3.178e-01  1.011e+00  
3.813e-02  1.264e+00  
9.945e-01  3.805e-01  
9.910e-01  3.433e-01  
4.960e-01  8.633e-01  
5.713e-01  6.903e-01  
6.048e-01  6.676e-01  
3.136e-01  1.012e+00  
7.690e-01  6.330e-01  
1.651e-01  1.072e+00  
4.221e-01  9.473e-01  
4.497e-01  8.815e-01  
1.087e+00  2.496e-01  
4.912e-01  7.200e-01  
7.040e-01  6.476e-01  
3.099e-01  1.013e+00  
9.846e-01  3.860e-01  
2.049e-01  1.248e+00  
3.477e-01  1.016e+00  
7.320e-01  6.211e-01  
1.003e+00  3.502e-01  
9.855e-01  3.798e-01  
4.253e-01  8.305e-01  
9.868e-01  5.206e-01  
2.741e-01  1.247e+00  
4.824e-01  6.543e-01  
4.810e-01  7.451e-01  
5.368e-01  6.683e-01  
7.791e-01  6.109e-01  
1.292e+00  5.886e-02  
7.492e-01  6.112e-01  
5.638e-01  6.661e-01  
9.868e-01  5.206e-01  
2.342e-02  1.287e+00  
7.475e-01  6.103e-01  
5.118e-02  1.269e+00  
7.608e-01  6.110e-01  
1.889e-01  1.061e+00  
5.762e-01  6.772e-01  
1.085e-01  1.287e+00  
7.354e-01  6.177e-01  
9.918e-01  3.577e-01  
4.365e-01  8.802e-01  
4.615e-01  8.682e-01  
4.912e-01  6.583e-01  
1.052e+00  1.879e-01  
1.043e+00  1.431e-01  
3.230e-01  1.016e+00  
5.713e-01  6.903e-01  
7.864e-01  6.098e-01  
5.109e-01  6.740e-01  
7.205e-01  6.605e-01  
7.987e-01  6.109e-01  
5.879e-01  6.422e-01  
5.638e-01  6.661e-01  
1.080e+00  8.283e-02  
1.020e+00  3.956e-01  
5.713e-01  6.903e-01  
1.010e+00  4.023e-01  
4.912e-01  7.200e-01  
5.741e-02  1.271e+00  
9.849e-01  4.480e-01  
4.221e-01  9.473e-01  
6.816e-01  6.347e-01  
1.075e+00  1.476e-01  
4.433e-01  8.756e-01  
9.862e-01  3.377e-01  
7.475e-01  6.103e-01  
1.042e-01  1.225e+00  
1.058e+00  1.812e-01  
5.118e-02  1.269e+00  
1.049e+00  1.037e-01  
9.866e-01  3.375e-01  
9.945e-01  3.805e-01  
3.052e-01  1.045e+00  
7.040e-01  6.476e-01  
1.173e+00  1.007e-01  
1.033e+00  2.999e-01  
9.862e-01  3.377e-01  
9.842e-01  3.431e-01  
1.326e-01  1.148e+00  
3.136e-01  1.012e+00  
3.052e-01  1.045e+00  
1.733e-01  1.036e+00  
1.005e+00  3.458e-01  
1.301e+00  5.250e-02  
3.062e-01  1.030e+00  
1.207e-01  1.057e+00  
2.566e-01  1.052e+00  
4.514e-01  8.522e-01  
4.866e-02  1.201e+00  
1.052e+00  1.879e-01  
1.102e+00  8.717e-02  
1.502e-02  1.292e+00  
4.867e-01  6.425e-01  
1.034e+00  3.274e-01  
1.033e+00  1.961e-01  
4.612e-01  6.508e-01  
8.264e-02  1.257e+00  
1.056e-01  1.029e+00  
9.862e-01  3.377e-01  
3.172e-02  1.274e+00  
3.172e-02  1.274e+00  
1.052e+00  1.345e-01  
3.052e-01  1.045e+00  
1.028e+00  1.488e-01  
1.041e+00  2.289e-01  
3.148e-01  1.014e+00  
1.294e+00  9.841e-02  
4.225e-01  8.944e-01  
3.987e-02  1.318e+00  
1.028e+00  1.488e-01  
1.039e+00  1.731e-01  
7.051e-02  1.317e+00  
1.034e+00  3.171e-01  
1.065e+00  8.883e-02  
1.324e+00  2.903e-02  
1.292e+00  5.886e-02  
1.316e+00  3.398e-02  
4.208e-01  8.629e-01  
1.301e+00  5.250e-02  
1.041e+00  3.139e-01  
1.041e+00  2.289e-01  
1.049e+00  1.350e-01  
2.793e-02  1.269e+00  
7.040e-01  6.476e-01  
1.037e+00  1.456e-01  
1.028e+00  2.233e-01  
1.041e+00  2.289e-01  
4.164e-02  1.309e+00  
4.373e-01  8.032e-01  
6.422e-02  1.252e+00  
3.453e-01  1.025e+00  
7.205e-01  6.605e-01  
4.615e-01  8.682e-01  
4.912e-01  7.200e-01  
1.034e+00  1.821e-01  
1.451e-01  1.121e+00  
3.012e-01  1.013e+00  
1.015e+00  3.968e-01  
8.953e-02  1.294e+00  
8.824e-02  1.285e+00  
3.265e-01  1.011e+00  
9.842e-01  3.431e-01  
9.842e-01  3.431e-01  
2.987e-01  1.011e+00  
2.793e-02  1.269e+00  
1.037e+00  1.456e-01  
1.776e-01  1.051e+00  
5.015e-02  1.275e+00  
1.776e-01  1.051e+00  
9.855e-01  3.798e-01  
7.690e-01  6.330e-01  
5.741e-02  1.271e+00  
1.010e+00  4.023e-01  
1.010e+00  4.023e-01  
5.266e-01  6.814e-01  
4.615e-01  8.682e-01  
4.221e-01  9.473e-01  
9.933e-01  4.162e-01  
4.588e-01  6.508e-01  
4.112e-02  1.254e+00  
4.767e-01  6.782e-01  
9.910e-01  3.433e-01  
7.317e-01  6.131e-01  
5.266e-01  6.814e-01  
7.608e-01  6.110e-01  
5.118e-02  1.269e+00  
5.221e-01  6.858e-01  
7.317e-01  6.131e-01  
5.150e-01  6.478e-01  
2.355e-01  1.148e+00  
3.138e-01  1.017e+00  
7.317e-01  6.131e-01  
1.029e+00  1.478e-01  
2.106e-01  1.282e+00  
7.506e-01  6.268e-01  
9.857e-01  3.314e-01  
9.899e-01  4.659e-01  
4.496e-01  8.886e-01  
9.348e-01  6.175e-01  
8.016e-01  6.105e-01  
9.855e-01  3.798e-01  
4.496e-01  8.886e-01  
1.080e+00  1.428e-01  
4.433e-01  8.756e-01  
1.733e-01  1.036e+00  
1.049e+00  1.350e-01  
9.945e-01  3.649e-01  
1.015e+00  3.968e-01  
2.049e-01  1.248e+00  
7.205e-01  6.605e-01  
4.588e-01  6.508e-01  
4.852e-01  6.478e-01  
1.733e-01  1.036e+00  
3.477e-01  1.016e+00  
5.164e-01  6.475e-01  
9.857e-01  3.314e-01  
1.033e+00  1.393e-01  
5.150e-01  6.478e-01  
2.917e-01  1.015e+00  
9.842e-01  3.431e-01  
4.221e-01  9.473e-01  
7.354e-01  6.177e-01  
9.868e-01  5.206e-01  
3.148e-01  1.014e+00  
1.029e+00  1.478e-01  
2.315e-01  1.034e+00  
7.868e-01  6.114e-01  
2.873e-01  1.027e+00  
5.209e-01  6.463e-01  
7.475e-01  6.103e-01  
2.739e-01  1.015e+00  
3.148e-01  1.014e+00  
1.047e+00  1.821e-01  
4.767e-01  6.782e-01  
4.912e-01  6.583e-01  
9.857e-01  3.314e-01  
4.615e-01  8.682e-01  
4.767e-01  6.782e-01  
5.381e-01  6.637e-01  
1.431e-01  1.154e+00  
7.205e-01  6.605e-01  
5.713e-01  6.903e-01  
3.332e-02  1.212e+00  
5.368e-01  6.683e-01  
4.960e-01  8.633e-01  
1.029e+00  1.478e-01  
7.864e-01  6.098e-01  
9.899e-01  4.659e-01  
1.015e+00  3.968e-01  
5.368e-01  6.683e-01  
4.292e-01  8.066e-01  
4.189e-01  9.151e-01  
8.195e-01  6.089e-01  
9.910e-01  3.433e-01  
7.864e-01  6.098e-01  
1.043e+00  1.431e-01  
3.477e-01  1.016e+00  
1.088e+00  9.115e-02  
1.271e-01  1.225e+00  
9.899e-01  4.659e-01  
7.608e-01  6.110e-01  
4.585e-01  7.617e-01  
7.864e-01  6.098e-01  
5.741e-02  1.271e+00  
7.306e-01  6.431e-01  
4.912e-01  7.200e-01  
7.608e-01  6.110e-01  
1.075e+00  7.410e-02  
9.918e-01  3.577e-01  
8.144e-01  6.311e-01  
2.106e-01  1.282e+00  
3.987e-02  1.318e+00  
4.317e-01  8.803e-01  
1.039e+00  1.731e-01  
5.109e-01  6.740e-01  
1.041e+00  2.289e-01  
3.192e-02  1.303e+00  
1.320e+00  3.137e-02  
8.144e-01  6.311e-01  
4.292e-01  8.066e-01  
1.039e+00  3.394e-01  
7.051e-02  1.317e+00  
1.072e+00  1.514e-01  
1.044e+00  1.836e-01  
8.677e-02  1.226e+00  
4.433e-01  8.756e-01  
4.615e-01  8.682e-01  
4.912e-01  6.583e-01  
1.049e+00  1.350e-01  
1.034e+00  1.821e-01  
2.213e-01  1.037e+00  
1.062e+00  1.950e-01  
1.015e+00  3.150e-01  
4.373e-01  8.032e-01  
7.095e-01  6.446e-01  
4.496e-01  8.886e-01  
7.267e-01  6.678e-01  
8.407e-01  6.084e-01  
3.178e-01  1.011e+00  
1.033e+00  1.961e-01  
3.677e-01  1.024e+00  
1.049e+00  1.350e-01  
4.576e-01  7.525e-01  
6.738e-01  6.369e-01  
5.437e-01  7.076e-01  
2.739e-01  1.015e+00  
2.917e-01  1.015e+00  
7.690e-01  6.330e-01  
9.945e-01  3.649e-01  
9.866e-01  3.375e-01  
5.219e-01  8.256e-01  
9.979e-01  3.693e-01  
1.020e+00  3.956e-01  
2.793e-02  1.269e+00  
9.979e-01  3.693e-01  
1.049e+00  1.350e-01  
2.926e-01  1.087e+00  
2.741e-01  1.247e+00  
4.960e-01  8.633e-01  
5.368e-01  6.683e-01  
3.138e-01  1.017e+00  
2.959e-01  1.045e+00  
4.810e-01  7.451e-01  
4.497e-01  8.815e-01  
7.358e-01  6.177e-01  
1.034e+00  3.274e-01  
1.153e-01  1.291e+00  
1.041e+00  2.289e-01  
5.879e-01  6.422e-01  
1.153e-01  1.291e+00  
1.889e-01  1.061e+00  
1.055e+00  2.148e-01  
3.677e-01  1.024e+00  
2.089e-01  1.062e+00  
4.370e-01  8.418e-01  
1.205e+00  8.317e-02  
1.043e+00  1.431e-01  
4.314e-01  9.198e-01  
1.299e+00  4.581e-02  
7.864e-01  6.098e-01  
4.225e-01  8.944e-01  
1.029e+00  1.478e-01  
2.917e-01  1.015e+00  
3.987e-02  1.318e+00  
1.351e+00  3.798e-02  
3.230e-01  1.016e+00  
5.741e-02  1.271e+00  
1.087e+00  2.496e-01  
1.299e+00  4.835e-02  
9.909e-01  3.414e-01  
1.034e+00  1.821e-01  
1.296e+00  8.010e-02  
2.739e-01  1.072e+00  
2.213e-01  1.037e+00  
1.064e+00  3.213e-01  
1.020e+00  3.956e-01  
1.299e+00  4.835e-02  
8.314e-01  6.102e-01  
1.020e+00  3.956e-01  
1.031e+00  1.979e-01  
1.091e+00  8.914e-02  
1.320e+00  3.137e-02  
1.164e-01  1.322e+00  
2.463e-01  1.284e+00  
1.087e+00  2.496e-01  
5.741e-02  1.271e+00  
1.058e+00  1.812e-01  
4.193e-01  8.362e-01  
3.987e-02  1.318e+00  
4.433e-01  7.285e-01  
1.326e-01  1.148e+00  
2.954e-01  1.014e+00  
4.088e-02  1.271e+00  
1.037e+00  1.456e-01  
1.075e+00  7.410e-02  
1.301e+00  5.250e-02  
3.992e-02  1.269e+00  
3.192e-02  1.303e+00  
1.033e+00  1.393e-01  
1.153e-01  1.291e+00  
1.320e+00  3.137e-02  
1.299e+00  4.581e-02  
1.075e+00  7.410e-02  
4.866e-02  1.295e+00  
1.292e+00  5.886e-02  
2.883e-02  1.294e+00  
1.299e+00  4.835e-02  
1.102e+00  8.717e-02  
1.076e-01  1.265e+00  
1.039e+00  1.731e-01  
1.361e+00  2.949e-02  
2.049e-01  1.248e+00  
1.303e+00  5.800e-02  
1.079e+00  9.307e-02  
1.034e+00  1.821e-01  
3.279e-02  1.254e+00  
1.037e+00  1.456e-01  
1.301e+00  5.250e-02  
1.317e+00  3.261e-02  
1.080e+00  8.283e-02  
4.984e-01  6.458e-01  
1.056e-01  1.029e+00  
1.075e+00  7.410e-02  
2.793e-02  1.269e+00  
1.538e-01  1.071e+00  
5.118e-02  1.269e+00  
1.005e+00  3.724e-01  
1.037e+00  1.456e-01  
1.076e-01  1.265e+00  
1.087e+00  2.496e-01  
1.320e+00  3.137e-02  
4.221e-01  9.473e-01  
4.225e-01  8.944e-01  
4.909e-01  6.470e-01  
7.608e-01  6.110e-01  
1.102e+00  8.717e-02  
4.866e-02  1.295e+00  
3.148e-01  1.014e+00  
1.207e+00  1.172e-01  
1.028e+00  1.488e-01  
5.741e-02  1.271e+00  
1.299e+00  6.884e-02  
8.838e-01  6.147e-01  
5.109e-01  6.740e-01  
1.317e+00  3.261e-02  
9.969e-01  3.150e-01  
1.009e+00  2.956e-01  
4.576e-01  7.525e-01  
4.253e-01  8.305e-01  
1.326e-01  1.148e+00  
2.793e-02  1.269e+00  
3.138e-01  1.017e+00  
3.148e-01  1.014e+00  
7.294e-01  6.324e-01  
8.047e-01  6.111e-01  
4.984e-01  6.458e-01  
1.037e+00  1.456e-01  
4.810e-01  7.451e-01  
7.475e-01  6.103e-01  
1.050e+00  1.599e-01  
8.824e-02  1.285e+00  
1.062e+00  1.950e-01  
4.496e-01  8.886e-01  
4.292e-01  8.066e-01  
1.301e+00  5.250e-02  
4.912e-01  6.583e-01  
2.741e-01  1.247e+00  
4.433e-01  8.756e-01  
4.960e-01  8.633e-01  
9.936e-01  4.287e-01  
2.355e-01  1.148e+00  
4.867e-01  6.425e-01  
1.320e+00  3.137e-02  
1.034e+00  1.821e-01  
4.224e-01  9.432e-01  
1.298e+00  5.068e-02  
2.469e-01  1.032e+00  
9.348e-01  6.175e-01  
5.150e-01  6.478e-01  
2.089e-01  1.062e+00  
9.936e-01  4.287e-01  
1.173e+00  1.007e-01  
1.205e+00  8.317e-02  
5.478e-01  6.529e-01  
2.704e-02  1.192e+00  
6.948e-01  6.436e-01  
4.497e-01  8.815e-01  
4.164e-02  1.309e+00  
1.326e-01  1.148e+00  
7.608e-01  6.110e-01  
1.005e+00  3.458e-01  
9.857e-01  3.314e-01  
3.172e-02  1.274e+00  
4.866e-02  1.295e+00  
5.879e-01  6.422e-01  
5.638e-01  6.661e-01  
1.020e+00  3.956e-01  
2.334e-01  1.060e+00  
5.368e-01  6.683e-01  
