1.022e-02  1.026e+00  
1.021e+00  1.909e-02  
4.272e-01  4.223e-01  
7.001e-01  2.304e-01  
1.913e-01  6.262e-01  
5.940e-01  2.970e-01  
1.067e-01  9.148e-01  
3.127e-01  5.073e-01  
8.424e-01  1.247e-01  
9.792e-01  3.193e-02  
4.358e-02  9.981e-01  
4.962e-01  3.683e-01  
6.357e-01  2.843e-01  
2.387e-01  6.253e-01  
3.669e-01  5.137e-01  
7.800e-01  1.787e-01  
1.527e-01  6.889e-01  
1.673e-01  7.114e-01  
5.845e-01  2.620e-01  
8.068e-01  1.286e-01  
3.045e-01  5.575e-01  
4.564e-01  3.775e-01  
4.260e-01  4.297e-01  
9.146e-01  1.059e-01  
5.189e-01  3.389e-01  
9.911e-01  2.958e-02  
2.111e-01  6.262e-01  
1.054e-03  9.991e-01  
3.418e-01  5.196e-01  
8.178e-02  8.674e-01  
6.466e-01  2.393e-01  
7.544e-01  1.664e-01  
1.921e-01  6.406e-01  
8.563e-01  1.318e-01  
9.653e-01  2.896e-02  
4.358e-02  9.981e-01  
2.588e-01  5.660e-01  
1.262e-01  7.857e-01  
9.242e-02  8.111e-01  
5.762e-01  3.093e-01  
3.576e-01  4.861e-01  
5.762e-01  3.093e-01  
3.276e-01  4.979e-01  
2.325e-01  5.878e-01  
1.371e-01  6.774e-01  
6.170e-01  2.503e-01  
4.713e-01  3.529e-01  
9.985e-01  9.931e-03  
4.713e-01  3.529e-01  
2.090e-01  6.436e-01  
4.329e-01  4.430e-01  
3.105e-01  4.988e-01  
1.022e-02  1.026e+00  
6.039e-01  2.936e-01  
7.680e-02  9.164e-01  
4.909e-01  4.655e-01  
6.471e-01  2.413e-01  
9.878e-01  1.506e-02  
2.039e-01  6.329e-01  
8.866e-01  1.062e-01  
8.473e-01  1.396e-01  
3.493e-01  4.966e-01  
7.971e-01  1.600e-01  
6.824e-01  2.117e-01  
1.584e-01  6.821e-01  
7.971e-01  1.600e-01  
1.028e-01  8.639e-01  
6.771e-01  2.576e-01  
4.512e-01  4.106e-01  
4.962e-01  3.683e-01  
7.971e-01  1.600e-01  
2.039e-01  6.329e-01  
6.138e-01  3.262e-01  
3.045e-01  5.575e-01  
4.147e-01  3.993e-01  
1.474e-01  6.947e-01  
1.368e-01  8.267e-01  
8.563e-01  1.318e-01  
5.762e-01  3.093e-01  
9.858e-01  3.952e-02  
5.922e-01  2.917e-01  
2.902e-01  6.047e-01  
4.237e-01  4.722e-01  
5.140e-01  3.227e-01  
3.748e-01  4.502e-01  
5.126e-01  3.417e-01  
1.385e-01  6.946e-01  
4.488e-03  9.974e-01  
3.306e-01  5.027e-01  
4.565e-01  3.927e-01  
2.111e-01  6.262e-01  
7.018e-01  2.394e-01  
9.900e-01  2.843e-02  
8.777e-03  1.000e+00  
8.068e-01  1.286e-01  
2.198e-01  6.112e-01  
3.935e-01  4.612e-01  
6.039e-01  2.936e-01  
2.902e-01  6.047e-01  
4.565e-01  3.927e-01  
1.010e-02  9.954e-01  
1.343e-01  7.885e-01  
4.469e-01  3.821e-01  
9.940e-02  7.964e-01  
6.357e-01  2.843e-01  
8.424e-01  1.247e-01  
6.173e-03  9.958e-01  
4.248e-01  4.110e-01  
6.471e-01  2.413e-01  
7.219e-01  2.061e-01  
3.493e-01  4.966e-01  
1.465e-01  6.577e-01  
3.119e-01  4.868e-01  
3.417e-01  5.135e-01  
2.274e-01  6.299e-01  
8.891e-01  9.296e-02  
1.378e-01  6.806e-01  
8.564e-01  1.398e-01  
1.010e-02  9.954e-01  
8.961e-01  1.186e-01  
9.954e-01  1.753e-02  
1.811e-01  6.279e-01  
9.792e-01  3.193e-02  
2.111e-01  6.262e-01  
6.852e-01  2.336e-01  
1.149e-03  1.017e+00  
9.792e-01  3.193e-02  
3.105e-01  4.988e-01  
9.993e-01  4.359e-03  
3.418e-01  5.196e-01  
9.109e-01  9.817e-02  
1.257e-01  7.679e-01  
1.343e-01  7.885e-01  
9.940e-02  7.964e-01  
1.010e+00  1.145e-02  
8.439e-01  1.275e-01  
9.932e-01  6.796e-03  
2.588e-01  5.660e-01  
7.693e-01  1.850e-01  
2.104e-01  7.151e-01  
1.020e-02  1.005e+00  
5.922e-01  2.917e-01  
6.771e-01  2.576e-01  
2.864e-01  5.296e-01  
3.649e-01  4.919e-01  
4.147e-01  3.993e-01  
1.673e-01  7.114e-01  
5.126e-01  3.417e-01  
1.262e-01  7.857e-01  
2.427e-01  5.737e-01  
3.127e-01  5.073e-01  
7.736e-01  1.914e-01  
3.481e-01  5.206e-01  
4.565e-01  3.927e-01  
1.921e-01  6.406e-01  
5.791e-01  2.996e-01  
1.257e-01  7.679e-01  
2.139e-01  6.593e-01  
5.004e-01  4.144e-01  
5.826e-01  3.167e-01  
6.620e-01  2.641e-01  
2.864e-01  5.296e-01  
5.544e-01  3.226e-01  
1.618e-01  7.232e-01  
4.320e-01  4.860e-01  
3.275e-01  4.765e-01  
3.463e-01  4.905e-01  
5.189e-01  3.389e-01  
9.828e-01  2.428e-02  
5.940e-01  2.970e-01  
4.416e-01  4.380e-01  
6.138e-01  3.262e-01  
6.268e-03  1.004e+00  
4.511e-01  3.666e-01  
4.899e-02  9.916e-01  
5.530e-01  3.276e-01  
1.137e-01  7.829e-01  
4.001e-01  4.332e-01  
1.137e-01  7.829e-01  
4.511e-01  3.666e-01  
6.170e-01  2.503e-01  
2.588e-01  5.660e-01  
3.935e-01  4.612e-01  
3.935e-01  4.612e-01  
8.162e-01  1.451e-01  
7.925e-01  1.747e-01  
2.090e-01  6.436e-01  
3.456e-01  4.618e-01  
4.511e-01  3.666e-01  
3.649e-01  4.919e-01  
4.713e-01  3.529e-01  
5.868e-01  3.554e-01  
4.148e-01  4.108e-01  
4.343e-01  4.119e-01  
9.685e-01  3.452e-02  
7.219e-01  2.061e-01  
3.418e-01  5.196e-01  
6.620e-01  2.641e-01  
3.463e-01  4.905e-01  
1.166e-01  7.313e-01  
5.226e-01  3.112e-01  
2.611e-01  5.729e-01  
4.112e-01  4.014e-01  
9.146e-01  1.059e-01  
3.001e-01  5.489e-01  
5.939e-01  2.932e-01  
4.469e-01  3.821e-01  
8.156e-02  8.914e-01  
7.564e-01  1.660e-01  
5.519e-03  1.002e+00  
9.804e-01  2.691e-02  
6.302e-01  2.632e-01  
6.170e-01  2.503e-01  
1.853e-01  6.770e-01  
3.985e-01  4.046e-01  
9.792e-01  3.193e-02  
7.280e-01  1.925e-01  
6.548e-01  2.329e-01  
7.188e-01  2.262e-01  
9.119e-02  8.729e-01  
2.111e-01  6.262e-01  
1.673e-01  7.114e-01  
1.225e-01  7.031e-01  
6.655e-01  2.208e-01  
9.822e-01  1.833e-02  
1.389e-01  6.701e-01  
1.465e-01  6.577e-01  
1.378e-01  6.806e-01  
3.119e-01  4.868e-01  
9.146e-02  9.302e-01  
8.056e-01  1.549e-01  
8.731e-01  1.118e-01  
1.850e-03  1.013e+00  
3.275e-01  4.765e-01  
6.721e-01  2.184e-01  
7.800e-01  1.787e-01  
3.105e-01  4.988e-01  
1.010e-02  9.954e-01  
1.079e-01  8.134e-01  
6.357e-01  2.843e-01  
6.173e-03  9.958e-01  
7.890e-02  9.129e-01  
9.109e-01  9.817e-02  
1.673e-01  7.114e-01  
8.563e-01  1.318e-01  
7.971e-01  1.600e-01  
2.274e-01  6.299e-01  
9.418e-01  5.098e-02  
2.574e-01  5.760e-01  
1.094e-02  9.999e-01  
8.381e-01  1.165e-01  
9.146e-01  1.059e-01  
4.358e-02  9.981e-01  
7.430e-01  1.871e-01  
9.463e-01  7.598e-02  
1.009e+00  1.530e-03  
9.681e-01  2.751e-02  
1.021e+00  1.909e-02  
2.539e-01  5.760e-01  
9.761e-01  2.289e-02  
7.188e-01  2.262e-01  
7.480e-01  2.340e-01  
8.424e-01  1.247e-01  
1.149e-03  1.017e+00  
4.511e-01  3.666e-01  
8.496e-01  1.157e-01  
7.971e-01  1.600e-01  
7.430e-01  1.871e-01  
1.010e-02  9.954e-01  
2.955e-01  5.580e-01  
5.309e-02  9.996e-01  
2.111e-01  6.262e-01  
4.260e-01  4.297e-01  
3.127e-01  5.073e-01  
3.145e-01  5.448e-01  
7.579e-01  1.644e-01  
8.178e-02  8.674e-01  
1.913e-01  6.262e-01  
6.505e-01  2.339e-01  
1.010e-02  9.954e-01  
9.119e-02  8.729e-01  
2.277e-01  6.127e-01  
5.988e-01  2.728e-01  
7.001e-01  2.304e-01  
2.111e-01  6.262e-01  
2.025e-03  9.996e-01  
9.109e-01  9.817e-02  
1.450e-01  7.548e-01  
2.749e-02  9.913e-01  
1.385e-01  6.946e-01  
5.828e-01  2.914e-01  
4.690e-01  3.591e-01  
9.383e-02  7.853e-01  
6.170e-01  2.503e-01  
6.138e-01  3.262e-01  
3.988e-01  4.556e-01  
3.928e-01  4.174e-01  
2.574e-01  5.760e-01  
6.349e-01  3.172e-01  
4.329e-01  4.430e-01  
4.488e-03  9.974e-01  
3.649e-01  4.919e-01  
6.471e-01  2.413e-01  
4.469e-01  3.821e-01  
3.935e-01  4.612e-01  
4.962e-01  3.683e-01  
1.149e-03  1.017e+00  
3.418e-01  5.196e-01  
4.721e-01  3.630e-01  
4.260e-01  4.297e-01  
1.198e-01  7.393e-01  
2.277e-01  6.127e-01  
4.428e-01  3.956e-01  
7.495e-01  1.801e-01  
1.304e-01  7.971e-01  
4.721e-01  3.630e-01  
5.749e-01  2.929e-01  
5.931e-01  2.965e-01  
2.277e-01  6.127e-01  
5.530e-01  3.276e-01  
5.544e-01  3.226e-01  
5.749e-01  2.929e-01  
2.565e-01  6.517e-01  
8.424e-01  1.247e-01  
2.864e-01  5.296e-01  
1.380e-01  7.541e-01  
9.360e-01  8.580e-02  
6.548e-01  2.329e-01  
6.610e-01  2.318e-01  
1.257e-01  7.679e-01  
4.112e-01  4.014e-01  
4.329e-01  4.430e-01  
3.935e-01  4.612e-01  
1.465e-01  6.577e-01  
2.458e-01  6.557e-01  
3.493e-01  4.966e-01  
5.940e-01  2.970e-01  
8.866e-01  1.062e-01  
4.076e-01  4.397e-01  
2.313e-01  6.489e-01  
6.610e-01  2.318e-01  
2.849e-01  6.334e-01  
4.564e-01  3.775e-01  
6.138e-01  3.262e-01  
2.252e-01  6.001e-01  
8.162e-01  1.451e-01  
1.198e-01  7.393e-01  
5.544e-01  3.226e-01  
2.003e-01  6.717e-01  
4.416e-01  4.380e-01  
4.962e-01  3.683e-01  
1.465e-01  6.577e-01  
1.679e-01  6.382e-01  
8.162e-01  1.451e-01  
3.481e-01  5.206e-01  
3.463e-01  4.905e-01  
5.634e-01  2.825e-01  
3.306e-01  5.027e-01  
3.463e-01  4.905e-01  
3.928e-01  4.174e-01  
9.003e-02  8.561e-01  
4.329e-01  4.430e-01  
4.184e-01  4.048e-01  
5.215e-02  9.921e-01  
3.942e-01  4.873e-01  
3.166e-01  5.525e-01  
7.789e-01  1.595e-01  
5.922e-01  2.917e-01  
5.762e-01  3.093e-01  
6.276e-01  2.596e-01  
3.105e-01  4.988e-01  
2.912e-01  5.728e-01  
2.565e-01  6.517e-01  
5.126e-01  3.417e-01  
6.505e-01  2.339e-01  
5.544e-01  3.226e-01  
7.444e-01  1.833e-01  
2.076e-01  5.913e-01  
9.434e-01  8.028e-02  
6.173e-03  9.958e-01  
6.159e-01  3.149e-01  
4.511e-01  3.666e-01  
3.481e-01  5.206e-01  
5.126e-01  3.417e-01  
1.257e-01  7.679e-01  
4.147e-01  3.993e-01  
3.463e-01  4.905e-01  
4.721e-01  3.630e-01  
1.016e+00  6.833e-02  
6.505e-01  2.339e-01  
5.940e-01  2.970e-01  
1.198e-01  7.393e-01  
1.334e-03  1.016e+00  
3.330e-01  5.705e-01  
8.068e-01  1.286e-01  
4.068e-01  5.189e-01  
8.563e-01  1.318e-01  
2.025e-03  9.996e-01  
9.954e-01  1.753e-02  
4.721e-01  3.630e-01  
2.341e-01  6.376e-01  
7.001e-01  2.304e-01  
6.173e-03  9.958e-01  
8.424e-01  1.247e-01  
8.162e-01  1.451e-01  
8.178e-02  8.674e-01  
2.708e-01  5.340e-01  
3.928e-01  4.174e-01  
4.329e-01  4.430e-01  
9.077e-01  9.976e-02  
7.971e-01  1.600e-01  
1.385e-01  6.946e-01  
7.001e-01  2.304e-01  
7.188e-01  2.262e-01  
3.127e-01  5.073e-01  
4.112e-01  4.014e-01  
2.864e-01  5.296e-01  
4.272e-01  4.223e-01  
4.721e-01  3.630e-01  
1.913e-01  6.262e-01  
7.219e-01  2.061e-01  
2.111e-01  6.441e-01  
1.016e+00  6.833e-02  
3.045e-01  5.575e-01  
4.112e-01  4.014e-01  
3.525e-01  4.854e-01  
1.840e-01  7.166e-01  
1.791e-01  6.680e-01  
4.565e-01  3.927e-01  
6.373e-01  2.766e-01  
6.852e-01  2.336e-01  
3.105e-01  4.988e-01  
5.783e-01  2.770e-01  
6.373e-01  2.766e-01  
5.309e-02  9.996e-01  
7.018e-01  2.394e-01  
9.077e-01  9.976e-02  
1.465e-01  6.577e-01  
1.527e-01  6.889e-01  
3.062e-01  5.018e-01  
4.001e-01  4.332e-01  
1.921e-01  6.406e-01  
1.705e-01  6.648e-01  
3.119e-01  4.868e-01  
3.045e-01  5.575e-01  
4.690e-01  3.591e-01  
7.188e-01  2.262e-01  
8.089e-02  9.133e-01  
8.162e-01  1.451e-01  
4.260e-01  4.297e-01  
8.178e-02  8.674e-01  
1.252e-01  7.393e-01  
7.107e-01  2.391e-01  
2.387e-01  6.253e-01  
1.673e-01  7.114e-01  
3.045e-01  5.575e-01  
9.895e-01  3.094e-02  
8.731e-01  1.118e-01  
2.588e-01  5.660e-01  
9.985e-01  9.931e-03  
4.713e-01  3.529e-01  
2.341e-01  6.376e-01  
8.381e-01  1.165e-01  
2.003e-01  6.717e-01  
1.291e-02  1.000e+00  
9.988e-01  7.604e-03  
1.679e-01  6.382e-01  
1.257e-01  7.679e-01  
7.736e-01  1.914e-01  
9.835e-01  2.034e-02  
6.170e-01  2.503e-01  
8.068e-01  1.286e-01  
9.816e-01  2.547e-02  
1.853e-01  6.770e-01  
1.921e-01  6.406e-01  
7.544e-01  1.664e-01  
6.170e-01  2.503e-01  
1.010e+00  1.145e-02  
5.197e-01  3.439e-01  
6.610e-01  2.318e-01  
7.971e-01  1.600e-01  
9.822e-01  1.833e-02  
1.026e+00  3.493e-02  
4.488e-03  9.974e-01  
1.389e-01  6.701e-01  
6.721e-01  2.184e-01  
9.003e-02  8.561e-01  
8.522e-01  1.278e-01  
2.688e-01  5.435e-01  
1.010e-02  9.954e-01  
2.995e-01  5.101e-01  
1.105e-01  8.013e-01  
1.915e-01  6.703e-01  
4.488e-03  9.974e-01  
8.824e-01  1.128e-01  
9.146e-01  1.059e-01  
9.816e-01  2.547e-02  
4.488e-03  9.974e-01  
7.012e-03  1.173e+00  
8.473e-01  1.396e-01  
9.940e-02  7.964e-01  
1.016e+00  6.833e-02  
9.710e-01  2.402e-02  
1.021e+00  1.909e-02  
7.800e-03  9.969e-01  
9.911e-01  2.958e-02  
3.231e-03  9.970e-01  
1.026e+00  3.493e-02  
9.792e-01  3.193e-02  
1.156e-01  8.422e-01  
7.971e-01  1.600e-01  
9.996e-01  4.768e-04  
1.343e-01  7.885e-01  
9.900e-01  2.843e-02  
9.792e-01  3.193e-02  
7.971e-01  1.600e-01  
1.021e-02  1.023e+00  
9.146e-01  1.059e-01  
1.016e+00  6.833e-02  
9.822e-01  1.833e-02  
9.985e-01  9.931e-03  
3.418e-01  5.196e-01  
1.172e-01  7.465e-01  
9.858e-01  3.952e-02  
4.670e-02  9.967e-01  
1.257e-01  7.679e-01  
2.210e-02  9.972e-01  
6.548e-01  2.329e-01  
8.563e-01  1.318e-01  
1.137e-01  7.829e-01  
7.736e-01  1.914e-01  
1.001e+00  8.956e-04  
2.461e-01  5.553e-01  
2.592e-01  6.970e-01  
3.382e-01  5.250e-01  
5.505e-01  3.511e-01  
9.109e-01  9.817e-02  
1.334e-03  1.016e+00  
1.465e-01  6.577e-01  
9.804e-01  2.691e-02  
8.563e-01  1.318e-01  
9.146e-02  9.302e-01  
9.828e-01  2.428e-02  
5.940e-01  2.970e-01  
3.481e-01  5.206e-01  
1.010e+00  1.145e-02  
6.617e-01  2.201e-01  
7.736e-01  1.914e-01  
2.950e-01  5.056e-01  
2.588e-01  5.660e-01  
9.363e-02  8.923e-01  
1.021e-02  1.023e+00  
1.921e-01  6.406e-01  
1.913e-01  6.262e-01  
4.565e-01  3.927e-01  
4.721e-01  3.630e-01  
3.841e-01  4.732e-01  
8.451e-01  1.358e-01  
3.033e-01  5.018e-01  
4.713e-01  3.529e-01  
8.496e-01  1.157e-01  
9.940e-02  7.964e-01  
7.736e-01  1.914e-01  
3.105e-01  4.988e-01  
3.481e-01  5.206e-01  
9.954e-01  1.753e-02  
3.942e-01  4.873e-01  
1.921e-01  6.406e-01  
2.808e-01  5.363e-01  
3.119e-01  4.868e-01  
5.779e-01  2.974e-01  
1.378e-01  6.806e-01  
4.001e-01  4.332e-01  
1.021e+00  1.909e-02  
8.061e-01  1.983e-01  
2.588e-01  5.660e-01  
1.004e+00  8.913e-04  
1.291e-01  7.434e-01  
5.149e-01  3.456e-01  
4.343e-01  4.119e-01  
1.673e-01  7.114e-01  
5.922e-01  2.917e-01  
9.911e-01  2.958e-02  
9.146e-01  1.059e-01  
4.329e-01  4.430e-01  
8.089e-02  9.133e-01  
4.962e-01  3.683e-01  
3.045e-01  5.575e-01  
1.334e-03  1.016e+00  
1.156e-01  8.422e-01  
4.690e-01  3.591e-01  
6.666e-01  2.289e-01  
5.544e-01  3.226e-01  
1.149e-03  1.017e+00  
1.334e-03  1.016e+00  
4.112e-01  4.014e-01  
4.565e-01  3.927e-01  
6.610e-01  2.318e-01  
1.389e-01  6.701e-01  
4.343e-01  4.119e-01  
