3.521e-02  1.089e+00  
1.090e+00  2.532e-02  
3.850e-01  4.433e-01  
6.648e-01  2.379e-01  
1.955e-01  6.062e-01  
5.323e-01  3.047e-01  
9.354e-02  7.565e-01  
2.573e-01  5.482e-01  
8.478e-01  1.340e-01  
9.530e-01  6.598e-02  
6.729e-02  8.739e-01  
4.644e-01  3.719e-01  
6.299e-01  2.684e-01  
2.789e-01  5.381e-01  
3.801e-01  4.772e-01  
8.369e-01  1.593e-01  
1.676e-01  6.740e-01  
1.351e-01  7.439e-01  
5.488e-01  3.049e-01  
8.473e-01  1.668e-01  
2.788e-01  5.291e-01  
4.385e-01  3.938e-01  
3.874e-01  4.515e-01  
9.457e-01  1.018e-01  
4.755e-01  3.706e-01  
9.607e-01  4.946e-02  
2.629e-01  6.202e-01  
3.115e-02  9.268e-01  
3.548e-01  4.969e-01  
8.448e-02  8.078e-01  
6.232e-01  2.437e-01  
8.402e-01  1.891e-01  
1.768e-01  6.518e-01  
7.236e-01  2.183e-01  
9.626e-01  4.851e-02  
4.075e-02  8.488e-01  
2.704e-01  5.688e-01  
1.247e-01  7.397e-01  
9.819e-02  7.811e-01  
5.357e-01  3.073e-01  
3.723e-01  4.427e-01  
5.043e-01  3.590e-01  
3.435e-01  4.836e-01  
2.629e-01  6.202e-01  
1.284e-01  7.434e-01  
6.328e-01  2.529e-01  
4.369e-01  3.725e-01  
8.855e-01  9.392e-02  
4.961e-01  3.826e-01  
1.963e-01  6.224e-01  
3.927e-01  4.088e-01  
2.921e-01  5.357e-01  
2.073e-02  9.658e-01  
5.520e-01  2.916e-01  
5.513e-02  9.052e-01  
3.927e-01  4.088e-01  
5.754e-01  2.759e-01  
9.881e-01  3.413e-02  
1.963e-01  6.224e-01  
8.579e-01  1.153e-01  
8.409e-01  1.256e-01  
3.435e-01  4.836e-01  
8.375e-01  1.522e-01  
6.693e-01  2.230e-01  
1.691e-01  6.503e-01  
8.317e-01  1.916e-01  
9.079e-02  7.556e-01  
6.299e-01  2.684e-01  
4.130e-01  4.130e-01  
4.476e-01  3.718e-01  
8.470e-01  1.787e-01  
1.923e-01  6.255e-01  
5.539e-01  2.998e-01  
2.891e-01  5.080e-01  
3.927e-01  4.088e-01  
1.343e-01  6.863e-01  
1.035e-01  7.761e-01  
6.949e-01  2.075e-01  
5.303e-01  2.961e-01  
9.467e-01  7.350e-02  
5.306e-01  2.970e-01  
2.899e-01  5.574e-01  
3.850e-01  4.433e-01  
4.961e-01  3.826e-01  
3.801e-01  4.772e-01  
5.357e-01  3.073e-01  
1.351e-01  7.439e-01  
5.811e-02  1.079e+00  
3.423e-01  5.138e-01  
5.039e-01  3.714e-01  
1.963e-01  6.224e-01  
6.638e-01  2.595e-01  
9.696e-01  8.669e-02  
3.521e-02  1.089e+00  
8.438e-01  1.438e-01  
2.259e-01  5.774e-01  
3.874e-01  4.515e-01  
5.967e-01  2.574e-01  
2.666e-01  5.721e-01  
3.926e-01  4.353e-01  
3.949e-02  8.662e-01  
1.064e-01  7.548e-01  
4.755e-01  3.706e-01  
9.941e-02  7.619e-01  
5.876e-01  2.926e-01  
8.381e-01  1.581e-01  
2.679e-02  9.018e-01  
3.927e-01  4.088e-01  
6.242e-01  2.450e-01  
6.825e-01  2.209e-01  
3.445e-01  4.748e-01  
1.883e-01  6.334e-01  
2.405e-01  5.832e-01  
3.341e-01  4.805e-01  
2.590e-01  5.685e-01  
8.475e-01  1.089e-01  
1.762e-01  6.892e-01  
8.409e-01  1.256e-01  
7.264e-02  8.203e-01  
8.473e-01  1.668e-01  
1.007e+00  2.902e-02  
1.730e-01  6.800e-01  
9.554e-01  7.293e-02  
1.691e-01  6.503e-01  
6.649e-01  2.273e-01  
1.885e-02  9.558e-01  
8.842e-01  9.997e-02  
3.147e-01  5.224e-01  
1.144e+00  2.897e-02  
2.921e-01  5.357e-01  
9.457e-01  1.018e-01  
1.228e-01  7.484e-01  
9.354e-02  7.565e-01  
8.448e-02  8.078e-01  
1.020e+00  3.488e-02  
8.515e-01  1.382e-01  
9.951e-01  3.032e-02  
2.354e-01  5.735e-01  
7.312e-01  2.118e-01  
1.889e-01  6.260e-01  
4.056e-02  8.777e-01  
5.967e-01  2.574e-01  
6.638e-01  2.595e-01  
2.930e-01  5.238e-01  
3.445e-01  4.748e-01  
4.071e-01  4.304e-01  
1.963e-01  6.224e-01  
4.702e-01  3.753e-01  
9.079e-02  7.556e-01  
2.553e-01  5.736e-01  
2.573e-01  5.482e-01  
7.312e-01  2.118e-01  
3.338e-01  4.371e-01  
3.927e-01  4.088e-01  
1.963e-01  6.224e-01  
5.323e-01  3.047e-01  
1.408e-01  6.874e-01  
2.787e-01  5.619e-01  
4.961e-01  3.826e-01  
5.374e-01  3.211e-01  
6.530e-01  3.023e-01  
2.656e-01  5.728e-01  
5.347e-01  3.101e-01  
1.369e-01  6.999e-01  
3.620e-01  4.303e-01  
2.921e-01  5.357e-01  
3.757e-01  4.382e-01  
4.388e-01  3.671e-01  
9.898e-01  3.848e-02  
5.204e-01  3.524e-01  
4.053e-01  4.289e-01  
5.374e-01  3.211e-01  
1.654e-02  1.007e+00  
4.613e-01  3.777e-01  
4.075e-02  8.488e-01  
5.306e-01  2.970e-01  
9.640e-02  7.374e-01  
3.459e-01  4.513e-01  
9.354e-02  7.565e-01  
4.613e-01  3.777e-01  
6.442e-01  2.360e-01  
2.405e-01  5.832e-01  
3.757e-01  4.382e-01  
3.435e-01  4.836e-01  
8.363e-01  1.544e-01  
8.381e-01  1.581e-01  
2.258e-01  6.299e-01  
3.552e-01  4.442e-01  
4.961e-01  3.826e-01  
3.365e-01  4.671e-01  
4.961e-01  3.826e-01  
5.255e-01  3.147e-01  
4.053e-01  4.289e-01  
4.130e-01  4.130e-01  
9.563e-01  6.848e-02  
7.236e-01  2.181e-01  
3.367e-01  4.345e-01  
6.299e-01  2.684e-01  
3.423e-01  5.032e-01  
1.351e-01  7.439e-01  
4.512e-01  3.866e-01  
2.412e-01  5.689e-01  
4.755e-01  3.706e-01  
8.683e-01  1.188e-01  
2.412e-01  5.689e-01  
5.900e-01  2.900e-01  
4.613e-01  3.777e-01  
6.014e-02  8.663e-01  
8.304e-01  1.667e-01  
3.371e-02  8.818e-01  
9.467e-01  7.350e-02  
5.941e-01  2.726e-01  
5.967e-01  2.574e-01  
1.806e-01  6.347e-01  
4.130e-01  4.130e-01  
9.333e-01  7.755e-02  
7.040e-01  2.183e-01  
6.628e-01  2.451e-01  
7.236e-01  2.181e-01  
8.331e-02  7.929e-01  
1.925e-01  6.327e-01  
1.642e-01  6.722e-01  
1.351e-01  7.439e-01  
6.825e-01  2.209e-01  
9.898e-01  3.848e-02  
1.918e-01  6.588e-01  
1.402e-01  6.995e-01  
1.766e-01  6.826e-01  
2.822e-01  5.400e-01  
8.448e-02  8.078e-01  
8.473e-01  1.668e-01  
8.475e-01  1.089e-01  
5.811e-02  1.079e+00  
3.435e-01  4.836e-01  
7.016e-01  2.170e-01  
7.312e-01  2.118e-01  
3.423e-01  5.138e-01  
6.331e-02  8.382e-01  
1.087e-01  7.636e-01  
5.900e-01  2.900e-01  
2.733e-02  1.006e+00  
3.949e-02  8.662e-01  
8.605e-01  1.020e-01  
1.691e-01  6.510e-01  
8.392e-01  1.516e-01  
8.304e-01  1.667e-01  
1.883e-01  6.334e-01  
9.222e-01  8.180e-02  
2.500e-01  5.693e-01  
2.995e-02  9.219e-01  
8.392e-01  1.516e-01  
8.478e-01  1.340e-01  
4.075e-02  8.488e-01  
6.805e-01  2.169e-01  
8.855e-01  9.392e-02  
9.898e-01  3.848e-02  
9.607e-01  4.946e-02  
1.011e+00  2.671e-02  
2.405e-01  5.832e-01  
9.898e-01  3.848e-02  
7.040e-01  2.183e-01  
8.402e-01  1.891e-01  
8.363e-01  1.544e-01  
2.137e-02  9.149e-01  
4.236e-01  3.794e-01  
8.409e-01  1.256e-01  
8.409e-01  1.256e-01  
7.016e-01  2.170e-01  
2.185e-02  8.949e-01  
2.794e-01  5.562e-01  
6.014e-02  8.663e-01  
1.919e-01  6.078e-01  
4.961e-01  3.826e-01  
3.365e-01  5.035e-01  
2.910e-01  5.771e-01  
8.426e-01  1.494e-01  
9.635e-02  7.722e-01  
1.918e-01  6.588e-01  
6.530e-01  3.023e-01  
6.729e-02  8.739e-01  
8.448e-02  8.078e-01  
2.405e-01  5.832e-01  
5.900e-01  2.900e-01  
6.648e-01  2.379e-01  
1.642e-01  6.722e-01  
3.521e-02  1.089e+00  
9.508e-01  1.200e-01  
1.247e-01  7.397e-01  
4.075e-02  8.488e-01  
1.425e-01  6.999e-01  
5.374e-01  3.170e-01  
4.512e-01  3.866e-01  
9.354e-02  7.565e-01  
6.505e-01  3.041e-01  
5.520e-01  2.916e-01  
3.459e-01  4.513e-01  
3.871e-01  4.329e-01  
2.412e-01  5.689e-01  
5.850e-01  3.001e-01  
4.053e-01  4.289e-01  
3.038e-02  1.011e+00  
3.521e-01  5.000e-01  
6.045e-01  2.453e-01  
4.456e-01  3.752e-01  
3.459e-01  4.513e-01  
4.755e-01  3.706e-01  
2.679e-02  9.018e-01  
3.435e-01  4.836e-01  
4.440e-01  3.712e-01  
4.385e-01  3.938e-01  
1.284e-01  7.434e-01  
2.899e-01  5.574e-01  
4.369e-01  3.725e-01  
8.341e-01  2.049e-01  
1.064e-01  7.548e-01  
4.452e-01  3.739e-01  
5.357e-01  3.073e-01  
5.520e-01  2.916e-01  
2.405e-01  5.832e-01  
5.374e-01  3.211e-01  
5.357e-01  3.073e-01  
5.374e-01  3.211e-01  
2.899e-01  5.574e-01  
8.409e-01  1.325e-01  
2.655e-01  5.305e-01  
9.941e-02  7.619e-01  
9.163e-01  1.083e-01  
5.754e-01  2.759e-01  
5.941e-01  2.726e-01  
9.941e-02  7.619e-01  
4.369e-01  3.725e-01  
3.926e-01  4.353e-01  
3.871e-01  4.329e-01  
1.559e-01  7.402e-01  
2.259e-01  5.774e-01  
3.616e-01  4.762e-01  
5.559e-01  3.049e-01  
8.473e-01  1.668e-01  
3.338e-01  4.371e-01  
2.899e-01  5.574e-01  
6.638e-01  2.595e-01  
2.573e-01  5.482e-01  
4.369e-01  3.725e-01  
5.520e-01  2.916e-01  
2.629e-01  6.202e-01  
8.409e-01  1.256e-01  
1.425e-01  6.999e-01  
5.323e-01  3.047e-01  
1.768e-01  6.518e-01  
4.123e-01  3.971e-01  
4.961e-01  3.826e-01  
1.642e-01  6.722e-01  
1.831e-01  6.255e-01  
8.369e-01  1.559e-01  
3.442e-01  4.424e-01  
3.338e-01  4.371e-01  
5.559e-01  3.049e-01  
2.891e-01  5.080e-01  
3.521e-01  5.000e-01  
3.459e-01  4.513e-01  
8.331e-02  7.929e-01  
4.755e-01  3.706e-01  
4.071e-01  4.304e-01  
2.679e-02  9.018e-01  
3.594e-01  4.435e-01  
2.933e-01  5.139e-01  
8.344e-01  1.700e-01  
5.323e-01  3.047e-01  
5.254e-01  3.191e-01  
6.299e-01  2.684e-01  
3.348e-01  4.316e-01  
2.794e-01  5.562e-01  
2.573e-01  5.482e-01  
4.512e-01  3.866e-01  
6.299e-01  2.684e-01  
4.897e-01  3.539e-01  
7.312e-01  2.118e-01  
1.676e-01  6.740e-01  
9.607e-01  4.946e-02  
8.331e-02  7.929e-01  
5.374e-01  3.211e-01  
4.756e-01  3.742e-01  
3.338e-01  4.371e-01  
4.897e-01  3.539e-01  
1.035e-01  7.761e-01  
4.435e-01  3.885e-01  
3.801e-01  4.772e-01  
4.512e-01  3.866e-01  
9.696e-01  8.669e-02  
6.315e-01  2.414e-01  
5.327e-01  3.243e-01  
1.351e-01  7.439e-01  
3.038e-02  1.011e+00  
3.136e-01  5.360e-01  
8.363e-01  1.544e-01  
3.616e-01  4.529e-01  
8.317e-01  1.916e-01  
2.601e-02  9.847e-01  
9.776e-01  3.672e-02  
4.613e-01  3.777e-01  
1.883e-01  6.334e-01  
6.825e-01  2.209e-01  
3.371e-02  8.818e-01  
8.418e-01  1.312e-01  
8.438e-01  1.438e-01  
6.331e-02  8.382e-01  
2.734e-01  5.771e-01  
3.459e-01  4.513e-01  
3.620e-01  4.303e-01  
8.459e-01  1.154e-01  
8.409e-01  1.256e-01  
1.766e-01  6.826e-01  
7.016e-01  2.170e-01  
6.757e-01  2.317e-01  
3.029e-01  5.334e-01  
4.130e-01  4.130e-01  
2.857e-01  5.663e-01  
4.053e-01  4.289e-01  
4.921e-01  3.484e-01  
1.778e-01  6.249e-01  
7.236e-01  2.181e-01  
1.925e-01  6.327e-01  
9.163e-01  1.083e-01  
2.822e-01  5.400e-01  
3.927e-01  4.088e-01  
3.819e-01  5.100e-01  
1.634e-01  6.531e-01  
1.831e-01  6.255e-01  
4.458e-01  3.763e-01  
6.328e-01  2.529e-01  
6.400e-01  2.316e-01  
3.445e-01  4.748e-01  
5.967e-01  2.574e-01  
5.967e-01  2.574e-01  
4.075e-02  8.488e-01  
6.281e-01  2.398e-01  
9.457e-01  1.018e-01  
1.676e-01  6.740e-01  
1.609e-01  6.911e-01  
2.921e-01  5.357e-01  
3.542e-01  4.363e-01  
1.889e-01  6.260e-01  
1.883e-01  6.334e-01  
3.435e-01  4.836e-01  
2.412e-01  5.689e-01  
4.388e-01  3.671e-01  
5.754e-01  2.759e-01  
8.448e-02  8.078e-01  
8.470e-01  1.787e-01  
3.871e-01  4.329e-01  
5.660e-02  9.083e-01  
1.228e-01  7.484e-01  
7.236e-01  2.181e-01  
2.412e-01  5.689e-01  
1.762e-01  6.892e-01  
2.680e-01  5.542e-01  
9.554e-01  7.293e-02  
9.457e-01  1.018e-01  
2.656e-01  5.728e-01  
9.776e-01  3.672e-02  
4.961e-01  3.826e-01  
2.899e-01  5.574e-01  
8.512e-01  1.142e-01  
1.883e-01  6.334e-01  
2.282e-02  8.826e-01  
1.011e+00  2.671e-02  
1.642e-01  6.722e-01  
1.228e-01  7.484e-01  
6.825e-01  2.209e-01  
9.554e-01  7.293e-02  
6.648e-01  2.379e-01  
8.375e-01  1.522e-01  
9.487e-01  5.605e-02  
1.642e-01  6.722e-01  
1.762e-01  6.892e-01  
7.016e-01  2.170e-01  
5.941e-01  2.726e-01  
9.898e-01  3.848e-02  
4.897e-01  3.539e-01  
7.236e-01  2.181e-01  
8.320e-01  1.834e-01  
9.487e-01  5.605e-02  
9.800e-01  7.945e-02  
6.331e-02  8.382e-01  
1.468e-01  7.047e-01  
7.016e-01  2.170e-01  
1.035e-01  7.761e-01  
8.438e-01  1.438e-01  
2.899e-01  5.574e-01  
5.027e-02  8.787e-01  
3.029e-01  5.334e-01  
1.094e-01  7.512e-01  
1.889e-01  6.260e-01  
3.075e-02  8.554e-01  
8.417e-01  1.170e-01  
9.222e-01  8.180e-02  
1.020e+00  3.488e-02  
9.354e-02  7.565e-01  
1.898e-02  1.021e+00  
8.363e-01  1.544e-01  
9.819e-02  7.811e-01  
9.457e-01  1.018e-01  
9.594e-01  5.022e-02  
9.467e-01  7.350e-02  
3.115e-02  9.268e-01  
9.600e-01  4.295e-02  
2.601e-02  9.847e-01  
9.776e-01  3.672e-02  
9.222e-01  8.180e-02  
9.354e-02  7.565e-01  
6.825e-01  2.209e-01  
1.049e+00  2.574e-02  
8.448e-02  8.078e-01  
9.597e-01  4.649e-02  
9.530e-01  6.598e-02  
8.320e-01  1.834e-01  
2.185e-02  8.949e-01  
8.683e-01  1.188e-01  
9.457e-01  1.018e-01  
9.771e-01  3.764e-02  
9.530e-01  6.598e-02  
3.327e-01  5.510e-01  
1.069e-01  7.535e-01  
9.696e-01  8.669e-02  
2.679e-02  9.018e-01  
1.094e-01  7.512e-01  
3.115e-02  9.268e-01  
6.442e-01  2.360e-01  
8.391e-01  1.487e-01  
9.079e-02  7.556e-01  
7.016e-01  2.170e-01  
1.011e+00  2.671e-02  
2.500e-01  5.693e-01  
2.412e-01  5.689e-01  
2.870e-01  5.236e-01  
4.369e-01  3.725e-01  
8.855e-01  9.392e-02  
3.115e-02  9.268e-01  
1.952e-01  6.117e-01  
8.810e-01  9.656e-02  
6.949e-01  2.075e-01  
6.729e-02  8.739e-01  
1.020e+00  3.488e-02  
5.204e-01  3.524e-01  
3.445e-01  4.748e-01  
9.899e-01  3.074e-02  
6.805e-01  2.169e-01  
7.236e-01  2.181e-01  
2.642e-01  5.256e-01  
2.573e-01  5.482e-01  
8.331e-02  7.929e-01  
4.075e-02  8.488e-01  
1.923e-01  6.255e-01  
1.778e-01  6.249e-01  
4.369e-01  3.725e-01  
4.961e-01  3.826e-01  
3.616e-01  4.762e-01  
8.473e-01  1.668e-01  
3.392e-01  4.488e-01  
4.755e-01  3.706e-01  
8.473e-01  1.668e-01  
9.079e-02  7.556e-01  
7.081e-01  2.156e-01  
2.933e-01  5.139e-01  
3.423e-01  5.138e-01  
9.776e-01  3.672e-02  
3.395e-01  4.524e-01  
1.576e-01  6.782e-01  
2.794e-01  5.562e-01  
3.136e-01  5.360e-01  
5.504e-01  2.864e-01  
1.642e-01  6.722e-01  
3.395e-01  4.524e-01  
9.776e-01  3.672e-02  
7.312e-01  2.118e-01  
2.259e-01  5.774e-01  
1.020e+00  3.488e-02  
1.393e-01  7.408e-01  
5.374e-01  3.211e-01  
4.385e-01  3.938e-01  
1.284e-01  7.434e-01  
5.498e-01  2.879e-01  
9.554e-01  7.293e-02  
9.530e-01  6.598e-02  
4.385e-01  3.938e-01  
6.331e-02  8.382e-01  
3.926e-01  4.353e-01  
2.734e-01  5.771e-01  
2.073e-02  9.658e-01  
1.040e-01  7.571e-01  
4.388e-01  3.671e-01  
6.621e-01  2.257e-01  
4.512e-01  3.866e-01  
3.038e-02  1.011e+00  
2.733e-02  1.006e+00  
4.961e-01  3.826e-01  
4.536e-01  4.058e-01  
6.825e-01  2.209e-01  
1.284e-01  7.434e-01  
4.130e-01  4.130e-01  
