1.635e-03  1.138e+00  
1.000e+00  8.928e-06  
4.223e-01  4.046e-01  
7.333e-01  2.092e-01  
2.465e-01  7.278e-01  
5.353e-01  3.610e-01  
8.386e-02  9.988e-01  
3.192e-01  5.406e-01  
8.886e-01  1.023e-01  
9.322e-01  5.901e-02  
1.195e-02  1.002e+00  
5.136e-01  3.862e-01  
6.184e-01  2.923e-01  
3.018e-01  5.780e-01  
3.489e-01  5.058e-01  
7.899e-01  1.619e-01  
2.181e-01  8.521e-01  
8.386e-02  9.988e-01  
5.710e-01  3.017e-01  
7.969e-01  1.555e-01  
3.425e-01  5.640e-01  
4.252e-01  4.206e-01  
4.194e-01  4.853e-01  
8.877e-01  8.813e-02  
5.154e-01  3.612e-01  
9.646e-01  2.788e-02  
2.563e-01  6.834e-01  
2.030e-02  1.013e+00  
3.593e-01  5.674e-01  
5.585e-02  1.007e+00  
6.743e-01  2.673e-01  
7.761e-01  2.086e-01  
2.181e-01  8.521e-01  
7.608e-01  1.835e-01  
9.258e-01  6.545e-02  
3.704e-02  1.021e+00  
2.916e-01  5.957e-01  
1.191e-03  9.995e-01  
7.938e-03  9.996e-01  
5.448e-01  3.152e-01  
3.968e-01  4.467e-01  
5.353e-01  3.610e-01  
3.499e-01  5.267e-01  
2.799e-01  7.062e-01  
6.588e-03  1.066e+00  
6.986e-01  2.445e-01  
4.981e-01  3.375e-01  
9.655e-01  6.966e-02  
4.659e-01  3.799e-01  
2.679e-01  7.159e-01  
4.532e-01  4.612e-01  
3.192e-01  5.406e-01  
3.667e-03  1.067e+00  
5.454e-01  3.173e-01  
5.759e-02  9.986e-01  
4.557e-01  4.215e-01  
6.872e-01  2.715e-01  
1.000e+00  4.414e-06  
2.350e-01  8.077e-01  
9.309e-01  7.098e-02  
8.748e-01  1.438e-01  
4.114e-01  5.171e-01  
7.969e-01  1.555e-01  
7.246e-01  2.282e-01  
2.162e-01  8.420e-01  
8.094e-01  1.581e-01  
2.972e-02  9.992e-01  
6.986e-01  2.615e-01  
4.557e-01  4.215e-01  
4.801e-01  4.089e-01  
7.333e-01  2.092e-01  
2.371e-01  7.837e-01  
5.656e-01  3.061e-01  
3.593e-01  5.674e-01  
4.111e-01  4.435e-01  
8.450e-02  1.059e+00  
1.578e-03  1.027e+00  
7.729e-01  1.573e-01  
5.371e-01  3.262e-01  
9.815e-01  1.202e-02  
5.314e-01  3.064e-01  
3.025e-01  5.931e-01  
4.194e-01  4.853e-01  
5.022e-01  3.620e-01  
3.796e-01  4.732e-01  
5.714e-01  3.652e-01  
7.676e-02  1.000e+00  
1.195e-02  1.002e+00  
3.347e-01  5.178e-01  
5.022e-01  3.620e-01  
2.564e-01  6.917e-01  
6.935e-01  2.400e-01  
9.258e-01  6.545e-02  
1.579e-02  1.015e+00  
8.985e-01  1.173e-01  
2.563e-01  6.834e-01  
4.786e-01  4.298e-01  
6.140e-01  2.847e-01  
2.836e-01  5.893e-01  
4.980e-01  4.175e-01  
1.852e-02  1.024e+00  
5.759e-02  9.986e-01  
4.990e-01  3.413e-01  
9.240e-02  1.001e+00  
6.317e-01  2.692e-01  
7.729e-01  1.573e-01  
2.030e-02  1.013e+00  
4.252e-01  4.206e-01  
6.744e-01  2.409e-01  
7.333e-01  2.092e-01  
3.489e-01  5.058e-01  
2.515e-01  7.821e-01  
3.025e-01  5.931e-01  
3.542e-01  5.572e-01  
2.829e-01  6.198e-01  
9.078e-01  9.298e-02  
2.224e-01  8.588e-01  
7.767e-01  1.570e-01  
4.000e-02  1.062e+00  
8.581e-01  1.141e-01  
9.774e-01  1.868e-02  
2.403e-01  7.496e-01  
9.140e-01  5.734e-02  
2.197e-01  8.091e-01  
6.993e-01  2.404e-01  
6.439e-03  1.055e+00  
9.286e-01  6.565e-02  
3.255e-01  5.065e-01  
9.926e-01  7.106e-03  
3.192e-01  5.406e-01  
9.232e-01  8.410e-02  
5.759e-02  9.986e-01  
1.746e-01  9.988e-01  
3.152e-02  1.002e+00  
9.815e-01  1.202e-02  
8.985e-01  1.173e-01  
9.926e-01  7.106e-03  
2.726e-01  6.263e-01  
7.758e-01  1.591e-01  
2.385e-01  6.971e-01  
2.508e-02  9.987e-01  
6.466e-01  2.708e-01  
6.819e-01  2.445e-01  
3.212e-01  5.107e-01  
3.498e-01  5.238e-01  
4.532e-01  4.612e-01  
2.350e-01  8.077e-01  
5.346e-01  3.704e-01  
8.386e-02  9.988e-01  
2.908e-01  6.637e-01  
3.012e-01  5.895e-01  
7.728e-01  1.574e-01  
3.192e-01  5.406e-01  
4.542e-01  3.772e-01  
2.232e-01  7.136e-01  
6.219e-01  3.273e-01  
2.232e-01  7.136e-01  
2.663e-01  7.471e-01  
4.980e-01  4.175e-01  
5.714e-01  3.652e-01  
6.743e-01  2.673e-01  
2.908e-01  6.637e-01  
5.151e-01  3.398e-01  
2.428e-01  8.398e-01  
3.704e-01  4.504e-01  
3.498e-01  5.238e-01  
4.114e-01  5.171e-01  
4.981e-01  3.375e-01  
9.743e-01  2.134e-02  
5.113e-01  3.690e-01  
4.252e-01  4.206e-01  
6.558e-01  3.267e-01  
6.117e-03  1.145e+00  
4.659e-01  3.799e-01  
2.605e-02  1.014e+00  
5.305e-01  3.244e-01  
8.450e-02  1.059e+00  
3.744e-01  4.516e-01  
7.938e-03  9.996e-01  
5.022e-01  3.620e-01  
7.291e-01  2.501e-01  
3.425e-01  5.640e-01  
3.968e-01  4.467e-01  
4.410e-01  4.831e-01  
8.748e-01  1.438e-01  
7.569e-01  1.630e-01  
2.563e-01  6.834e-01  
3.968e-01  4.467e-01  
5.136e-01  3.862e-01  
3.593e-01  5.674e-01  
4.659e-01  3.799e-01  
6.184e-01  2.923e-01  
4.483e-01  4.198e-01  
3.977e-01  4.304e-01  
9.346e-01  4.899e-02  
7.761e-01  2.086e-01  
3.506e-01  4.903e-01  
6.858e-01  2.704e-01  
3.289e-01  5.742e-01  
8.450e-02  1.059e+00  
5.353e-01  3.610e-01  
3.012e-01  5.895e-01  
4.252e-01  4.206e-01  
9.530e-01  6.760e-02  
2.871e-01  5.322e-01  
6.261e-01  2.959e-01  
5.022e-01  3.620e-01  
7.596e-02  1.000e+00  
8.748e-01  1.438e-01  
1.174e-02  1.041e+00  
9.322e-01  5.901e-02  
6.819e-01  2.445e-01  
6.558e-01  3.267e-01  
2.403e-01  7.496e-01  
4.252e-01  4.206e-01  
9.300e-01  4.617e-02  
7.291e-01  2.501e-01  
6.999e-01  2.464e-01  
6.993e-01  2.404e-01  
3.179e-02  9.992e-01  
2.300e-01  7.333e-01  
2.213e-01  7.877e-01  
3.302e-02  9.991e-01  
7.110e-01  2.402e-01  
9.774e-01  1.868e-02  
2.515e-01  7.821e-01  
2.224e-01  8.588e-01  
2.142e-01  8.409e-01  
2.901e-01  5.479e-01  
5.616e-02  1.004e+00  
8.324e-01  1.324e-01  
8.885e-01  9.661e-02  
1.635e-03  1.138e+00  
3.347e-01  5.178e-01  
7.340e-01  2.486e-01  
7.948e-01  1.861e-01  
2.871e-01  5.322e-01  
4.990e-02  1.004e+00  
1.578e-03  1.027e+00  
6.184e-01  2.923e-01  
3.667e-03  1.067e+00  
2.972e-02  9.992e-01  
9.655e-01  6.966e-02  
2.258e-01  8.022e-01  
8.886e-01  1.023e-01  
7.969e-01  1.555e-01  
2.563e-01  6.834e-01  
9.140e-01  5.734e-02  
3.499e-01  5.267e-01  
1.578e-03  1.027e+00  
8.748e-01  1.438e-01  
8.612e-01  1.137e-01  
5.585e-02  1.007e+00  
7.581e-01  2.189e-01  
9.258e-01  6.545e-02  
1.000e+00  5.438e-06  
1.040e+00  5.127e-02  
9.621e-01  4.567e-02  
2.792e-01  5.939e-01  
9.815e-01  1.202e-02  
7.333e-01  2.092e-01  
8.094e-01  1.581e-01  
7.932e-01  1.385e-01  
2.012e-02  9.992e-01  
4.980e-01  4.175e-01  
8.756e-01  1.025e-01  
8.215e-01  1.624e-01  
7.729e-01  1.573e-01  
1.285e-02  1.022e+00  
3.499e-01  5.267e-01  
2.972e-02  9.992e-01  
2.232e-01  7.136e-01  
4.542e-01  3.772e-01  
3.980e-01  5.779e-01  
3.347e-01  5.178e-01  
7.569e-01  1.630e-01  
1.578e-03  1.027e+00  
2.300e-01  7.333e-01  
6.858e-01  2.704e-01  
1.285e-02  1.022e+00  
8.450e-02  1.059e+00  
2.403e-01  7.496e-01  
6.799e-01  2.991e-01  
6.744e-01  2.409e-01  
2.663e-01  7.471e-01  
1.116e-02  1.053e+00  
9.286e-01  6.565e-02  
1.107e-01  9.991e-01  
1.174e-02  1.041e+00  
2.181e-01  8.521e-01  
5.371e-01  3.262e-01  
5.019e-01  3.982e-01  
8.386e-02  9.988e-01  
6.140e-01  2.847e-01  
5.371e-01  3.262e-01  
4.110e-01  4.810e-01  
4.111e-01  4.435e-01  
2.563e-01  6.834e-01  
6.028e-01  3.164e-01  
4.292e-01  4.364e-01  
1.155e-03  1.043e+00  
3.921e-01  5.478e-01  
6.941e-01  2.956e-01  
4.659e-01  3.799e-01  
4.410e-01  4.831e-01  
5.022e-01  3.620e-01  
1.852e-02  1.024e+00  
4.110e-01  4.810e-01  
4.990e-01  3.413e-01  
4.137e-01  4.159e-01  
1.957e-01  9.989e-01  
2.799e-01  7.062e-01  
4.980e-01  4.175e-01  
7.729e-01  1.573e-01  
2.553e-02  1.001e+00  
4.694e-01  3.677e-01  
5.448e-01  3.152e-01  
6.261e-01  2.959e-01  
2.915e-01  5.539e-01  
5.557e-01  3.262e-01  
5.312e-01  3.214e-01  
5.151e-01  3.398e-01  
2.871e-01  5.322e-01  
8.675e-01  1.229e-01  
3.499e-01  5.267e-01  
7.938e-03  9.996e-01  
9.435e-01  6.793e-02  
6.941e-01  2.956e-01  
6.986e-01  2.615e-01  
7.676e-02  1.000e+00  
4.659e-01  3.799e-01  
4.114e-01  4.433e-01  
4.198e-01  4.706e-01  
1.195e-02  1.002e+00  
2.726e-01  6.263e-01  
3.212e-01  5.107e-01  
5.714e-01  3.652e-01  
9.655e-01  6.966e-02  
3.684e-01  4.568e-01  
2.799e-01  7.062e-01  
6.993e-01  2.404e-01  
2.350e-01  8.077e-01  
4.542e-01  3.772e-01  
6.184e-01  2.923e-01  
2.197e-01  8.091e-01  
8.748e-01  1.438e-01  
2.428e-01  8.398e-01  
5.714e-01  3.652e-01  
2.162e-01  8.420e-01  
4.252e-01  4.206e-01  
4.659e-01  3.799e-01  
2.320e-01  6.779e-01  
2.631e-01  7.538e-01  
8.214e-01  1.404e-01  
3.593e-01  5.674e-01  
3.542e-01  5.572e-01  
6.184e-01  2.923e-01  
3.151e-01  5.124e-01  
3.412e-01  4.744e-01  
4.114e-01  5.171e-01  
8.676e-02  9.988e-01  
4.532e-01  4.612e-01  
4.557e-01  4.215e-01  
5.441e-02  1.010e+00  
4.091e-01  5.079e-01  
3.289e-01  5.742e-01  
7.569e-01  1.630e-01  
4.981e-01  3.375e-01  
5.729e-01  3.149e-01  
6.656e-01  2.602e-01  
3.542e-01  5.572e-01  
2.969e-01  5.228e-01  
2.908e-01  6.637e-01  
5.022e-01  3.620e-01  
7.291e-01  2.501e-01  
5.714e-01  3.652e-01  
7.739e-01  1.856e-01  
2.563e-01  6.834e-01  
9.346e-01  4.899e-02  
3.856e-02  9.993e-01  
6.028e-01  3.164e-01  
4.976e-01  3.628e-01  
3.499e-01  5.267e-01  
5.154e-01  3.612e-01  
1.316e-02  1.000e+00  
4.323e-01  3.955e-01  
3.289e-01  5.742e-01  
4.694e-01  3.677e-01  
9.530e-01  6.760e-02  
6.999e-01  2.464e-01  
5.314e-01  3.064e-01  
1.340e-02  9.993e-01  
2.012e-02  9.992e-01  
3.289e-01  5.742e-01  
8.346e-01  1.577e-01  
4.786e-01  4.298e-01  
8.094e-01  1.581e-01  
4.851e-03  1.039e+00  
9.815e-01  1.202e-02  
5.371e-01  3.262e-01  
2.403e-01  7.496e-01  
7.333e-01  2.092e-01  
1.285e-02  1.022e+00  
8.612e-01  1.137e-01  
8.094e-01  1.581e-01  
2.972e-02  9.992e-01  
3.025e-01  5.931e-01  
4.110e-01  4.810e-01  
4.292e-01  4.364e-01  
8.656e-01  9.795e-02  
7.569e-01  1.630e-01  
2.580e-01  8.265e-01  
7.948e-01  1.861e-01  
7.246e-01  2.282e-01  
3.151e-01  5.124e-01  
4.516e-01  4.016e-01  
2.915e-01  5.539e-01  
4.532e-01  4.612e-01  
5.371e-01  3.262e-01  
2.403e-01  7.496e-01  
7.182e-01  1.938e-01  
2.216e-01  7.406e-01  
9.157e-01  8.739e-02  
3.095e-01  5.690e-01  
4.516e-01  4.016e-01  
3.684e-01  4.568e-01  
2.350e-01  8.077e-01  
2.197e-01  8.091e-01  
4.902e-01  3.640e-01  
6.941e-01  2.956e-01  
7.340e-01  2.486e-01  
3.151e-01  5.124e-01  
6.625e-01  2.947e-01  
6.941e-01  2.956e-01  
1.285e-02  1.022e+00  
6.744e-01  2.409e-01  
9.199e-01  9.732e-02  
2.181e-01  8.521e-01  
2.162e-01  8.420e-01  
3.347e-01  5.178e-01  
4.198e-01  4.706e-01  
2.216e-01  7.406e-01  
2.162e-01  8.420e-01  
3.499e-01  5.267e-01  
2.908e-01  6.637e-01  
5.019e-01  3.982e-01  
7.246e-01  2.282e-01  
2.553e-02  1.001e+00  
7.729e-01  1.573e-01  
4.137e-01  4.159e-01  
2.734e-02  1.006e+00  
2.012e-02  9.992e-01  
7.333e-01  2.092e-01  
2.908e-01  6.637e-01  
2.162e-01  8.420e-01  
2.871e-01  5.322e-01  
9.300e-01  4.617e-02  
9.078e-01  9.298e-02  
2.916e-01  5.957e-01  
9.774e-01  1.868e-02  
4.981e-01  3.375e-01  
2.908e-01  6.637e-01  
8.886e-01  1.023e-01  
2.371e-01  7.837e-01  
6.399e-03  1.045e+00  
1.000e+00  1.525e-06  
2.403e-01  7.496e-01  
1.340e-02  9.993e-01  
7.761e-01  2.086e-01  
9.774e-01  1.868e-02  
7.271e-01  2.572e-01  
8.324e-01  1.324e-01  
9.655e-01  6.966e-02  
2.197e-01  8.091e-01  
2.181e-01  8.521e-01  
7.098e-01  2.165e-01  
6.184e-01  2.923e-01  
9.774e-01  1.868e-02  
5.371e-01  3.262e-01  
6.993e-01  2.404e-01  
7.758e-01  1.591e-01  
9.346e-01  4.899e-02  
1.000e+00  4.414e-06  
1.931e-02  1.002e+00  
2.162e-01  8.420e-01  
7.728e-01  2.115e-01  
7.596e-02  1.000e+00  
8.886e-01  1.023e-01  
2.734e-01  6.313e-01  
1.285e-02  1.022e+00  
3.561e-01  5.841e-01  
4.651e-03  1.000e+00  
2.310e-01  7.549e-01  
1.852e-02  1.024e+00  
8.946e-01  1.173e-01  
9.140e-01  5.734e-02  
9.655e-01  6.966e-02  
7.029e-02  1.001e+00  
1.635e-03  1.138e+00  
8.324e-01  1.324e-01  
2.012e-02  9.992e-01  
9.258e-01  6.545e-02  
9.774e-01  1.868e-02  
9.300e-01  4.617e-02  
1.285e-02  1.022e+00  
9.646e-01  2.788e-02  
1.361e-02  1.009e+00  
1.000e+00  1.525e-06  
9.621e-01  4.567e-02  
1.578e-03  1.027e+00  
7.569e-01  1.630e-01  
1.000e+00  4.414e-06  
3.302e-02  9.991e-01  
9.617e-01  2.690e-02  
9.286e-01  6.565e-02  
7.969e-01  1.555e-01  
2.487e-03  1.046e+00  
8.612e-01  1.137e-01  
9.530e-01  6.760e-02  
9.774e-01  1.868e-02  
9.387e-01  4.580e-02  
3.151e-01  5.124e-01  
8.450e-02  1.059e+00  
9.258e-01  6.545e-02  
1.880e-02  1.053e+00  
5.759e-02  9.986e-01  
2.012e-02  9.992e-01  
6.986e-01  2.445e-01  
8.886e-01  1.023e-01  
5.253e-02  9.989e-01  
7.729e-01  1.573e-01  
1.000e+00  1.972e-06  
2.915e-01  5.539e-01  
2.829e-01  6.198e-01  
3.343e-01  5.579e-01  
5.398e-01  3.599e-01  
9.199e-01  9.732e-02  
6.602e-03  1.047e+00  
2.320e-01  6.779e-01  
8.935e-01  7.885e-02  
7.526e-01  1.803e-01  
9.240e-02  1.001e+00  
9.646e-01  2.788e-02  
5.151e-01  3.398e-01  
4.114e-01  5.171e-01  
9.815e-01  1.202e-02  
7.291e-01  2.501e-01  
7.481e-01  1.996e-01  
3.192e-01  5.406e-01  
2.829e-01  6.198e-01  
5.441e-02  1.010e+00  
1.174e-02  1.041e+00  
2.216e-01  7.406e-01  
2.395e-01  7.278e-01  
5.113e-01  3.690e-01  
4.981e-01  3.375e-01  
3.796e-01  4.732e-01  
8.127e-01  1.430e-01  
2.871e-01  5.322e-01  
5.019e-01  3.366e-01  
8.985e-01  1.173e-01  
1.931e-02  1.002e+00  
7.722e-01  2.040e-01  
3.155e-01  5.560e-01  
2.871e-01  5.322e-01  
9.658e-01  2.898e-02  
3.337e-01  4.897e-01  
2.131e-01  8.093e-01  
2.871e-01  5.322e-01  
3.561e-01  5.841e-01  
5.353e-01  3.610e-01  
2.142e-01  8.409e-01  
3.718e-01  4.504e-01  
9.774e-01  1.868e-02  
8.094e-01  1.581e-01  
2.916e-01  5.957e-01  
1.000e+00  2.449e-07  
2.197e-01  8.091e-01  
5.714e-01  3.652e-01  
4.114e-01  4.433e-01  
2.972e-02  9.992e-01  
5.808e-01  2.809e-01  
9.530e-01  6.760e-02  
9.655e-01  6.966e-02  
4.413e-01  4.344e-01  
5.616e-02  1.004e+00  
4.179e-01  4.062e-01  
3.025e-01  5.931e-01  
1.155e-03  1.043e+00  
4.990e-02  1.004e+00  
4.694e-01  3.677e-01  
7.085e-01  2.322e-01  
5.398e-01  3.599e-01  
1.231e-02  1.040e+00  
6.399e-03  1.045e+00  
4.466e-01  3.951e-01  
4.137e-01  4.159e-01  
6.986e-01  2.445e-01  
2.197e-01  8.091e-01  
4.137e-01  4.159e-01  
