4.390e-02  1.084e+00  
1.165e+00  3.514e-02  
6.901e-01  6.906e-01  
8.715e-01  4.069e-01  
1.998e-01  1.033e+00  
8.598e-01  5.255e-01  
5.200e-02  1.084e+00  
5.564e-01  8.304e-01  
1.028e+00  1.670e-01  
1.114e+00  6.633e-02  
4.463e-02  1.082e+00  
7.621e-01  6.089e-01  
8.715e-01  4.069e-01  
3.723e-01  1.009e+00  
6.204e-01  8.032e-01  
1.021e+00  1.995e-01  
1.998e-01  1.033e+00  
1.963e-01  1.031e+00  
8.638e-01  4.285e-01  
1.038e+00  1.317e-01  
5.226e-01  9.065e-01  
7.181e-01  6.347e-01  
6.881e-01  7.373e-01  
1.039e+00  1.460e-01  
8.245e-01  5.898e-01  
1.105e+00  5.824e-02  
1.949e-01  1.031e+00  
4.278e-02  1.084e+00  
5.564e-01  8.304e-01  
4.402e-02  1.082e+00  
8.939e-01  3.712e-01  
1.025e+00  2.031e-01  
1.764e-01  1.032e+00  
1.025e+00  2.471e-01  
1.104e+00  7.150e-02  
6.489e-02  1.083e+00  
3.829e-01  9.679e-01  
5.289e-02  1.082e+00  
8.426e-02  1.084e+00  
8.588e-01  4.918e-01  
6.095e-01  8.016e-01  
8.598e-01  5.255e-01  
5.564e-01  8.304e-01  
3.605e-01  1.015e+00  
1.757e-01  1.031e+00  
8.727e-01  4.000e-01  
7.747e-01  6.039e-01  
1.123e+00  5.287e-02  
7.061e-01  6.600e-01  
1.998e-01  1.033e+00  
6.891e-01  7.106e-01  
5.564e-01  8.304e-01  
4.463e-02  1.082e+00  
8.939e-01  3.712e-01  
4.368e-02  1.084e+00  
7.152e-01  6.351e-01  
8.727e-01  4.000e-01  
1.143e+00  5.220e-02  
1.902e-01  1.031e+00  
1.029e+00  1.508e-01  
1.026e+00  1.947e-01  
5.920e-01  8.206e-01  
1.022e+00  2.163e-01  
9.378e-01  3.324e-01  
1.726e-01  1.031e+00  
1.021e+00  2.062e-01  
7.328e-02  1.085e+00  
9.280e-01  3.700e-01  
7.125e-01  6.515e-01  
7.424e-01  6.136e-01  
1.027e+00  1.895e-01  
1.817e-01  1.030e+00  
8.765e-01  3.994e-01  
5.264e-01  8.727e-01  
6.913e-01  6.904e-01  
1.726e-01  1.031e+00  
8.381e-02  1.086e+00  
1.035e+00  1.481e-01  
8.643e-01  5.019e-01  
1.112e+00  6.633e-02  
8.598e-01  4.613e-01  
5.247e-01  8.901e-01  
6.623e-01  7.917e-01  
8.755e-01  5.812e-01  
6.361e-01  8.044e-01  
8.588e-01  4.918e-01  
1.912e-01  1.031e+00  
4.463e-02  1.082e+00  
6.419e-01  7.953e-01  
8.245e-01  5.898e-01  
1.757e-01  1.031e+00  
9.743e-01  3.331e-01  
1.116e+00  6.442e-02  
6.489e-02  1.083e+00  
1.035e+00  1.481e-01  
2.207e-01  1.067e+00  
7.125e-01  6.515e-01  
8.679e-01  4.186e-01  
5.226e-01  9.065e-01  
7.181e-01  6.347e-01  
5.257e-02  1.083e+00  
1.963e-01  1.031e+00  
7.739e-01  6.076e-01  
4.559e-02  1.083e+00  
8.952e-01  3.842e-01  
1.025e+00  1.745e-01  
4.370e-02  1.082e+00  
6.988e-01  6.649e-01  
8.715e-01  4.069e-01  
1.027e+00  2.034e-01  
6.038e-01  8.128e-01  
1.781e-01  1.030e+00  
5.226e-01  9.065e-01  
5.849e-01  8.266e-01  
1.866e-01  1.031e+00  
1.026e+00  1.947e-01  
1.787e-01  1.031e+00  
1.038e+00  1.317e-01  
8.426e-02  1.084e+00  
1.035e+00  1.481e-01  
1.114e+00  5.573e-02  
3.723e-01  1.009e+00  
1.099e+00  8.105e-02  
1.865e-01  1.030e+00  
1.027e+00  2.034e-01  
4.516e-02  1.085e+00  
1.115e+00  5.718e-02  
5.432e-01  8.494e-01  
1.143e+00  3.595e-02  
5.363e-01  8.536e-01  
1.032e+00  1.440e-01  
1.722e-01  1.031e+00  
1.963e-01  1.031e+00  
5.908e-02  1.082e+00  
1.143e+00  3.677e-02  
1.028e+00  1.820e-01  
1.111e+00  4.345e-02  
3.723e-01  1.009e+00  
1.026e+00  1.754e-01  
1.878e-01  1.033e+00  
4.432e-02  1.086e+00  
8.646e-01  4.391e-01  
9.098e-01  3.733e-01  
5.253e-01  8.799e-01  
6.095e-01  8.016e-01  
6.901e-01  6.903e-01  
1.757e-01  1.031e+00  
7.747e-01  6.039e-01  
1.763e-01  1.031e+00  
3.723e-01  1.009e+00  
5.253e-01  8.799e-01  
1.029e+00  1.843e-01  
5.690e-01  8.213e-01  
7.125e-01  6.515e-01  
1.949e-01  1.031e+00  
8.638e-01  4.285e-01  
1.850e-01  1.031e+00  
1.919e-01  1.032e+00  
7.424e-01  6.136e-01  
8.700e-01  4.266e-01  
8.784e-01  3.922e-01  
5.253e-01  8.799e-01  
8.700e-01  4.266e-01  
1.764e-01  1.032e+00  
6.877e-01  7.619e-01  
5.543e-01  8.300e-01  
6.361e-01  8.044e-01  
8.245e-01  5.898e-01  
1.105e+00  5.824e-02  
8.700e-01  4.266e-01  
6.941e-01  6.783e-01  
8.703e-01  4.230e-01  
4.315e-02  1.082e+00  
7.747e-01  6.039e-01  
4.463e-02  1.082e+00  
8.727e-01  4.000e-01  
4.384e-02  1.083e+00  
6.913e-01  6.904e-01  
4.559e-02  1.083e+00  
7.621e-01  6.046e-01  
8.784e-01  3.922e-01  
5.252e-01  8.739e-01  
6.882e-01  7.312e-01  
6.095e-01  8.016e-01  
1.026e+00  1.947e-01  
1.028e+00  1.762e-01  
1.787e-01  1.031e+00  
6.419e-01  7.953e-01  
8.252e-01  5.898e-01  
6.038e-01  8.128e-01  
7.424e-01  6.136e-01  
8.700e-01  4.266e-01  
6.999e-01  6.625e-01  
7.061e-01  6.600e-01  
1.111e+00  5.969e-02  
1.029e+00  1.843e-01  
5.690e-01  8.213e-01  
8.939e-01  3.712e-01  
5.768e-01  8.196e-01  
1.764e-01  1.032e+00  
8.635e-01  4.798e-01  
1.765e-01  1.035e+00  
7.181e-01  6.347e-01  
1.034e+00  1.452e-01  
5.223e-01  8.993e-01  
8.690e-01  4.199e-01  
7.621e-01  6.089e-01  
4.299e-02  1.082e+00  
1.024e+00  2.093e-01  
4.402e-02  1.082e+00  
1.123e+00  5.287e-02  
8.770e-01  3.950e-01  
8.679e-01  4.186e-01  
1.781e-01  1.030e+00  
7.152e-01  6.351e-01  
1.103e+00  5.556e-02  
1.027e+00  1.895e-01  
9.301e-01  3.455e-01  
9.908e-01  3.345e-01  
4.432e-02  1.086e+00  
1.658e-01  1.036e+00  
1.757e-01  1.031e+00  
2.207e-01  1.067e+00  
9.745e-01  3.353e-01  
1.105e+00  5.824e-02  
1.868e-01  1.031e+00  
1.823e-01  1.033e+00  
1.764e-01  1.030e+00  
5.223e-01  8.993e-01  
4.368e-02  1.084e+00  
1.025e+00  2.000e-01  
1.035e+00  1.401e-01  
4.278e-02  1.084e+00  
5.529e-01  8.377e-01  
1.027e+00  2.034e-01  
1.025e+00  2.471e-01  
5.378e-01  8.491e-01  
5.289e-02  1.082e+00  
4.701e-02  1.085e+00  
8.715e-01  4.069e-01  
4.317e-02  1.086e+00  
4.469e-02  1.085e+00  
1.036e+00  1.390e-01  
1.817e-01  1.030e+00  
1.028e+00  1.670e-01  
1.030e+00  1.699e-01  
4.039e-01  9.730e-01  
1.150e+00  3.746e-02  
2.207e-01  1.067e+00  
6.489e-02  1.083e+00  
1.025e+00  1.966e-01  
1.028e+00  1.690e-01  
4.300e-02  1.082e+00  
1.025e+00  2.612e-01  
1.143e+00  5.299e-02  
1.143e+00  3.595e-02  
1.107e+00  6.257e-02  
1.155e+00  3.604e-02  
4.431e-01  9.541e-01  
1.143e+00  5.220e-02  
1.025e+00  1.966e-01  
1.027e+00  1.665e-01  
1.023e+00  2.038e-01  
5.257e-02  1.083e+00  
7.125e-01  6.515e-01  
1.030e+00  1.699e-01  
1.029e+00  1.843e-01  
1.024e+00  2.665e-01  
4.771e-02  1.083e+00  
5.238e-01  8.873e-01  
4.463e-02  1.082e+00  
1.764e-01  1.032e+00  
7.181e-01  6.347e-01  
5.737e-01  8.172e-01  
5.410e-01  8.659e-01  
1.022e+00  2.149e-01  
5.200e-02  1.084e+00  
1.873e-01  1.032e+00  
8.765e-01  3.994e-01  
6.489e-02  1.083e+00  
4.701e-02  1.085e+00  
1.823e-01  1.033e+00  
8.784e-01  3.922e-01  
8.939e-01  3.712e-01  
3.605e-01  1.015e+00  
4.423e-02  1.083e+00  
1.038e+00  1.410e-01  
1.658e-01  1.036e+00  
4.469e-02  1.085e+00  
1.764e-01  1.030e+00  
8.621e-01  5.077e-01  
7.418e-01  6.164e-01  
4.432e-02  1.086e+00  
8.709e-01  4.089e-01  
8.626e-01  4.573e-01  
6.419e-01  7.953e-01  
6.891e-01  7.106e-01  
2.207e-01  1.067e+00  
8.690e-01  4.199e-01  
6.962e-01  6.786e-01  
4.317e-02  1.086e+00  
6.095e-01  8.016e-01  
8.784e-01  3.922e-01  
7.424e-01  6.136e-01  
6.882e-01  7.312e-01  
7.621e-01  6.089e-01  
5.733e-02  1.086e+00  
6.234e-01  7.987e-01  
8.252e-01  5.898e-01  
7.125e-01  6.515e-01  
1.799e-01  1.031e+00  
1.817e-01  1.030e+00  
7.061e-01  6.600e-01  
1.024e+00  2.098e-01  
1.912e-01  1.031e+00  
7.424e-01  6.136e-01  
8.906e-01  4.057e-01  
8.762e-01  4.026e-01  
3.723e-01  1.009e+00  
8.598e-01  5.255e-01  
8.588e-01  4.918e-01  
8.588e-01  4.918e-01  
3.723e-01  1.009e+00  
1.028e+00  1.738e-01  
5.226e-01  9.065e-01  
1.909e-01  1.040e+00  
1.034e+00  1.452e-01  
8.715e-01  4.069e-01  
8.951e-01  3.735e-01  
1.912e-01  1.031e+00  
7.198e-01  6.351e-01  
6.941e-01  6.783e-01  
6.882e-01  7.312e-01  
1.959e-01  1.086e+00  
1.713e-01  1.031e+00  
6.038e-01  8.128e-01  
8.700e-01  4.266e-01  
1.031e+00  1.653e-01  
6.882e-01  7.312e-01  
4.039e-01  9.730e-01  
8.715e-01  4.069e-01  
5.253e-01  8.799e-01  
7.181e-01  6.347e-01  
8.626e-01  4.573e-01  
3.780e-01  9.847e-01  
1.029e+00  1.843e-01  
1.851e-01  1.031e+00  
8.765e-01  3.994e-01  
1.764e-01  1.030e+00  
6.993e-01  6.705e-01  
9.347e-01  3.261e-01  
1.866e-01  1.031e+00  
1.764e-01  1.030e+00  
1.022e+00  2.149e-01  
5.849e-01  8.266e-01  
5.737e-01  8.172e-01  
9.832e-01  4.367e-01  
5.564e-01  8.304e-01  
5.690e-01  8.213e-01  
6.623e-01  7.917e-01  
4.368e-02  1.084e+00  
6.988e-01  6.649e-01  
7.061e-01  6.600e-01  
4.463e-02  1.082e+00  
6.419e-01  7.953e-01  
5.378e-01  8.491e-01  
1.035e+00  1.481e-01  
8.643e-01  5.019e-01  
8.542e-01  4.834e-01  
9.160e-01  3.678e-01  
6.038e-01  8.128e-01  
5.247e-01  8.901e-01  
5.244e-01  8.983e-01  
7.747e-01  6.039e-01  
8.952e-01  3.842e-01  
8.598e-01  4.613e-01  
1.038e+00  1.317e-01  
1.866e-01  1.031e+00  
1.111e+00  5.969e-02  
4.300e-02  1.082e+00  
8.646e-01  4.391e-01  
8.245e-01  5.898e-01  
5.378e-01  8.491e-01  
8.245e-01  5.898e-01  
4.771e-02  1.083e+00  
7.345e-01  6.228e-01  
5.768e-01  8.196e-01  
7.741e-01  6.000e-01  
1.141e+00  5.201e-02  
9.301e-01  3.455e-01  
8.643e-01  5.019e-01  
1.658e-01  1.036e+00  
4.278e-02  1.084e+00  
5.226e-01  8.994e-01  
1.024e+00  2.147e-01  
6.620e-01  8.029e-01  
1.028e+00  1.762e-01  
4.390e-02  1.084e+00  
1.117e+00  5.099e-02  
8.635e-01  4.798e-01  
1.959e-01  1.086e+00  
9.743e-01  3.331e-01  
4.278e-02  1.084e+00  
1.028e+00  1.738e-01  
1.028e+00  1.820e-01  
4.771e-02  1.083e+00  
5.410e-01  8.659e-01  
6.620e-01  8.029e-01  
6.887e-01  7.164e-01  
1.038e+00  1.410e-01  
1.025e+00  2.471e-01  
1.998e-01  1.033e+00  
1.025e+00  2.471e-01  
9.743e-01  3.331e-01  
5.423e-01  8.421e-01  
7.060e-01  6.469e-01  
5.226e-01  8.994e-01  
7.152e-01  6.351e-01  
8.245e-01  5.898e-01  
1.891e-01  1.031e+00  
1.024e+00  2.808e-01  
1.817e-01  1.030e+00  
1.041e+00  1.386e-01  
5.257e-01  8.836e-01  
7.125e-01  6.515e-01  
6.419e-01  7.953e-01  
1.799e-01  1.031e+00  
1.764e-01  1.030e+00  
7.747e-01  6.039e-01  
8.727e-01  4.000e-01  
9.301e-01  3.455e-01  
5.690e-01  8.213e-01  
8.765e-01  3.994e-01  
8.784e-01  3.922e-01  
4.650e-02  1.082e+00  
9.743e-01  3.331e-01  
1.041e+00  1.386e-01  
1.832e-01  1.031e+00  
1.763e-01  1.031e+00  
5.346e-01  8.500e-01  
6.882e-01  7.312e-01  
1.823e-01  1.033e+00  
1.891e-01  1.031e+00  
5.526e-01  8.322e-01  
5.564e-01  8.304e-01  
7.741e-01  6.000e-01  
1.027e+00  1.895e-01  
5.289e-02  1.082e+00  
1.030e+00  1.699e-01  
6.901e-01  6.906e-01  
4.300e-02  1.082e+00  
1.949e-01  1.031e+00  
9.301e-01  3.455e-01  
1.844e-01  1.030e+00  
1.919e-01  1.032e+00  
5.228e-01  8.860e-01  
1.111e+00  5.969e-02  
1.043e+00  1.387e-01  
2.207e-01  1.067e+00  
1.115e+00  5.718e-02  
8.581e-01  5.286e-01  
1.959e-01  1.086e+00  
1.031e+00  1.653e-01  
1.817e-01  1.030e+00  
4.278e-02  1.084e+00  
1.141e+00  5.201e-02  
1.823e-01  1.033e+00  
2.207e-01  1.067e+00  
1.024e+00  2.665e-01  
1.103e+00  5.556e-02  
1.029e+00  1.843e-01  
1.028e+00  1.820e-01  
1.115e+00  5.718e-02  
1.658e-01  1.036e+00  
1.764e-01  1.030e+00  
9.716e-01  3.196e-01  
8.765e-01  3.994e-01  
1.116e+00  6.442e-02  
8.598e-01  5.255e-01  
9.301e-01  3.455e-01  
1.035e+00  1.481e-01  
1.102e+00  6.730e-02  
1.155e+00  3.604e-02  
5.257e-02  1.083e+00  
1.817e-01  1.030e+00  
1.026e+00  2.357e-01  
5.200e-02  1.084e+00  
1.028e+00  1.670e-01  
3.605e-01  1.015e+00  
8.426e-02  1.084e+00  
5.253e-01  8.799e-01  
4.701e-02  1.085e+00  
1.866e-01  1.031e+00  
5.856e-02  1.083e+00  
1.029e+00  1.843e-01  
1.114e+00  6.633e-02  
1.109e+00  6.092e-02  
4.368e-02  1.084e+00  
5.257e-02  1.083e+00  
1.028e+00  1.820e-01  
4.432e-02  1.086e+00  
1.031e+00  1.653e-01  
1.116e+00  6.442e-02  
1.141e+00  5.201e-02  
5.257e-02  1.083e+00  
1.116e+00  6.442e-02  
4.243e-02  1.083e+00  
1.143e+00  5.299e-02  
1.101e+00  7.844e-02  
5.200e-02  1.084e+00  
1.027e+00  1.665e-01  
1.150e+00  3.746e-02  
1.658e-01  1.036e+00  
1.141e+00  5.201e-02  
1.031e+00  1.653e-01  
1.024e+00  2.147e-01  
7.044e-02  1.083e+00  
1.031e+00  1.653e-01  
1.028e+00  1.820e-01  
1.115e+00  5.718e-02  
1.109e+00  6.852e-02  
5.690e-01  8.213e-01  
4.384e-02  1.083e+00  
1.123e+00  5.287e-02  
5.903e-02  1.083e+00  
4.701e-02  1.085e+00  
5.257e-02  1.083e+00  
1.027e+00  2.034e-01  
1.038e+00  1.317e-01  
4.384e-02  1.083e+00  
1.038e+00  1.317e-01  
1.141e+00  5.201e-02  
4.431e-01  9.541e-01  
1.959e-01  1.086e+00  
5.282e-01  8.651e-01  
8.498e-01  5.414e-01  
1.031e+00  1.653e-01  
4.739e-02  1.086e+00  
1.823e-01  1.033e+00  
1.043e+00  1.387e-01  
1.038e+00  1.317e-01  
4.461e-02  1.083e+00  
1.115e+00  5.718e-02  
9.347e-01  3.261e-01  
6.038e-01  8.128e-01  
1.143e+00  3.677e-02  
1.025e+00  2.471e-01  
1.025e+00  2.612e-01  
5.378e-01  8.491e-01  
4.039e-01  9.730e-01  
4.650e-02  1.082e+00  
4.771e-02  1.083e+00  
1.764e-01  1.030e+00  
1.787e-01  1.031e+00  
7.421e-01  6.259e-01  
8.621e-01  5.077e-01  
6.419e-01  7.953e-01  
1.026e+00  1.947e-01  
5.737e-01  8.172e-01  
9.347e-01  3.261e-01  
1.028e+00  1.762e-01  
1.658e-01  1.036e+00  
1.026e+00  2.336e-01  
5.228e-01  8.860e-01  
5.264e-01  8.727e-01  
1.125e+00  5.506e-02  
6.329e-01  8.080e-01  
1.823e-01  1.033e+00  
5.226e-01  9.065e-01  
5.252e-01  8.617e-01  
8.765e-01  3.994e-01  
1.963e-01  1.031e+00  
6.329e-01  8.080e-01  
1.113e+00  4.987e-02  
1.027e+00  1.665e-01  
3.655e-01  9.940e-01  
1.114e+00  5.573e-02  
1.799e-01  1.031e+00  
8.576e-01  4.630e-01  
6.881e-01  7.373e-01  
1.851e-01  1.031e+00  
8.679e-01  4.186e-01  
1.111e+00  5.969e-02  
1.123e+00  5.287e-02  
6.972e-01  6.643e-01  
4.771e-02  1.083e+00  
7.060e-01  6.469e-01  
5.244e-01  8.983e-01  
4.402e-02  1.082e+00  
1.765e-01  1.035e+00  
7.741e-01  6.000e-01  
9.378e-01  3.324e-01  
8.626e-01  4.573e-01  
4.285e-02  1.083e+00  
4.739e-02  1.086e+00  
7.171e-01  6.373e-01  
7.126e-01  6.394e-01  
8.939e-01  3.712e-01  
1.726e-01  1.031e+00  
6.901e-01  6.903e-01  
