3.440e-02  1.077e+00  
1.014e+00  2.684e-02  
4.195e-01  4.101e-01  
6.362e-01  2.217e-01  
2.085e-01  6.062e-01  
5.198e-01  3.206e-01  
9.954e-02  7.609e-01  
2.580e-01  6.027e-01  
7.739e-01  1.506e-01  
9.611e-01  6.168e-02  
5.437e-02  9.279e-01  
4.687e-01  3.559e-01  
6.400e-01  2.316e-01  
2.466e-01  5.576e-01  
3.451e-01  4.877e-01  
7.610e-01  1.557e-01  
1.248e-01  7.103e-01  
1.030e-01  7.995e-01  
5.353e-01  3.171e-01  
7.642e-01  1.559e-01  
2.604e-01  5.379e-01  
4.477e-01  4.016e-01  
3.943e-01  4.232e-01  
9.606e-01  4.725e-02  
4.821e-01  3.445e-01  
9.875e-01  3.761e-02  
2.203e-01  5.907e-01  
4.023e-02  9.783e-01  
3.254e-01  4.720e-01  
8.006e-02  7.956e-01  
6.222e-01  2.386e-01  
6.876e-01  2.195e-01  
1.648e-01  6.192e-01  
7.626e-01  1.494e-01  
9.611e-01  6.168e-02  
5.043e-02  9.512e-01  
2.741e-01  5.664e-01  
8.484e-02  7.886e-01  
9.819e-02  7.347e-01  
5.578e-01  3.262e-01  
3.705e-01  4.687e-01  
5.101e-01  3.447e-01  
3.051e-01  5.052e-01  
2.422e-01  5.668e-01  
1.065e-01  7.322e-01  
6.236e-01  2.281e-01  
4.723e-01  3.547e-01  
9.713e-01  6.812e-02  
4.195e-01  4.101e-01  
2.713e-01  5.667e-01  
4.192e-01  4.109e-01  
2.744e-01  5.130e-01  
2.954e-02  1.006e+00  
6.227e-01  2.484e-01  
6.050e-02  8.343e-01  
4.239e-01  3.820e-01  
6.227e-01  2.484e-01  
1.053e+00  5.769e-02  
1.248e-01  7.103e-01  
9.600e-01  5.813e-02  
7.725e-01  1.588e-01  
3.359e-01  4.719e-01  
7.689e-01  1.625e-01  
6.400e-01  2.316e-01  
1.573e-01  6.311e-01  
7.709e-01  1.771e-01  
9.353e-02  7.829e-01  
6.359e-01  2.176e-01  
4.178e-01  4.084e-01  
4.488e-01  3.918e-01  
7.642e-01  1.559e-01  
2.111e-01  6.342e-01  
5.057e-01  3.208e-01  
3.025e-01  4.972e-01  
4.230e-01  4.270e-01  
8.207e-02  8.396e-01  
1.123e-01  7.897e-01  
7.725e-01  1.588e-01  
5.402e-01  3.245e-01  
9.652e-01  6.356e-02  
5.348e-01  3.200e-01  
2.604e-01  5.379e-01  
3.656e-01  4.690e-01  
4.797e-01  3.350e-01  
3.321e-01  4.787e-01  
5.242e-01  3.361e-01  
1.492e-01  6.573e-01  
4.908e-02  8.011e-01  
2.877e-01  5.226e-01  
4.752e-01  3.521e-01  
2.203e-01  5.907e-01  
6.549e-01  2.401e-01  
9.684e-01  5.439e-02  
4.528e-02  9.642e-01  
7.725e-01  1.588e-01  
2.203e-01  5.907e-01  
4.164e-01  4.214e-01  
6.213e-01  2.479e-01  
2.713e-01  5.667e-01  
4.488e-01  3.918e-01  
6.050e-02  8.343e-01  
9.620e-02  8.698e-01  
4.752e-01  3.521e-01  
9.620e-02  8.698e-01  
6.233e-01  2.475e-01  
7.725e-01  1.588e-01  
4.089e-02  1.077e+00  
4.348e-01  4.213e-01  
6.233e-01  2.475e-01  
6.880e-01  2.180e-01  
3.321e-01  4.787e-01  
1.901e-01  6.299e-01  
2.766e-01  5.054e-01  
3.263e-01  4.615e-01  
2.566e-01  5.627e-01  
9.682e-01  4.448e-02  
1.364e-01  6.700e-01  
7.698e-01  1.678e-01  
5.437e-02  9.279e-01  
9.713e-01  6.812e-02  
9.771e-01  2.726e-02  
2.390e-01  5.777e-01  
9.664e-01  6.905e-02  
2.129e-01  6.447e-01  
6.341e-01  2.170e-01  
3.440e-02  1.077e+00  
9.664e-01  6.905e-02  
2.950e-01  5.252e-01  
1.029e+00  3.291e-02  
2.806e-01  4.974e-01  
9.634e-01  8.904e-02  
1.239e-01  7.455e-01  
8.207e-02  8.396e-01  
8.893e-02  7.578e-01  
9.833e-01  2.768e-02  
7.813e-01  1.512e-01  
1.014e+00  2.684e-02  
2.715e-01  6.081e-01  
7.629e-01  1.711e-01  
2.741e-01  5.664e-01  
4.005e-02  8.456e-01  
5.412e-01  3.178e-01  
6.213e-01  2.479e-01  
3.025e-01  4.972e-01  
3.296e-01  4.793e-01  
4.164e-01  4.214e-01  
2.034e-01  6.217e-01  
5.171e-01  3.588e-01  
9.819e-02  7.347e-01  
2.422e-01  5.668e-01  
2.838e-01  5.658e-01  
7.709e-01  1.771e-01  
3.051e-01  5.052e-01  
4.438e-01  3.724e-01  
2.129e-01  6.447e-01  
5.911e-01  3.226e-01  
1.362e-01  6.613e-01  
2.181e-01  6.244e-01  
4.488e-01  3.918e-01  
5.353e-01  3.171e-01  
6.326e-01  2.608e-01  
2.604e-01  5.379e-01  
5.348e-01  3.200e-01  
1.248e-01  7.103e-01  
4.000e-01  4.428e-01  
3.051e-01  5.052e-01  
3.656e-01  4.690e-01  
5.140e-01  3.373e-01  
9.719e-01  4.539e-02  
5.242e-01  3.361e-01  
4.192e-01  4.109e-01  
5.353e-01  3.171e-01  
1.838e-02  1.092e+00  
4.669e-01  3.617e-01  
4.395e-02  9.337e-01  
5.578e-01  3.262e-01  
1.149e-01  7.971e-01  
4.192e-01  4.109e-01  
9.938e-02  7.672e-01  
4.723e-01  3.547e-01  
6.291e-01  2.314e-01  
2.613e-01  5.595e-01  
3.656e-01  4.690e-01  
3.656e-01  4.690e-01  
7.725e-01  1.588e-01  
7.706e-01  1.508e-01  
2.157e-01  6.053e-01  
3.705e-01  4.687e-01  
4.752e-01  3.521e-01  
3.296e-01  4.793e-01  
4.517e-01  3.980e-01  
5.242e-01  3.361e-01  
4.222e-01  3.850e-01  
3.943e-01  4.232e-01  
9.607e-01  4.682e-02  
6.452e-01  2.236e-01  
3.417e-01  4.816e-01  
6.325e-01  2.476e-01  
3.025e-01  4.972e-01  
1.334e-01  7.347e-01  
5.353e-01  3.171e-01  
2.390e-01  5.777e-01  
4.488e-01  3.918e-01  
9.664e-01  6.905e-02  
2.737e-01  5.209e-01  
6.227e-01  2.484e-01  
4.665e-01  3.550e-01  
6.832e-02  8.021e-01  
7.629e-01  1.711e-01  
4.023e-02  9.783e-01  
9.682e-01  4.448e-02  
6.224e-01  2.766e-01  
6.298e-01  2.454e-01  
1.657e-01  6.552e-01  
4.770e-01  4.393e-01  
9.656e-01  5.806e-02  
6.880e-01  2.180e-01  
6.549e-01  2.401e-01  
6.452e-01  2.236e-01  
8.207e-02  8.396e-01  
2.116e-01  6.052e-01  
1.628e-01  6.379e-01  
9.868e-02  8.455e-01  
6.549e-01  2.401e-01  
9.689e-01  4.018e-02  
1.918e-01  6.521e-01  
1.334e-01  7.347e-01  
9.565e-02  7.544e-01  
2.801e-01  5.406e-01  
6.832e-02  8.021e-01  
7.672e-01  1.500e-01  
9.652e-01  6.356e-02  
5.437e-02  9.279e-01  
3.296e-01  4.793e-01  
6.359e-01  2.176e-01  
7.629e-01  1.711e-01  
3.051e-01  5.052e-01  
6.862e-02  9.045e-01  
9.669e-02  8.253e-01  
6.221e-01  2.624e-01  
2.296e-02  9.796e-01  
7.092e-02  9.083e-01  
9.682e-01  5.491e-02  
1.593e-01  6.607e-01  
9.713e-01  6.812e-02  
7.706e-01  1.508e-01  
2.741e-01  5.664e-01  
9.664e-01  6.905e-02  
2.552e-01  5.442e-01  
2.954e-02  1.006e+00  
7.826e-01  1.478e-01  
9.656e-01  5.806e-02  
5.346e-02  9.025e-01  
6.359e-01  2.176e-01  
9.607e-01  4.682e-02  
1.021e+00  2.690e-02  
1.053e+00  5.769e-02  
9.883e-01  2.909e-02  
2.478e-01  5.621e-01  
9.947e-01  3.235e-02  
6.359e-01  2.176e-01  
6.876e-01  2.195e-01  
7.626e-01  1.508e-01  
5.327e-02  1.212e+00  
4.380e-01  3.887e-01  
9.640e-01  6.039e-02  
7.629e-01  1.711e-01  
7.659e-01  1.590e-01  
5.437e-02  9.279e-01  
2.516e-01  5.416e-01  
5.883e-02  8.141e-01  
2.221e-01  6.313e-01  
4.195e-01  4.101e-01  
3.025e-01  4.972e-01  
2.984e-01  4.944e-01  
7.698e-01  1.678e-01  
9.954e-02  7.609e-01  
2.221e-01  6.313e-01  
6.326e-01  2.608e-01  
8.372e-02  8.388e-01  
8.304e-02  7.867e-01  
2.486e-01  5.649e-01  
6.224e-01  2.766e-01  
6.362e-01  2.217e-01  
1.901e-01  6.299e-01  
1.639e-02  1.014e+00  
9.691e-01  8.116e-02  
1.334e-01  7.347e-01  
5.043e-02  9.512e-01  
1.364e-01  6.713e-01  
5.348e-01  3.200e-01  
4.797e-01  3.350e-01  
9.620e-02  8.698e-01  
6.400e-01  2.316e-01  
5.578e-01  3.262e-01  
3.330e-01  4.952e-01  
4.192e-01  4.109e-01  
2.422e-01  5.668e-01  
6.549e-01  2.401e-01  
4.195e-01  4.101e-01  
4.089e-02  1.077e+00  
2.766e-01  5.054e-01  
6.213e-01  2.479e-01  
4.722e-01  3.505e-01  
4.394e-01  4.077e-01  
4.827e-01  3.648e-01  
3.440e-02  1.077e+00  
3.525e-01  4.976e-01  
4.797e-01  3.350e-01  
4.178e-01  4.084e-01  
1.149e-01  7.971e-01  
2.260e-01  6.004e-01  
4.488e-01  3.918e-01  
7.709e-01  1.771e-01  
1.131e-01  7.406e-01  
4.654e-01  3.969e-01  
5.353e-01  3.171e-01  
5.977e-01  3.177e-01  
2.390e-01  5.777e-01  
4.797e-01  3.350e-01  
5.057e-01  3.208e-01  
5.353e-01  3.171e-01  
2.731e-01  5.322e-01  
9.682e-01  4.448e-02  
2.731e-01  5.322e-01  
1.065e-01  7.322e-01  
9.598e-01  5.391e-02  
6.228e-01  2.345e-01  
6.400e-01  2.316e-01  
1.093e-01  7.503e-01  
4.517e-01  3.980e-01  
4.164e-01  4.214e-01  
4.000e-01  4.428e-01  
1.540e-01  6.607e-01  
2.741e-01  5.664e-01  
3.276e-01  4.712e-01  
5.198e-01  3.206e-01  
9.682e-01  5.491e-02  
3.705e-01  4.687e-01  
2.203e-01  5.907e-01  
6.228e-01  2.404e-01  
2.482e-01  5.650e-01  
4.492e-01  3.869e-01  
5.578e-01  3.262e-01  
2.178e-01  6.030e-01  
7.706e-01  1.508e-01  
1.248e-01  7.103e-01  
5.195e-01  3.293e-01  
2.240e-01  6.166e-01  
4.411e-01  4.466e-01  
4.517e-01  3.980e-01  
1.364e-01  6.700e-01  
2.713e-01  5.667e-01  
7.819e-01  1.593e-01  
3.254e-01  4.720e-01  
3.299e-01  4.873e-01  
6.326e-01  2.608e-01  
3.209e-01  4.830e-01  
3.131e-01  4.759e-01  
3.656e-01  4.690e-01  
9.669e-02  8.253e-01  
4.195e-01  4.101e-01  
4.230e-01  4.270e-01  
5.437e-02  9.279e-01  
2.807e-01  5.225e-01  
2.806e-01  4.974e-01  
7.698e-01  1.678e-01  
5.260e-01  3.166e-01  
5.348e-01  3.200e-01  
6.452e-01  2.236e-01  
3.209e-01  4.830e-01  
2.877e-01  5.226e-01  
2.713e-01  5.444e-01  
5.057e-01  3.208e-01  
6.549e-01  2.401e-01  
4.752e-01  3.521e-01  
7.642e-01  1.559e-01  
2.168e-01  5.883e-01  
9.652e-01  6.356e-02  
8.110e-02  7.911e-01  
5.578e-01  3.262e-01  
4.752e-01  3.521e-01  
2.657e-01  5.008e-01  
4.778e-01  3.346e-01  
9.669e-02  8.253e-01  
4.222e-01  3.850e-01  
3.296e-01  4.793e-01  
4.797e-01  3.350e-01  
9.598e-01  5.391e-02  
6.222e-01  2.395e-01  
5.443e-01  3.283e-01  
1.387e-01  7.075e-01  
5.043e-02  9.512e-01  
2.606e-01  5.501e-01  
7.755e-01  1.699e-01  
3.383e-01  4.602e-01  
7.706e-01  1.508e-01  
2.915e-02  9.860e-01  
1.053e+00  5.769e-02  
5.171e-01  3.588e-01  
2.580e-01  6.027e-01  
6.298e-01  2.454e-01  
4.419e-02  8.486e-01  
7.943e-01  1.530e-01  
7.755e-01  1.699e-01  
5.894e-02  7.973e-01  
2.801e-01  5.406e-01  
4.301e-01  4.125e-01  
3.656e-01  4.690e-01  
9.651e-01  5.823e-02  
7.629e-01  1.711e-01  
1.248e-01  7.103e-01  
6.876e-01  2.195e-01  
6.549e-01  2.401e-01  
2.984e-01  4.944e-01  
4.544e-01  4.151e-01  
2.744e-01  5.130e-01  
4.192e-01  4.109e-01  
5.124e-01  3.421e-01  
2.129e-01  6.447e-01  
6.359e-01  2.176e-01  
2.178e-01  6.030e-01  
9.600e-01  5.813e-02  
2.984e-01  4.944e-01  
4.301e-01  4.125e-01  
3.417e-01  4.816e-01  
1.248e-01  7.103e-01  
1.506e-01  6.430e-01  
4.517e-01  3.980e-01  
6.213e-01  2.479e-01  
6.327e-01  2.252e-01  
3.209e-01  4.830e-01  
6.227e-01  2.484e-01  
6.228e-01  2.345e-01  
5.713e-02  8.334e-01  
6.228e-01  2.345e-01  
9.652e-01  6.356e-02  
9.669e-02  8.253e-01  
9.868e-02  8.455e-01  
3.331e-01  5.421e-01  
4.164e-01  4.214e-01  
1.648e-01  6.192e-01  
1.602e-01  6.447e-01  
3.209e-01  4.830e-01  
2.203e-01  5.907e-01  
4.380e-01  3.887e-01  
6.452e-01  2.236e-01  
7.485e-02  7.996e-01  
7.698e-01  1.678e-01  
4.178e-01  4.084e-01  
6.697e-02  8.704e-01  
1.334e-01  7.347e-01  
6.327e-01  2.252e-01  
2.168e-01  5.883e-01  
1.540e-01  6.607e-01  
2.744e-01  5.130e-01  
9.650e-01  4.429e-02  
9.590e-01  5.480e-02  
2.552e-01  5.442e-01  
9.883e-01  2.909e-02  
5.061e-01  3.451e-01  
2.604e-01  5.379e-01  
9.691e-01  7.212e-02  
1.901e-01  6.299e-01  
4.395e-02  9.337e-01  
1.029e+00  3.291e-02  
2.390e-01  5.777e-01  
1.310e-01  7.146e-01  
7.712e-01  1.730e-01  
9.682e-01  5.491e-02  
6.213e-01  2.479e-01  
7.775e-01  1.500e-01  
9.689e-01  4.018e-02  
1.901e-01  6.299e-01  
2.240e-01  6.166e-01  
6.291e-01  2.314e-01  
6.221e-01  2.624e-01  
9.607e-01  4.682e-02  
5.348e-01  3.200e-01  
6.452e-01  2.236e-01  
7.629e-01  1.711e-01  
9.624e-01  3.602e-02  
1.029e+00  3.291e-02  
7.018e-02  8.743e-01  
1.573e-01  6.311e-01  
6.341e-01  2.170e-01  
9.620e-02  8.698e-01  
7.813e-01  1.512e-01  
2.390e-01  5.777e-01  
4.419e-02  8.486e-01  
3.051e-01  5.052e-01  
9.620e-02  8.698e-01  
1.818e-01  6.400e-01  
2.954e-02  1.006e+00  
9.656e-01  5.806e-02  
9.713e-01  6.812e-02  
9.689e-01  4.018e-02  
8.304e-02  7.867e-01  
2.202e-02  9.627e-01  
7.826e-01  1.478e-01  
9.954e-02  7.609e-01  
9.656e-01  5.806e-02  
9.689e-01  4.018e-02  
9.664e-01  6.905e-02  
3.645e-02  1.214e+00  
9.661e-01  3.998e-02  
1.703e-02  1.122e+00  
1.029e+00  3.291e-02  
9.590e-01  5.480e-02  
7.485e-02  7.996e-01  
7.709e-01  1.771e-01  
1.029e+00  3.291e-02  
9.669e-02  8.253e-01  
9.607e-01  4.682e-02  
9.640e-01  4.940e-02  
7.626e-01  1.494e-01  
2.934e-02  8.873e-01  
9.656e-01  5.806e-02  
9.682e-01  4.448e-02  
9.883e-01  2.909e-02  
9.875e-01  3.761e-02  
3.012e-01  4.938e-01  
1.065e-01  7.322e-01  
9.590e-01  5.480e-02  
5.346e-02  9.025e-01  
1.310e-01  7.146e-01  
5.437e-02  9.279e-01  
6.502e-01  2.463e-01  
7.641e-01  1.493e-01  
8.304e-02  7.867e-01  
7.624e-01  1.479e-01  
1.021e+00  2.690e-02  
2.566e-01  5.627e-01  
2.478e-01  5.621e-01  
2.685e-01  5.047e-01  
4.987e-01  3.255e-01  
9.664e-01  6.905e-02  
5.043e-02  9.512e-01  
2.390e-01  5.777e-01  
9.640e-01  4.940e-02  
7.626e-01  1.494e-01  
7.485e-02  7.996e-01  
9.719e-01  4.539e-02  
5.164e-01  3.220e-01  
3.276e-01  4.712e-01  
9.833e-01  2.768e-02  
6.400e-01  2.316e-01  
6.876e-01  2.195e-01  
2.606e-01  5.501e-01  
2.482e-01  5.650e-01  
7.488e-02  8.023e-01  
4.089e-02  1.077e+00  
2.713e-01  5.667e-01  
2.034e-01  6.217e-01  
4.488e-01  3.918e-01  
4.910e-01  3.316e-01  
3.669e-01  5.081e-01  
9.713e-01  6.812e-02  
3.025e-01  4.972e-01  
4.930e-01  3.494e-01  
7.943e-01  1.530e-01  
1.087e-01  8.272e-01  
6.452e-01  2.236e-01  
2.806e-01  4.974e-01  
2.482e-01  5.650e-01  
9.801e-01  5.664e-02  
3.025e-01  4.972e-01  
1.492e-01  6.573e-01  
2.604e-01  5.379e-01  
2.806e-01  4.974e-01  
5.412e-01  3.178e-01  
1.506e-01  6.430e-01  
3.461e-01  4.504e-01  
9.833e-01  2.768e-02  
7.655e-01  1.537e-01  
2.482e-01  5.650e-01  
9.661e-01  3.998e-02  
1.334e-01  7.347e-01  
5.348e-01  3.200e-01  
4.164e-01  4.214e-01  
9.868e-02  8.455e-01  
6.209e-01  2.662e-01  
9.640e-01  6.039e-02  
9.640e-01  4.940e-02  
4.195e-01  4.101e-01  
6.697e-02  8.704e-01  
4.142e-01  4.060e-01  
2.741e-01  5.664e-01  
3.440e-02  1.077e+00  
9.819e-02  7.347e-01  
4.752e-01  3.521e-01  
6.359e-01  2.237e-01  
5.443e-01  3.283e-01  
4.023e-02  9.783e-01  
3.440e-02  1.077e+00  
4.770e-01  4.393e-01  
4.394e-01  4.077e-01  
6.228e-01  2.345e-01  
1.540e-01  6.607e-01  
4.178e-01  4.084e-01  
