9.822e-04  1.016e+00  
1.057e+00  9.097e-03  
4.459e-01  3.764e-01  
7.617e-01  2.315e-01  
2.187e-01  7.255e-01  
5.908e-01  3.604e-01  
9.553e-02  1.000e+00  
3.136e-01  5.224e-01  
8.756e-01  1.055e-01  
9.651e-01  6.499e-02  
5.176e-02  1.001e+00  
5.270e-01  3.641e-01  
6.023e-01  2.724e-01  
2.467e-01  6.510e-01  
3.569e-01  4.595e-01  
7.581e-01  1.900e-01  
1.966e-01  8.567e-01  
3.326e-02  1.001e+00  
6.375e-01  3.509e-01  
8.729e-01  1.441e-01  
3.014e-01  5.950e-01  
4.316e-01  3.945e-01  
4.027e-01  4.532e-01  
9.811e-01  1.030e-01  
5.828e-01  3.992e-01  
9.719e-01  3.099e-02  
2.482e-01  6.634e-01  
2.250e-02  1.000e+00  
3.184e-01  4.708e-01  
1.460e-02  1.000e+00  
6.457e-01  2.679e-01  
7.040e-01  2.120e-01  
2.179e-01  8.156e-01  
8.729e-01  1.441e-01  
9.864e-01  3.653e-02  
2.521e-02  1.000e+00  
2.958e-01  6.028e-01  
2.630e-02  1.000e+00  
3.327e-02  1.000e+00  
6.104e-01  2.943e-01  
3.627e-01  4.495e-01  
4.747e-01  3.646e-01  
3.308e-01  4.933e-01  
2.622e-01  6.142e-01  
1.823e-01  8.783e-01  
6.652e-01  2.414e-01  
4.684e-01  3.839e-01  
9.475e-01  7.828e-02  
4.735e-01  4.177e-01  
2.297e-01  6.743e-01  
4.459e-01  3.764e-01  
3.165e-01  5.762e-01  
1.075e-02  1.001e+00  
6.046e-01  2.692e-01  
6.124e-02  1.000e+00  
4.717e-01  4.054e-01  
6.331e-01  2.664e-01  
1.000e+00  3.146e-03  
2.187e-01  7.255e-01  
8.756e-01  1.055e-01  
8.729e-01  1.441e-01  
3.383e-01  4.872e-01  
8.548e-01  1.637e-01  
7.040e-01  2.120e-01  
2.034e-01  8.552e-01  
8.548e-01  1.637e-01  
9.553e-02  1.000e+00  
6.630e-01  2.147e-01  
4.597e-01  4.082e-01  
4.885e-01  3.975e-01  
7.421e-01  1.772e-01  
2.187e-01  7.255e-01  
5.937e-01  2.699e-01  
3.015e-01  5.414e-01  
3.820e-01  4.179e-01  
1.915e-01  8.836e-01  
2.630e-02  1.000e+00  
7.527e-01  1.682e-01  
5.684e-01  3.179e-01  
9.814e-01  2.734e-02  
5.628e-01  3.193e-01  
2.958e-01  6.028e-01  
3.383e-01  4.872e-01  
5.828e-01  3.992e-01  
3.629e-01  5.246e-01  
5.642e-01  3.717e-01  
1.912e-01  8.769e-01  
5.453e-02  1.000e+00  
2.954e-01  4.942e-01  
4.983e-01  3.650e-01  
2.482e-01  6.634e-01  
7.040e-01  2.120e-01  
9.814e-01  2.734e-02  
9.101e-03  1.000e+00  
8.513e-01  1.228e-01  
2.958e-01  6.028e-01  
3.925e-01  4.162e-01  
6.207e-01  3.020e-01  
2.625e-01  5.458e-01  
4.090e-01  3.914e-01  
1.283e-02  1.000e+00  
4.162e-02  1.001e+00  
5.118e-01  3.847e-01  
4.162e-02  1.001e+00  
6.023e-01  2.724e-01  
8.108e-01  1.447e-01  
9.171e-03  1.000e+00  
4.735e-01  4.177e-01  
7.149e-01  2.800e-01  
7.380e-01  2.142e-01  
3.511e-01  5.399e-01  
2.033e-01  8.649e-01  
3.014e-01  5.950e-01  
3.383e-01  4.872e-01  
3.014e-01  5.950e-01  
9.570e-01  6.255e-02  
2.001e-01  8.084e-01  
7.758e-01  1.528e-01  
4.677e-03  1.016e+00  
9.000e-01  9.786e-02  
1.031e+00  1.236e-02  
2.354e-01  6.834e-01  
9.143e-01  6.796e-02  
2.125e-01  8.587e-01  
7.079e-01  2.255e-01  
3.927e-02  1.000e+00  
9.731e-01  4.972e-02  
2.954e-01  4.942e-01  
9.975e-01  6.088e-03  
3.165e-01  5.267e-01  
9.732e-01  7.223e-02  
6.110e-02  1.000e+00  
6.110e-02  1.000e+00  
1.842e-02  1.001e+00  
1.000e+00  8.046e-09  
8.447e-01  1.246e-01  
9.893e-01  9.166e-03  
2.467e-01  6.510e-01  
7.436e-01  1.760e-01  
2.296e-01  8.065e-01  
3.927e-02  1.000e+00  
6.055e-01  2.936e-01  
6.914e-01  2.337e-01  
2.964e-01  5.313e-01  
3.334e-01  5.112e-01  
4.014e-01  4.908e-01  
2.603e-01  6.960e-01  
5.118e-01  3.847e-01  
7.579e-02  1.000e+00  
2.837e-01  5.965e-01  
2.605e-01  5.655e-01  
8.555e-01  1.515e-01  
3.511e-01  5.399e-01  
4.459e-01  3.764e-01  
2.296e-01  8.065e-01  
6.207e-01  3.020e-01  
1.868e-01  8.757e-01  
2.365e-01  6.395e-01  
4.747e-01  3.646e-01  
5.812e-01  3.135e-01  
6.457e-01  2.679e-01  
2.467e-01  6.510e-01  
5.538e-01  3.234e-01  
1.942e-01  8.960e-01  
3.799e-01  4.381e-01  
3.511e-01  5.399e-01  
3.432e-01  4.826e-01  
5.828e-01  3.992e-01  
9.950e-01  2.273e-02  
5.159e-01  3.746e-01  
4.138e-01  4.372e-01  
5.628e-01  3.193e-01  
9.171e-03  1.000e+00  
4.747e-01  3.637e-01  
3.327e-02  1.000e+00  
5.294e-01  3.445e-01  
2.630e-02  1.000e+00  
4.138e-01  4.372e-01  
5.453e-02  1.000e+00  
4.747e-01  3.637e-01  
6.764e-01  2.569e-01  
2.605e-01  5.655e-01  
4.014e-01  4.908e-01  
4.735e-01  4.177e-01  
8.154e-01  1.433e-01  
7.581e-01  1.900e-01  
2.639e-01  6.137e-01  
3.770e-01  4.278e-01  
5.159e-01  3.746e-01  
3.385e-01  4.899e-01  
4.131e-01  3.970e-01  
5.908e-01  3.604e-01  
4.459e-01  3.764e-01  
3.648e-01  4.512e-01  
9.950e-01  2.273e-02  
7.380e-01  2.142e-01  
3.385e-01  4.899e-01  
6.457e-01  2.679e-01  
3.222e-01  4.939e-01  
3.326e-02  1.001e+00  
6.055e-01  2.936e-01  
2.605e-01  5.655e-01  
4.920e-01  4.404e-01  
8.762e-01  9.373e-02  
2.774e-01  5.504e-01  
6.046e-01  2.692e-01  
4.747e-01  3.646e-01  
3.326e-02  1.001e+00  
7.527e-01  1.682e-01  
2.394e-02  1.000e+00  
9.570e-01  6.255e-02  
6.023e-01  2.724e-01  
6.211e-01  2.911e-01  
2.296e-01  8.065e-01  
4.090e-01  3.914e-01  
9.864e-01  3.653e-02  
7.224e-01  1.873e-01  
6.626e-01  2.281e-01  
6.743e-01  2.199e-01  
4.854e-02  1.000e+00  
2.467e-01  6.510e-01  
2.001e-01  8.084e-01  
1.838e-01  8.861e-01  
6.743e-01  2.199e-01  
9.951e-01  1.716e-02  
2.237e-01  7.942e-01  
2.044e-01  8.467e-01  
1.966e-01  8.567e-01  
2.678e-01  5.629e-01  
1.283e-02  1.000e+00  
8.729e-01  1.441e-01  
9.570e-01  6.255e-02  
9.822e-04  1.016e+00  
3.222e-01  4.939e-01  
7.040e-01  2.120e-01  
7.596e-01  1.933e-01  
3.109e-01  5.055e-01  
2.394e-02  1.000e+00  
8.412e-02  1.000e+00  
6.453e-01  2.873e-01  
1.349e-02  1.000e+00  
6.124e-02  1.000e+00  
9.811e-01  1.030e-01  
2.001e-01  8.084e-01  
8.709e-01  1.250e-01  
8.548e-01  1.637e-01  
2.482e-01  6.634e-01  
9.855e-01  2.990e-02  
2.611e-01  5.949e-01  
1.283e-02  1.000e+00  
8.513e-01  1.228e-01  
9.475e-01  7.828e-02  
9.822e-04  1.016e+00  
7.617e-01  2.315e-01  
9.068e-01  7.699e-02  
1.031e+00  1.236e-02  
9.661e-01  2.701e-02  
9.951e-01  1.716e-02  
2.676e-01  5.909e-01  
9.855e-01  2.990e-02  
6.937e-01  1.929e-01  
7.596e-01  1.933e-01  
8.729e-01  1.441e-01  
9.047e-03  1.000e+00  
4.131e-01  3.970e-01  
9.470e-01  1.166e-01  
8.014e-01  1.605e-01  
7.040e-01  2.120e-01  
4.677e-03  1.016e+00  
2.781e-01  5.493e-01  
3.327e-02  1.000e+00  
2.237e-01  7.942e-01  
4.263e-01  4.048e-01  
3.695e-01  4.877e-01  
3.165e-01  5.267e-01  
7.935e-01  1.722e-01  
1.460e-02  1.000e+00  
2.393e-01  7.863e-01  
6.518e-01  2.524e-01  
6.124e-02  1.000e+00  
2.630e-02  1.000e+00  
2.790e-01  6.246e-01  
6.075e-01  2.725e-01  
6.518e-01  2.524e-01  
2.603e-01  6.960e-01  
2.618e-03  1.001e+00  
9.475e-01  7.828e-02  
7.579e-02  1.000e+00  
2.086e-02  1.000e+00  
1.848e-01  9.020e-01  
5.639e-01  3.218e-01  
4.684e-01  3.839e-01  
6.462e-02  1.000e+00  
6.491e-01  2.677e-01  
6.055e-01  2.936e-01  
3.751e-01  4.457e-01  
3.948e-01  4.394e-01  
2.538e-01  5.724e-01  
6.104e-01  2.943e-01  
4.131e-01  3.970e-01  
1.075e-02  1.001e+00  
3.383e-01  4.872e-01  
6.491e-01  2.677e-01  
5.270e-01  3.641e-01  
4.920e-01  4.404e-01  
4.747e-01  3.646e-01  
9.101e-03  1.000e+00  
3.174e-01  5.031e-01  
5.109e-01  3.524e-01  
3.820e-01  4.179e-01  
1.848e-01  9.020e-01  
2.482e-01  6.634e-01  
4.634e-01  3.663e-01  
7.400e-01  1.865e-01  
6.110e-02  1.000e+00  
4.747e-01  3.646e-01  
6.075e-01  2.725e-01  
6.075e-01  2.725e-01  
3.014e-01  5.950e-01  
6.367e-01  3.030e-01  
5.642e-01  3.717e-01  
5.639e-01  3.218e-01  
2.728e-01  6.024e-01  
9.732e-01  7.223e-02  
3.014e-01  5.950e-01  
6.110e-02  1.000e+00  
9.693e-01  8.759e-02  
6.755e-01  2.915e-01  
6.688e-01  2.648e-01  
2.602e-02  1.033e+00  
4.263e-01  4.048e-01  
4.027e-01  4.532e-01  
4.152e-01  4.004e-01  
1.982e-01  9.017e-01  
2.603e-01  6.960e-01  
3.165e-01  5.288e-01  
5.628e-01  3.193e-01  
9.627e-01  9.919e-02  
3.820e-01  4.179e-01  
2.409e-01  6.604e-01  
6.427e-01  2.509e-01  
2.611e-01  5.949e-01  
4.735e-01  4.177e-01  
5.839e-01  3.273e-01  
2.603e-01  6.953e-01  
8.264e-01  1.390e-01  
1.915e-01  8.602e-01  
5.515e-01  3.368e-01  
2.603e-01  6.960e-01  
4.152e-01  4.004e-01  
5.828e-01  3.992e-01  
2.296e-01  8.065e-01  
2.467e-01  6.510e-01  
8.264e-01  1.390e-01  
3.383e-01  4.872e-01  
3.287e-01  4.826e-01  
6.230e-01  2.976e-01  
3.372e-01  5.046e-01  
3.650e-01  5.579e-01  
3.383e-01  4.872e-01  
1.086e-01  1.001e+00  
4.316e-01  3.945e-01  
4.263e-01  4.048e-01  
3.208e-02  1.000e+00  
3.786e-01  4.691e-01  
2.973e-01  5.475e-01  
7.527e-01  1.682e-01  
6.116e-01  3.118e-01  
5.628e-01  3.193e-01  
6.427e-01  2.509e-01  
3.287e-01  4.826e-01  
3.136e-01  5.224e-01  
2.790e-01  6.246e-01  
4.747e-01  3.637e-01  
6.457e-01  2.679e-01  
4.983e-01  3.650e-01  
7.436e-01  1.760e-01  
2.622e-01  7.151e-01  
9.570e-01  6.255e-02  
6.124e-02  1.000e+00  
6.023e-01  2.724e-01  
4.983e-01  3.650e-01  
3.511e-01  5.399e-01  
4.923e-01  3.455e-01  
1.918e-01  8.887e-01  
4.717e-01  4.054e-01  
3.262e-01  4.847e-01  
5.118e-01  3.847e-01  
9.303e-01  7.982e-02  
7.091e-01  2.131e-01  
5.628e-01  3.193e-01  
1.847e-01  8.809e-01  
4.677e-03  1.016e+00  
2.868e-01  5.467e-01  
8.231e-01  1.617e-01  
3.432e-01  4.826e-01  
7.725e-01  1.513e-01  
4.677e-03  1.016e+00  
1.026e+00  1.093e-02  
5.828e-01  3.992e-01  
2.790e-01  6.246e-01  
7.581e-01  1.900e-01  
4.677e-03  1.016e+00  
9.627e-01  9.919e-02  
8.555e-01  1.515e-01  
5.453e-02  1.000e+00  
2.790e-01  6.246e-01  
4.027e-01  4.532e-01  
4.187e-01  4.460e-01  
9.570e-01  6.255e-02  
7.895e-01  1.898e-01  
2.021e-01  8.590e-01  
7.430e-01  2.026e-01  
7.378e-01  2.056e-01  
3.136e-01  5.224e-01  
4.736e-01  4.158e-01  
2.669e-01  5.364e-01  
4.735e-01  4.177e-01  
5.090e-01  3.381e-01  
2.033e-01  8.649e-01  
7.378e-01  2.056e-01  
2.482e-01  6.634e-01  
9.051e-01  8.753e-02  
2.954e-01  4.942e-01  
4.263e-01  4.048e-01  
4.044e-01  4.376e-01  
2.139e-01  8.445e-01  
2.021e-01  8.590e-01  
4.634e-01  3.663e-01  
6.104e-01  2.943e-01  
7.380e-01  2.142e-01  
3.287e-01  4.826e-01  
6.104e-01  2.943e-01  
6.211e-01  2.911e-01  
3.208e-02  1.000e+00  
7.040e-01  2.120e-01  
9.475e-01  7.828e-02  
2.001e-01  8.084e-01  
1.942e-01  8.960e-01  
3.174e-01  5.031e-01  
3.432e-01  4.826e-01  
2.217e-01  7.865e-01  
2.217e-01  7.865e-01  
3.165e-01  5.267e-01  
2.868e-01  5.467e-01  
4.983e-01  3.650e-01  
7.064e-01  2.046e-01  
7.160e-02  1.000e+00  
8.555e-01  1.515e-01  
3.770e-01  4.278e-01  
5.453e-02  1.000e+00  
2.080e-02  1.000e+00  
6.626e-01  2.281e-01  
2.660e-01  5.985e-01  
2.033e-01  8.649e-01  
2.797e-01  5.558e-01  
9.485e-01  5.107e-02  
9.163e-01  1.099e-01  
2.790e-01  6.246e-01  
1.031e+00  1.236e-02  
5.345e-01  3.433e-01  
2.837e-01  5.965e-01  
9.732e-01  7.223e-02  
2.187e-01  7.255e-01  
1.349e-02  1.000e+00  
9.928e-01  9.604e-03  
2.467e-01  6.510e-01  
3.435e-02  1.002e+00  
7.224e-01  1.873e-01  
9.449e-01  4.724e-02  
7.045e-01  2.031e-01  
8.729e-01  1.441e-01  
9.950e-01  1.890e-02  
2.157e-01  7.701e-01  
2.125e-01  8.587e-01  
7.380e-01  2.142e-01  
6.457e-01  2.679e-01  
1.031e+00  1.236e-02  
5.828e-01  3.992e-01  
6.457e-01  2.679e-01  
7.601e-01  1.606e-01  
9.855e-01  2.990e-02  
1.010e+00  5.742e-03  
3.327e-02  1.000e+00  
1.966e-01  8.567e-01  
7.436e-01  1.760e-01  
3.208e-02  1.000e+00  
8.513e-01  1.228e-01  
2.728e-01  6.024e-01  
6.124e-02  1.000e+00  
3.014e-01  5.950e-01  
3.208e-02  1.000e+00  
2.217e-01  7.865e-01  
8.981e-03  1.000e+00  
9.470e-01  1.166e-01  
9.404e-01  6.885e-02  
9.950e-01  1.890e-02  
2.948e-02  1.000e+00  
9.822e-04  1.016e+00  
8.721e-01  1.444e-01  
2.630e-02  1.000e+00  
9.732e-01  7.223e-02  
9.719e-01  3.099e-02  
9.731e-01  4.972e-02  
1.537e-02  1.000e+00  
1.007e+00  2.878e-02  
9.101e-03  1.000e+00  
9.855e-01  2.990e-02  
9.855e-01  2.990e-02  
1.086e-01  1.001e+00  
7.217e-01  1.800e-01  
1.057e+00  9.097e-03  
2.602e-02  1.033e+00  
9.661e-01  2.701e-02  
1.003e+00  3.863e-02  
7.581e-01  1.900e-01  
1.446e-02  1.001e+00  
8.513e-01  1.228e-01  
9.077e-01  8.669e-02  
9.950e-01  1.890e-02  
9.719e-01  3.099e-02  
3.174e-01  5.031e-01  
2.602e-02  1.033e+00  
9.449e-01  4.724e-02  
3.353e-02  1.000e+00  
3.435e-02  1.002e+00  
1.842e-02  1.001e+00  
6.630e-01  2.147e-01  
9.043e-01  1.111e-01  
9.553e-02  1.000e+00  
7.436e-01  1.760e-01  
9.975e-01  6.088e-03  
2.611e-01  5.949e-01  
2.790e-01  6.246e-01  
3.165e-01  5.288e-01  
5.433e-01  3.290e-01  
9.570e-01  6.255e-02  
1.349e-02  1.000e+00  
2.187e-01  7.255e-01  
9.475e-01  7.828e-02  
7.596e-01  1.933e-01  
6.124e-02  1.000e+00  
9.855e-01  2.990e-02  
5.515e-01  3.368e-01  
3.165e-01  5.288e-01  
9.893e-01  9.166e-03  
7.617e-01  2.315e-01  
7.045e-01  2.031e-01  
3.511e-01  5.399e-01  
2.700e-01  5.899e-01  
9.226e-02  1.000e+00  
1.842e-02  1.001e+00  
2.354e-01  6.834e-01  
2.354e-01  6.834e-01  
4.735e-01  4.177e-01  
5.042e-01  3.337e-01  
3.860e-01  4.299e-01  
8.264e-01  1.390e-01  
3.385e-01  4.899e-01  
5.459e-01  3.638e-01  
9.089e-01  1.362e-01  
5.176e-02  1.001e+00  
7.596e-01  1.933e-01  
2.921e-01  5.291e-01  
3.165e-01  5.267e-01  
9.814e-01  2.734e-02  
3.441e-01  4.697e-01  
2.033e-01  8.649e-01  
2.868e-01  5.467e-01  
3.165e-01  5.267e-01  
6.116e-01  3.118e-01  
1.966e-01  8.567e-01  
2.954e-01  4.942e-01  
1.031e+00  1.236e-02  
7.436e-01  1.760e-01  
2.482e-01  6.634e-01  
1.031e+00  1.236e-02  
1.918e-01  8.887e-01  
5.459e-01  3.638e-01  
3.948e-01  4.394e-01  
1.982e-01  9.017e-01  
6.023e-01  2.724e-01  
9.731e-01  4.972e-02  
9.531e-01  3.922e-02  
4.131e-01  3.970e-01  
3.327e-02  1.000e+00  
4.459e-01  3.764e-01  
2.973e-01  5.475e-01  
1.096e-02  1.001e+00  
1.982e-01  9.017e-01  
4.316e-01  3.945e-01  
7.380e-01  2.142e-01  
6.104e-01  2.943e-01  
9.101e-03  1.000e+00  
2.618e-03  1.001e+00  
4.401e-01  3.926e-01  
4.441e-01  3.978e-01  
6.835e-01  2.230e-01  
2.033e-01  8.649e-01  
4.118e-01  4.208e-01  
