2.554e-02  9.810e-01  
1.001e+00  3.404e-02  
3.909e-01  4.324e-01  
6.742e-01  2.169e-01  
1.811e-01  6.383e-01  
5.063e-01  3.202e-01  
9.879e-02  7.709e-01  
2.632e-01  5.414e-01  
8.325e-01  1.482e-01  
9.670e-01  6.371e-02  
2.790e-02  9.310e-01  
4.946e-01  3.619e-01  
5.741e-01  2.892e-01  
2.588e-01  5.593e-01  
3.495e-01  4.413e-01  
8.170e-01  1.356e-01  
1.534e-01  7.431e-01  
1.339e-01  7.173e-01  
5.723e-01  3.088e-01  
8.141e-01  1.524e-01  
2.655e-01  5.374e-01  
4.982e-01  3.309e-01  
3.825e-01  4.378e-01  
9.253e-01  1.014e-01  
4.997e-01  3.512e-01  
9.775e-01  5.583e-02  
1.987e-01  6.346e-01  
2.829e-02  9.093e-01  
2.632e-01  5.414e-01  
8.771e-02  7.841e-01  
6.569e-01  2.180e-01  
6.993e-01  2.082e-01  
1.811e-01  6.383e-01  
6.881e-01  2.024e-01  
9.552e-01  5.487e-02  
3.364e-02  9.017e-01  
2.537e-01  5.489e-01  
8.509e-02  7.838e-01  
8.964e-02  7.809e-01  
5.321e-01  3.086e-01  
3.557e-01  4.391e-01  
4.982e-01  3.309e-01  
3.512e-01  4.597e-01  
2.459e-01  5.817e-01  
1.398e-01  6.896e-01  
6.789e-01  2.323e-01  
5.034e-01  3.861e-01  
9.670e-01  6.371e-02  
5.010e-01  3.814e-01  
1.708e-01  6.339e-01  
3.787e-01  4.286e-01  
2.749e-01  5.560e-01  
2.554e-02  9.810e-01  
5.723e-01  3.088e-01  
7.296e-02  7.954e-01  
3.674e-01  4.261e-01  
5.951e-01  2.798e-01  
1.021e+00  2.359e-02  
1.540e-01  6.320e-01  
9.155e-01  7.357e-02  
8.170e-01  1.356e-01  
3.574e-01  4.865e-01  
8.325e-01  1.482e-01  
6.808e-01  2.078e-01  
1.596e-01  6.404e-01  
8.181e-01  1.443e-01  
8.972e-02  7.610e-01  
6.669e-01  2.161e-01  
4.355e-01  4.324e-01  
5.208e-01  3.203e-01  
6.808e-01  2.078e-01  
1.965e-01  6.239e-01  
5.469e-01  2.964e-01  
2.628e-01  5.420e-01  
3.608e-01  4.330e-01  
1.378e-01  6.780e-01  
8.972e-02  7.610e-01  
8.231e-01  1.849e-01  
5.321e-01  3.086e-01  
1.001e+00  3.404e-02  
5.524e-01  3.119e-01  
2.522e-01  5.429e-01  
3.557e-01  4.391e-01  
4.982e-01  3.309e-01  
3.606e-01  4.302e-01  
5.723e-01  3.088e-01  
1.431e-01  6.918e-01  
5.334e-02  8.244e-01  
3.489e-01  4.835e-01  
4.986e-01  3.377e-01  
1.811e-01  6.383e-01  
7.241e-01  2.106e-01  
9.928e-01  4.442e-02  
4.248e-02  8.922e-01  
8.237e-01  1.452e-01  
2.547e-01  5.429e-01  
3.775e-01  4.360e-01  
5.711e-01  2.780e-01  
2.547e-01  5.429e-01  
4.605e-01  4.064e-01  
6.207e-02  7.886e-01  
1.234e-01  6.925e-01  
4.965e-01  3.709e-01  
7.660e-02  8.275e-01  
5.741e-01  2.892e-01  
8.174e-01  1.326e-01  
2.676e-02  9.591e-01  
3.688e-01  4.285e-01  
6.714e-01  2.310e-01  
6.973e-01  2.073e-01  
3.539e-01  4.658e-01  
1.540e-01  6.320e-01  
2.632e-01  5.414e-01  
2.522e-01  5.429e-01  
2.606e-01  5.428e-01  
9.096e-01  9.634e-02  
1.468e-01  6.866e-01  
8.181e-01  1.443e-01  
4.248e-02  8.922e-01  
8.175e-01  1.303e-01  
1.001e+00  3.404e-02  
1.970e-01  6.289e-01  
9.407e-01  8.062e-02  
1.596e-01  6.404e-01  
6.742e-01  2.169e-01  
2.554e-02  9.810e-01  
9.321e-01  7.446e-02  
3.352e-01  5.356e-01  
9.749e-01  5.120e-02  
2.547e-01  5.429e-01  
9.325e-01  7.267e-02  
1.297e-01  7.373e-01  
1.534e-01  7.431e-01  
8.964e-02  7.809e-01  
1.024e+00  2.010e-02  
8.317e-01  1.375e-01  
1.023e+00  1.946e-02  
2.482e-01  5.572e-01  
8.162e-01  1.828e-01  
2.050e-01  6.147e-01  
3.657e-02  8.761e-01  
5.711e-01  2.780e-01  
6.714e-01  2.310e-01  
2.892e-01  5.436e-01  
3.557e-01  4.391e-01  
3.906e-01  4.348e-01  
1.964e-01  6.227e-01  
5.282e-01  3.378e-01  
1.051e-01  8.033e-01  
2.482e-01  5.572e-01  
2.537e-01  5.489e-01  
6.973e-01  2.073e-01  
3.114e-01  5.451e-01  
4.748e-01  3.902e-01  
1.596e-01  6.404e-01  
5.197e-01  3.185e-01  
1.333e-01  6.791e-01  
2.132e-01  6.136e-01  
4.981e-01  3.569e-01  
5.321e-01  3.086e-01  
6.669e-01  2.161e-01  
2.710e-01  5.417e-01  
5.321e-01  3.086e-01  
1.467e-01  6.553e-01  
3.512e-01  4.597e-01  
3.483e-01  4.800e-01  
3.557e-01  4.411e-01  
5.152e-01  3.264e-01  
9.979e-01  3.926e-02  
4.814e-01  3.358e-01  
3.663e-01  4.244e-01  
5.485e-01  3.012e-01  
2.462e-02  1.117e+00  
4.981e-01  3.569e-01  
4.723e-02  8.260e-01  
4.977e-01  3.172e-01  
8.972e-02  7.610e-01  
3.796e-01  4.212e-01  
1.051e-01  8.033e-01  
4.986e-01  3.377e-01  
6.669e-01  2.161e-01  
2.632e-01  5.414e-01  
3.818e-01  4.478e-01  
3.608e-01  4.330e-01  
8.174e-01  1.326e-01  
8.191e-01  1.381e-01  
2.167e-01  6.353e-01  
3.506e-01  4.368e-01  
4.694e-01  3.513e-01  
3.489e-01  4.835e-01  
4.748e-01  3.902e-01  
5.063e-01  3.202e-01  
3.750e-01  4.327e-01  
3.688e-01  4.285e-01  
9.738e-01  4.315e-02  
7.193e-01  2.120e-01  
3.506e-01  4.368e-01  
6.685e-01  2.737e-01  
3.606e-01  4.302e-01  
1.328e-01  6.900e-01  
5.311e-01  3.089e-01  
2.482e-01  5.572e-01  
3.787e-01  4.286e-01  
9.896e-01  1.126e-01  
2.628e-01  5.420e-01  
5.505e-01  3.157e-01  
5.063e-01  3.202e-01  
2.554e-02  9.810e-01  
8.175e-01  1.303e-01  
2.676e-02  9.591e-01  
9.276e-01  6.580e-02  
6.062e-01  2.921e-01  
5.440e-01  2.963e-01  
1.850e-01  6.364e-01  
3.562e-01  4.313e-01  
9.184e-01  6.378e-02  
6.881e-01  2.024e-01  
6.993e-01  2.082e-01  
6.666e-01  2.175e-01  
8.761e-02  7.663e-01  
1.978e-01  6.128e-01  
1.811e-01  6.383e-01  
1.398e-01  6.896e-01  
6.742e-01  2.169e-01  
1.005e+00  2.825e-02  
1.850e-01  6.364e-01  
1.467e-01  6.500e-01  
1.467e-01  6.500e-01  
2.589e-01  5.376e-01  
7.376e-02  7.926e-01  
8.231e-01  1.849e-01  
9.253e-01  1.014e-01  
1.971e-02  1.074e+00  
3.539e-01  4.658e-01  
6.742e-01  2.169e-01  
6.881e-01  2.024e-01  
3.512e-01  4.597e-01  
6.004e-02  8.213e-01  
9.254e-02  7.655e-01  
6.062e-01  2.921e-01  
1.888e-02  9.677e-01  
4.248e-02  8.922e-01  
9.253e-01  1.014e-01  
1.544e-01  6.378e-01  
8.170e-01  1.356e-01  
8.181e-01  1.443e-01  
2.132e-01  6.136e-01  
9.276e-01  6.580e-02  
2.482e-01  5.572e-01  
1.888e-02  9.677e-01  
8.325e-01  1.482e-01  
8.325e-01  1.482e-01  
6.045e-02  8.356e-01  
6.902e-01  2.166e-01  
9.289e-01  5.749e-02  
1.046e+00  2.221e-02  
9.668e-01  4.203e-02  
1.029e+00  2.496e-02  
2.504e-01  5.421e-01  
9.333e-01  7.483e-02  
6.695e-01  2.081e-01  
6.930e-01  2.079e-01  
8.255e-01  1.422e-01  
2.084e-02  9.526e-01  
3.581e-01  4.299e-01  
8.494e-01  1.299e-01  
8.231e-01  1.849e-01  
6.973e-01  2.073e-01  
5.664e-02  8.151e-01  
2.632e-01  5.414e-01  
6.270e-02  8.016e-01  
1.670e-01  6.248e-01  
4.605e-01  4.064e-01  
3.352e-01  5.356e-01  
2.661e-01  5.389e-01  
8.161e-01  1.580e-01  
9.254e-02  7.655e-01  
1.940e-01  6.351e-01  
6.654e-01  2.280e-01  
5.733e-02  8.188e-01  
8.972e-02  7.610e-01  
2.397e-01  5.547e-01  
5.741e-01  2.892e-01  
6.709e-01  2.128e-01  
1.987e-01  6.346e-01  
2.230e-02  1.056e+00  
9.325e-01  7.267e-02  
1.051e-01  8.033e-01  
4.731e-02  8.438e-01  
1.234e-01  6.925e-01  
4.916e-01  3.285e-01  
4.634e-01  3.652e-01  
8.972e-02  7.610e-01  
5.794e-01  2.792e-01  
5.457e-01  2.937e-01  
3.562e-01  4.313e-01  
3.608e-01  4.330e-01  
2.550e-01  5.645e-01  
5.654e-01  2.984e-01  
3.906e-01  4.348e-01  
2.790e-02  9.310e-01  
3.472e-01  4.561e-01  
5.876e-01  2.787e-01  
4.855e-01  3.523e-01  
3.787e-01  4.286e-01  
4.986e-01  3.377e-01  
2.676e-02  9.591e-01  
3.535e-01  4.572e-01  
4.767e-01  3.367e-01  
3.825e-01  4.378e-01  
1.398e-01  6.896e-01  
2.127e-01  6.224e-01  
4.982e-01  3.309e-01  
8.153e-01  1.745e-01  
1.051e-01  8.033e-01  
5.010e-01  3.814e-01  
5.208e-01  3.203e-01  
5.197e-01  3.185e-01  
2.553e-01  5.687e-01  
5.311e-01  3.089e-01  
5.197e-01  3.185e-01  
5.337e-01  3.157e-01  
2.565e-01  5.588e-01  
8.174e-01  1.326e-01  
2.565e-01  5.588e-01  
1.122e-01  7.450e-01  
9.158e-01  9.309e-02  
5.711e-01  2.780e-01  
6.743e-01  2.248e-01  
1.224e-01  6.938e-01  
3.906e-01  4.348e-01  
3.796e-01  4.212e-01  
3.663e-01  4.244e-01  
1.408e-01  6.712e-01  
2.127e-01  6.224e-01  
3.489e-01  4.835e-01  
5.311e-01  3.089e-01  
9.306e-01  1.130e-01  
3.608e-01  4.330e-01  
2.127e-01  6.224e-01  
6.789e-01  2.323e-01  
2.597e-01  5.942e-01  
4.454e-01  3.864e-01  
5.723e-01  3.088e-01  
1.970e-01  6.289e-01  
8.181e-01  1.443e-01  
1.596e-01  6.404e-01  
5.470e-01  3.229e-01  
1.850e-01  6.364e-01  
3.674e-01  4.261e-01  
5.034e-01  3.861e-01  
1.850e-01  6.364e-01  
1.708e-01  6.339e-01  
8.163e-01  1.415e-01  
3.512e-01  4.597e-01  
3.539e-01  4.658e-01  
6.002e-01  2.939e-01  
3.391e-01  5.365e-01  
3.506e-01  4.368e-01  
3.512e-01  4.597e-01  
8.761e-02  7.663e-01  
3.906e-01  4.348e-01  
3.688e-01  4.285e-01  
3.364e-02  9.017e-01  
3.606e-01  4.302e-01  
2.522e-01  5.429e-01  
8.231e-01  1.849e-01  
5.063e-01  3.202e-01  
5.282e-01  3.378e-01  
5.711e-01  2.780e-01  
3.608e-01  4.330e-01  
2.816e-01  5.384e-01  
2.589e-01  5.376e-01  
4.986e-01  3.377e-01  
6.784e-01  2.261e-01  
4.986e-01  3.377e-01  
8.191e-01  1.381e-01  
1.670e-01  6.248e-01  
9.155e-01  7.357e-02  
7.376e-02  7.926e-01  
5.654e-01  2.984e-01  
4.977e-01  3.172e-01  
3.483e-01  4.932e-01  
5.152e-01  3.264e-01  
1.051e-01  8.033e-01  
4.982e-01  3.309e-01  
3.606e-01  4.302e-01  
4.946e-01  3.619e-01  
9.333e-01  7.483e-02  
6.784e-01  2.261e-01  
5.470e-01  3.229e-01  
1.333e-01  6.791e-01  
2.590e-02  1.012e+00  
2.898e-01  5.412e-01  
8.181e-01  1.443e-01  
3.608e-01  4.330e-01  
8.174e-01  1.326e-01  
2.230e-02  1.056e+00  
1.021e+00  2.359e-02  
5.110e-01  3.419e-01  
2.553e-01  5.687e-01  
6.669e-01  2.161e-01  
4.248e-02  8.922e-01  
8.191e-01  1.381e-01  
8.175e-01  1.303e-01  
7.296e-02  7.954e-01  
2.630e-01  5.506e-01  
3.547e-01  4.364e-01  
3.906e-01  4.348e-01  
9.158e-01  9.309e-02  
8.231e-01  1.849e-01  
1.540e-01  6.320e-01  
6.808e-01  2.078e-01  
6.669e-01  2.161e-01  
3.352e-01  5.356e-01  
4.355e-01  4.324e-01  
2.816e-01  5.386e-01  
3.674e-01  4.261e-01  
5.208e-01  3.203e-01  
1.964e-01  6.227e-01  
6.695e-01  2.081e-01  
1.970e-01  6.289e-01  
9.253e-01  1.014e-01  
2.632e-01  5.414e-01  
4.355e-01  4.324e-01  
3.557e-01  4.391e-01  
1.596e-01  6.404e-01  
1.987e-01  6.346e-01  
4.773e-01  3.474e-01  
5.741e-01  2.892e-01  
6.993e-01  2.082e-01  
3.019e-01  5.718e-01  
5.282e-01  3.378e-01  
5.951e-01  2.798e-01  
5.664e-02  8.151e-01  
6.784e-01  2.261e-01  
9.158e-01  9.309e-02  
1.850e-01  6.364e-01  
1.398e-01  6.896e-01  
2.816e-01  5.386e-01  
3.506e-01  4.368e-01  
2.127e-01  6.224e-01  
1.431e-01  6.918e-01  
3.352e-01  5.356e-01  
2.892e-01  5.436e-01  
5.321e-01  3.086e-01  
6.684e-01  2.233e-01  
4.248e-02  8.922e-01  
8.297e-01  1.319e-01  
3.906e-01  4.348e-01  
6.270e-02  8.016e-01  
1.234e-01  6.925e-01  
7.241e-01  2.106e-01  
2.749e-01  5.560e-01  
1.431e-01  6.918e-01  
2.661e-01  5.389e-01  
9.558e-01  5.549e-02  
9.253e-01  1.014e-01  
2.606e-01  5.428e-01  
9.738e-01  4.315e-02  
5.063e-01  3.202e-01  
2.565e-01  5.588e-01  
9.300e-01  1.262e-01  
1.850e-01  6.364e-01  
2.554e-02  9.810e-01  
1.036e+00  2.159e-02  
1.899e-01  6.276e-01  
1.328e-01  6.900e-01  
6.695e-01  2.081e-01  
9.766e-01  3.888e-02  
6.654e-01  2.280e-01  
8.191e-01  1.381e-01  
9.560e-01  4.660e-02  
1.708e-01  6.339e-01  
1.679e-01  6.742e-01  
6.881e-01  2.024e-01  
6.002e-01  2.939e-01  
9.333e-01  7.483e-02  
5.152e-01  3.264e-01  
6.669e-01  2.161e-01  
8.162e-01  1.828e-01  
9.670e-01  6.371e-02  
1.001e+00  3.404e-02  
5.664e-02  8.151e-01  
1.587e-01  6.824e-01  
7.241e-01  2.106e-01  
8.964e-02  7.809e-01  
8.175e-01  1.303e-01  
2.565e-01  5.588e-01  
4.248e-02  8.922e-01  
2.892e-01  5.436e-01  
1.534e-01  7.431e-01  
1.122e-01  7.450e-01  
3.122e-02  8.924e-01  
8.170e-01  1.356e-01  
9.325e-01  7.267e-02  
1.001e+00  3.404e-02  
5.664e-02  8.151e-01  
2.230e-02  1.056e+00  
8.237e-01  1.452e-01  
9.005e-02  7.565e-01  
9.670e-01  6.371e-02  
9.749e-01  5.120e-02  
9.333e-01  7.483e-02  
3.743e-02  9.187e-01  
1.010e+00  2.573e-02  
2.230e-02  1.056e+00  
9.333e-01  7.483e-02  
9.325e-01  7.211e-02  
5.664e-02  8.151e-01  
6.808e-01  2.078e-01  
1.031e+00  2.010e-02  
1.297e-01  7.373e-01  
1.001e+00  3.404e-02  
9.616e-01  4.356e-02  
8.175e-01  1.303e-01  
3.364e-02  9.017e-01  
9.300e-01  1.262e-01  
9.245e-01  9.208e-02  
9.983e-01  2.690e-02  
9.616e-01  4.356e-02  
2.910e-01  5.360e-01  
1.182e-01  7.321e-01  
9.302e-01  6.636e-02  
4.688e-02  8.311e-01  
1.122e-01  7.450e-01  
5.733e-02  8.188e-01  
6.695e-01  2.081e-01  
8.272e-01  1.276e-01  
1.328e-01  6.900e-01  
6.695e-01  2.081e-01  
1.031e+00  2.010e-02  
2.565e-01  5.588e-01  
2.482e-01  5.572e-01  
2.816e-01  5.384e-01  
5.152e-01  3.264e-01  
9.253e-01  1.014e-01  
2.790e-02  9.310e-01  
1.964e-01  6.227e-01  
9.407e-01  8.062e-02  
8.146e-01  1.589e-01  
6.119e-02  7.917e-01  
9.749e-01  5.120e-02  
5.152e-01  3.264e-01  
3.557e-01  4.391e-01  
1.046e+00  2.221e-02  
6.881e-01  2.024e-01  
7.241e-01  2.106e-01  
2.628e-01  5.420e-01  
2.471e-01  5.438e-01  
8.761e-02  7.663e-01  
3.657e-02  8.761e-01  
1.339e-01  7.173e-01  
1.964e-01  6.227e-01  
4.946e-01  3.619e-01  
4.982e-01  3.309e-01  
3.547e-01  4.364e-01  
8.191e-01  1.381e-01  
3.506e-01  4.368e-01  
4.981e-01  3.569e-01  
8.191e-01  1.381e-01  
9.810e-02  7.446e-01  
7.241e-01  2.106e-01  
2.749e-01  5.560e-01  
2.910e-01  5.360e-01  
9.806e-01  3.057e-02  
3.487e-01  4.629e-01  
1.594e-01  6.499e-01  
2.522e-01  5.429e-01  
2.898e-01  5.412e-01  
5.386e-01  3.036e-01  
1.582e-01  6.484e-01  
3.504e-01  4.409e-01  
1.010e+00  2.573e-02  
6.881e-01  2.024e-01  
2.547e-01  5.429e-01  
9.778e-01  2.909e-02  
1.333e-01  6.791e-01  
5.197e-01  3.185e-01  
3.688e-01  4.285e-01  
1.378e-01  6.780e-01  
5.654e-01  2.984e-01  
9.325e-01  7.267e-02  
9.749e-01  5.120e-02  
3.663e-01  4.244e-01  
6.207e-02  7.886e-01  
4.459e-01  4.329e-01  
2.749e-01  5.560e-01  
1.888e-02  9.677e-01  
1.182e-01  7.321e-01  
4.965e-01  3.709e-01  
6.808e-01  2.078e-01  
5.152e-01  3.264e-01  
1.973e-02  1.082e+00  
2.554e-02  9.810e-01  
3.674e-01  4.261e-01  
4.083e-01  4.217e-01  
6.742e-01  2.169e-01  
1.596e-01  6.404e-01  
3.676e-01  4.296e-01  
