3.067e-02  1.042e+00  
1.005e+00  4.314e-02  
3.977e-01  4.166e-01  
6.420e-01  2.424e-01  
1.993e-01  5.951e-01  
5.342e-01  3.548e-01  
1.299e-01  7.263e-01  
2.846e-01  5.381e-01  
8.527e-01  1.140e-01  
9.430e-01  6.726e-02  
7.471e-02  8.140e-01  
4.749e-01  3.776e-01  
5.946e-01  2.731e-01  
2.523e-01  5.625e-01  
3.567e-01  4.665e-01  
7.049e-01  1.730e-01  
1.544e-01  6.623e-01  
1.299e-01  7.263e-01  
5.462e-01  2.971e-01  
8.233e-01  1.611e-01  
2.719e-01  5.254e-01  
4.798e-01  3.476e-01  
3.963e-01  4.567e-01  
8.932e-01  1.027e-01  
4.761e-01  3.596e-01  
9.614e-01  4.590e-02  
2.227e-01  5.850e-01  
2.868e-02  9.986e-01  
3.545e-01  4.566e-01  
8.358e-02  7.647e-01  
6.351e-01  2.470e-01  
7.106e-01  1.869e-01  
1.802e-01  6.505e-01  
6.998e-01  1.821e-01  
9.615e-01  4.492e-02  
6.218e-02  1.055e+00  
2.742e-01  5.440e-01  
1.308e-01  7.690e-01  
9.552e-02  7.706e-01  
5.580e-01  3.141e-01  
3.478e-01  4.715e-01  
5.342e-01  3.548e-01  
3.545e-01  4.566e-01  
2.388e-01  5.620e-01  
1.322e-01  6.922e-01  
6.314e-01  2.312e-01  
4.979e-01  3.333e-01  
9.147e-01  8.324e-02  
3.977e-01  4.166e-01  
2.174e-01  5.745e-01  
3.814e-01  4.129e-01  
2.539e-01  5.702e-01  
4.035e-02  8.905e-01  
5.667e-01  2.693e-01  
6.661e-02  7.989e-01  
4.372e-01  4.206e-01  
5.678e-01  2.693e-01  
1.128e+00  6.338e-02  
1.846e-01  6.330e-01  
8.923e-01  1.076e-01  
8.308e-01  1.397e-01  
3.307e-01  4.765e-01  
8.294e-01  1.805e-01  
6.983e-01  2.196e-01  
1.644e-01  6.756e-01  
7.323e-01  1.905e-01  
9.552e-02  7.706e-01  
6.351e-01  2.470e-01  
3.848e-01  4.139e-01  
4.811e-01  3.799e-01  
7.026e-01  1.999e-01  
1.876e-01  6.134e-01  
5.897e-01  2.781e-01  
2.987e-01  5.049e-01  
3.848e-01  4.139e-01  
1.380e-01  6.970e-01  
1.092e-01  7.844e-01  
7.078e-01  1.866e-01  
4.993e-01  3.340e-01  
9.831e-01  6.480e-02  
5.578e-01  2.981e-01  
2.742e-01  5.440e-01  
3.631e-01  4.489e-01  
4.981e-01  3.520e-01  
3.704e-01  4.230e-01  
5.803e-01  2.732e-01  
1.438e-01  7.403e-01  
5.398e-02  8.696e-01  
3.394e-01  4.923e-01  
4.875e-01  3.568e-01  
2.317e-01  5.849e-01  
6.446e-01  2.276e-01  
1.031e+00  4.851e-02  
7.471e-02  8.140e-01  
8.308e-01  1.397e-01  
2.499e-01  5.767e-01  
3.704e-01  4.230e-01  
5.733e-01  2.718e-01  
2.502e-01  5.310e-01  
3.977e-01  4.166e-01  
5.710e-02  8.144e-01  
1.121e-01  7.396e-01  
4.761e-01  3.596e-01  
8.944e-02  7.726e-01  
5.897e-01  2.781e-01  
8.246e-01  1.520e-01  
6.218e-02  1.055e+00  
3.735e-01  4.127e-01  
6.116e-01  2.547e-01  
6.972e-01  2.119e-01  
3.339e-01  4.826e-01  
1.846e-01  6.330e-01  
2.804e-01  5.433e-01  
3.208e-01  4.676e-01  
2.458e-01  6.228e-01  
9.454e-01  1.041e-01  
1.625e-01  6.849e-01  
8.206e-01  1.682e-01  
8.944e-02  7.726e-01  
8.901e-01  1.261e-01  
9.965e-01  3.825e-02  
2.071e-01  6.067e-01  
9.533e-01  7.625e-02  
1.802e-01  6.505e-01  
6.983e-01  2.196e-01  
1.877e-02  9.222e-01  
9.147e-01  8.324e-02  
3.294e-01  4.955e-01  
9.965e-01  3.825e-02  
3.313e-01  4.790e-01  
9.313e-01  9.606e-02  
9.279e-02  7.670e-01  
1.317e-01  7.285e-01  
9.552e-02  7.706e-01  
1.015e+00  3.839e-02  
8.386e-01  1.200e-01  
1.037e+00  2.573e-02  
2.425e-01  5.803e-01  
7.049e-01  1.730e-01  
1.993e-01  6.516e-01  
4.289e-02  8.573e-01  
5.803e-01  2.732e-01  
6.351e-01  2.470e-01  
2.804e-01  5.433e-01  
3.704e-01  4.230e-01  
3.749e-01  4.155e-01  
1.993e-01  6.516e-01  
4.893e-01  3.450e-01  
8.944e-02  7.726e-01  
2.398e-01  5.548e-01  
2.804e-01  5.433e-01  
7.106e-01  1.869e-01  
2.763e-01  5.524e-01  
4.372e-01  4.206e-01  
1.993e-01  6.516e-01  
5.803e-01  2.732e-01  
1.485e-01  6.915e-01  
2.346e-01  5.897e-01  
4.794e-01  3.722e-01  
5.803e-01  2.732e-01  
6.299e-01  2.603e-01  
2.502e-01  5.310e-01  
5.228e-01  3.234e-01  
1.380e-01  6.970e-01  
3.735e-01  4.127e-01  
3.276e-01  4.998e-01  
3.478e-01  4.715e-01  
4.875e-01  3.568e-01  
9.626e-01  5.408e-02  
4.798e-01  3.476e-01  
3.753e-01  4.152e-01  
5.480e-01  3.067e-01  
2.158e-02  1.001e+00  
5.458e-01  3.960e-01  
5.258e-02  8.618e-01  
4.993e-01  3.340e-01  
8.868e-02  7.728e-01  
3.827e-01  4.152e-01  
7.499e-02  7.936e-01  
4.798e-01  3.476e-01  
6.418e-01  2.406e-01  
2.388e-01  5.620e-01  
3.934e-01  4.146e-01  
3.384e-01  4.543e-01  
8.272e-01  1.341e-01  
7.049e-01  1.730e-01  
2.394e-01  6.472e-01  
3.522e-01  4.427e-01  
5.123e-01  3.655e-01  
3.307e-01  4.765e-01  
4.768e-01  4.045e-01  
4.981e-01  3.520e-01  
3.827e-01  4.152e-01  
3.934e-01  4.146e-01  
9.855e-01  5.821e-02  
7.305e-01  1.863e-01  
3.478e-01  4.715e-01  
6.241e-01  2.623e-01  
3.313e-01  4.790e-01  
1.121e-01  7.396e-01  
5.733e-01  2.718e-01  
2.742e-01  5.708e-01  
3.934e-01  4.146e-01  
9.374e-01  9.936e-02  
2.742e-01  5.324e-01  
5.846e-01  2.874e-01  
4.794e-01  3.722e-01  
7.471e-02  8.140e-01  
7.085e-01  1.754e-01  
3.819e-02  9.799e-01  
9.260e-01  7.806e-02  
5.667e-01  2.693e-01  
5.897e-01  2.781e-01  
1.808e-01  6.056e-01  
3.848e-01  4.139e-01  
1.015e+00  3.839e-02  
6.241e-01  2.623e-01  
6.314e-01  2.312e-01  
6.845e-01  2.254e-01  
8.358e-02  7.647e-01  
2.103e-01  5.762e-01  
1.799e-01  6.755e-01  
1.438e-01  7.403e-01  
6.299e-01  2.603e-01  
1.005e+00  4.314e-02  
1.799e-01  6.755e-01  
1.380e-01  6.970e-01  
1.611e-01  6.609e-01  
2.771e-01  5.212e-01  
8.238e-02  7.872e-01  
8.224e-01  1.734e-01  
8.527e-01  1.140e-01  
2.299e-02  9.050e-01  
3.384e-01  4.543e-01  
6.845e-01  2.254e-01  
8.527e-01  1.140e-01  
3.384e-01  4.543e-01  
5.574e-02  8.330e-01  
9.804e-02  7.605e-01  
5.897e-01  2.781e-01  
1.999e-02  9.278e-01  
7.030e-02  8.453e-01  
9.626e-01  5.408e-02  
1.644e-01  6.756e-01  
8.308e-01  1.397e-01  
8.206e-01  1.682e-01  
2.346e-01  5.897e-01  
9.322e-01  6.880e-02  
2.473e-01  5.460e-01  
2.868e-02  9.986e-01  
8.246e-01  1.520e-01  
8.527e-01  1.140e-01  
4.510e-02  8.866e-01  
6.776e-01  2.184e-01  
9.533e-01  8.588e-02  
1.005e+00  4.314e-02  
1.018e+00  5.480e-02  
1.005e+00  4.314e-02  
2.557e-01  5.412e-01  
9.614e-01  4.590e-02  
7.112e-01  2.011e-01  
7.112e-01  2.011e-01  
8.272e-01  1.341e-01  
2.158e-02  1.001e+00  
3.827e-01  4.152e-01  
8.909e-01  1.255e-01  
8.206e-01  1.682e-01  
7.112e-01  2.011e-01  
6.211e-02  8.954e-01  
2.558e-01  5.398e-01  
6.464e-02  8.249e-01  
1.996e-01  5.899e-01  
3.895e-01  4.249e-01  
3.759e-01  5.237e-01  
3.048e-01  5.193e-01  
7.345e-01  1.823e-01  
9.196e-02  7.768e-01  
2.095e-01  6.387e-01  
5.846e-01  2.874e-01  
7.499e-02  7.936e-01  
9.279e-02  7.670e-01  
2.380e-01  5.771e-01  
5.983e-01  2.796e-01  
6.335e-01  2.296e-01  
1.893e-01  6.886e-01  
2.258e-02  1.009e+00  
9.147e-01  8.324e-02  
1.299e-01  7.263e-01  
4.812e-02  8.647e-01  
1.380e-01  6.970e-01  
4.761e-01  3.596e-01  
4.811e-01  3.799e-01  
9.804e-02  7.605e-01  
5.577e-01  2.856e-01  
5.487e-01  2.914e-01  
3.631e-01  4.489e-01  
3.704e-01  4.230e-01  
2.585e-01  5.632e-01  
5.678e-01  2.693e-01  
3.732e-01  4.212e-01  
3.067e-02  1.042e+00  
3.445e-01  4.666e-01  
6.241e-01  2.623e-01  
4.908e-01  3.660e-01  
3.753e-01  4.152e-01  
4.811e-01  3.799e-01  
3.819e-02  9.799e-01  
3.394e-01  4.923e-01  
5.123e-01  3.655e-01  
3.753e-01  4.152e-01  
1.438e-01  7.403e-01  
2.499e-01  5.767e-01  
5.123e-01  3.655e-01  
7.049e-01  1.730e-01  
1.121e-01  7.396e-01  
4.804e-01  3.804e-01  
5.897e-01  2.781e-01  
5.462e-01  2.971e-01  
2.585e-01  5.632e-01  
5.342e-01  3.548e-01  
5.077e-01  3.374e-01  
5.274e-01  2.998e-01  
2.388e-01  5.620e-01  
8.599e-01  1.409e-01  
2.539e-01  5.702e-01  
1.308e-01  7.690e-01  
9.147e-01  8.324e-02  
6.241e-01  2.623e-01  
6.299e-01  2.603e-01  
8.944e-02  7.726e-01  
4.372e-01  4.206e-01  
3.824e-01  4.121e-01  
3.977e-01  4.166e-01  
1.485e-01  6.915e-01  
2.227e-01  5.850e-01  
3.567e-01  4.665e-01  
5.480e-01  3.067e-01  
9.147e-01  8.324e-02  
3.545e-01  4.566e-01  
2.394e-01  6.472e-01  
6.542e-01  2.465e-01  
2.585e-01  5.632e-01  
4.817e-01  3.869e-01  
5.462e-01  2.971e-01  
2.227e-01  5.850e-01  
8.308e-01  1.397e-01  
1.380e-01  6.970e-01  
4.761e-01  3.596e-01  
1.802e-01  6.505e-01  
3.934e-01  4.146e-01  
4.884e-01  3.677e-01  
1.802e-01  6.505e-01  
2.394e-01  6.472e-01  
8.218e-01  1.477e-01  
3.384e-01  4.543e-01  
3.307e-01  4.765e-01  
5.846e-01  2.874e-01  
3.124e-01  5.048e-01  
3.313e-01  4.790e-01  
3.606e-01  4.334e-01  
9.552e-02  7.706e-01  
3.934e-01  4.146e-01  
3.895e-01  4.249e-01  
4.812e-02  8.647e-01  
3.963e-01  4.567e-01  
2.893e-01  5.188e-01  
7.085e-01  1.754e-01  
5.342e-01  3.548e-01  
5.733e-01  2.718e-01  
5.922e-01  2.609e-01  
3.478e-01  4.715e-01  
2.742e-01  5.324e-01  
2.502e-01  5.310e-01  
5.030e-01  3.624e-01  
6.241e-01  2.623e-01  
5.342e-01  3.548e-01  
7.106e-01  1.869e-01  
2.317e-01  5.849e-01  
9.533e-01  8.588e-02  
7.499e-02  7.936e-01  
5.846e-01  2.874e-01  
5.803e-01  2.732e-01  
3.276e-01  4.998e-01  
5.030e-01  3.624e-01  
9.279e-02  7.670e-01  
4.372e-01  4.206e-01  
3.203e-01  4.713e-01  
4.817e-01  3.869e-01  
9.323e-01  8.265e-02  
6.241e-01  2.623e-01  
5.274e-01  2.998e-01  
1.308e-01  7.690e-01  
3.067e-02  1.042e+00  
2.564e-01  5.414e-01  
8.527e-01  1.140e-01  
3.631e-01  4.489e-01  
7.327e-01  1.782e-01  
2.395e-02  1.053e+00  
9.979e-01  5.713e-02  
4.761e-01  3.596e-01  
2.523e-01  5.625e-01  
7.192e-01  2.361e-01  
6.218e-02  1.055e+00  
8.386e-01  1.200e-01  
8.308e-01  1.397e-01  
7.030e-02  8.453e-01  
2.558e-01  5.398e-01  
3.545e-01  4.566e-01  
3.814e-01  4.129e-01  
9.454e-01  1.041e-01  
7.327e-01  1.782e-01  
1.308e-01  7.690e-01  
7.323e-01  1.905e-01  
6.845e-01  2.254e-01  
3.567e-01  4.665e-01  
3.814e-01  4.129e-01  
2.827e-01  5.333e-01  
3.848e-01  4.139e-01  
5.123e-01  3.655e-01  
2.071e-01  6.067e-01  
7.106e-01  1.869e-01  
2.243e-01  6.214e-01  
9.313e-01  9.606e-02  
3.294e-01  4.955e-01  
4.834e-01  3.970e-01  
3.545e-01  4.566e-01  
1.697e-01  7.028e-01  
1.846e-01  6.330e-01  
4.749e-01  3.776e-01  
5.678e-01  2.693e-01  
6.418e-01  2.406e-01  
3.394e-01  4.923e-01  
5.613e-01  2.824e-01  
6.299e-01  2.603e-01  
5.681e-02  8.025e-01  
6.418e-01  2.406e-01  
9.313e-01  9.606e-02  
1.616e-01  7.055e-01  
1.485e-01  6.915e-01  
2.972e-01  5.244e-01  
3.963e-01  4.567e-01  
1.993e-01  6.516e-01  
1.846e-01  6.330e-01  
3.294e-01  4.955e-01  
2.846e-01  5.381e-01  
4.798e-01  3.476e-01  
5.846e-01  2.874e-01  
7.471e-02  8.140e-01  
8.308e-01  1.397e-01  
3.977e-01  4.166e-01  
7.030e-02  8.453e-01  
1.208e-01  7.356e-01  
6.542e-01  2.465e-01  
2.164e-01  5.859e-01  
1.616e-01  7.055e-01  
2.719e-01  5.254e-01  
1.005e+00  4.314e-02  
8.923e-01  1.076e-01  
2.694e-01  5.661e-01  
1.021e+00  7.326e-02  
4.993e-01  3.340e-01  
2.388e-01  5.620e-01  
9.201e-01  1.211e-01  
1.846e-01  6.330e-01  
2.846e-02  9.522e-01  
9.614e-01  4.590e-02  
2.388e-01  5.620e-01  
1.299e-01  7.263e-01  
7.106e-01  1.869e-01  
9.602e-01  5.682e-02  
6.351e-01  2.470e-01  
8.272e-01  1.341e-01  
9.614e-01  4.590e-02  
1.856e-01  6.417e-01  
1.621e-01  6.809e-01  
7.026e-01  1.999e-01  
5.897e-01  2.781e-01  
1.005e+00  4.314e-02  
5.342e-01  3.548e-01  
6.335e-01  2.296e-01  
7.106e-01  1.869e-01  
9.579e-01  7.152e-02  
1.111e+00  7.641e-02  
5.398e-02  8.696e-01  
1.322e-01  6.922e-01  
7.192e-01  2.361e-01  
9.279e-02  7.670e-01  
8.272e-01  1.341e-01  
2.388e-01  5.620e-01  
5.338e-02  8.778e-01  
3.394e-01  4.923e-01  
8.358e-02  7.647e-01  
1.893e-01  6.886e-01  
3.374e-02  8.871e-01  
9.201e-01  1.211e-01  
9.965e-01  3.825e-02  
1.054e+00  4.630e-02  
7.471e-02  8.140e-01  
2.395e-02  1.053e+00  
8.272e-01  1.341e-01  
8.868e-02  7.728e-01  
1.151e+00  8.265e-02  
1.002e+00  4.214e-02  
9.693e-01  8.078e-02  
3.819e-02  9.799e-01  
1.015e+00  3.839e-02  
2.158e-02  1.001e+00  
9.626e-01  5.408e-02  
9.719e-01  6.265e-02  
7.499e-02  7.936e-01  
7.085e-01  1.754e-01  
9.614e-01  4.590e-02  
1.048e-01  7.536e-01  
9.602e-01  5.682e-02  
9.626e-01  5.408e-02  
7.327e-01  1.782e-01  
3.819e-02  9.799e-01  
8.527e-01  1.140e-01  
9.313e-01  9.606e-02  
1.031e+00  4.776e-02  
9.965e-01  3.825e-02  
2.539e-01  5.702e-01  
8.868e-02  7.728e-01  
9.533e-01  7.794e-02  
5.258e-02  8.618e-01  
1.299e-01  7.263e-01  
6.464e-02  8.249e-01  
6.312e-01  2.375e-01  
8.364e-01  1.397e-01  
1.166e-01  7.987e-01  
7.112e-01  2.011e-01  
1.040e+00  4.791e-02  
2.558e-01  5.398e-01  
2.499e-01  5.767e-01  
2.539e-01  5.702e-01  
5.803e-01  2.732e-01  
9.201e-01  1.211e-01  
1.999e-02  9.278e-01  
1.799e-01  6.755e-01  
9.533e-01  8.588e-02  
7.091e-01  1.760e-01  
6.993e-02  8.042e-01  
1.002e+00  4.214e-02  
5.139e-01  3.262e-01  
3.478e-01  4.715e-01  
9.965e-01  3.825e-02  
7.112e-01  2.011e-01  
6.956e-01  1.989e-01  
3.478e-01  4.715e-01  
2.523e-01  5.625e-01  
7.499e-02  7.936e-01  
4.423e-02  8.773e-01  
2.036e-01  5.883e-01  
1.993e-01  6.516e-01  
4.811e-01  3.799e-01  
4.893e-01  3.450e-01  
3.735e-01  4.127e-01  
8.198e-01  1.477e-01  
3.307e-01  4.765e-01  
4.866e-01  3.380e-01  
8.328e-01  1.263e-01  
9.804e-02  7.605e-01  
7.112e-01  2.011e-01  
2.585e-01  5.632e-01  
2.763e-01  5.524e-01  
9.602e-01  5.682e-02  
3.626e-01  4.438e-01  
1.657e-01  6.620e-01  
2.585e-01  5.632e-01  
3.017e-01  5.311e-01  
5.462e-01  2.971e-01  
1.624e-01  6.616e-01  
3.631e-01  4.489e-01  
9.626e-01  5.408e-02  
6.998e-01  1.821e-01  
2.539e-01  5.702e-01  
9.719e-01  3.601e-02  
1.438e-01  7.403e-01  
5.123e-01  3.655e-01  
3.934e-01  4.146e-01  
1.438e-01  7.403e-01  
5.678e-01  2.693e-01  
9.147e-01  8.324e-02  
9.614e-01  4.590e-02  
4.210e-01  4.213e-01  
1.299e-01  7.263e-01  
3.977e-01  4.166e-01  
2.470e-01  5.518e-01  
3.261e-02  9.510e-01  
1.166e-01  7.987e-01  
4.761e-01  3.596e-01  
6.446e-01  2.276e-01  
4.979e-01  3.333e-01  
1.856e-02  9.533e-01  
3.067e-02  1.042e+00  
3.735e-01  4.127e-01  
3.884e-01  4.146e-01  
6.381e-01  2.368e-01  
1.616e-01  7.055e-01  
4.210e-01  4.213e-01  
