4.918e-02  9.795e-01  
9.838e-01  5.196e-02  
4.132e-01  4.271e-01  
6.124e-01  2.544e-01  
2.017e-01  6.204e-01  
5.003e-01  3.500e-01  
9.111e-02  8.289e-01  
3.382e-01  4.660e-01  
9.094e-01  8.194e-02  
9.649e-01  5.426e-02  
4.802e-02  8.427e-01  
4.633e-01  3.885e-01  
6.133e-01  2.768e-01  
2.297e-01  5.686e-01  
3.587e-01  4.763e-01  
7.298e-01  2.170e-01  
1.359e-01  7.235e-01  
1.301e-01  7.067e-01  
4.976e-01  3.505e-01  
9.116e-01  8.952e-02  
2.850e-01  5.437e-01  
4.222e-01  3.979e-01  
3.942e-01  4.559e-01  
9.288e-01  8.185e-02  
5.075e-01  3.530e-01  
9.154e-01  6.630e-02  
2.329e-01  5.804e-01  
3.056e-02  8.866e-01  
3.587e-01  4.763e-01  
7.300e-02  8.110e-01  
5.905e-01  2.491e-01  
6.769e-01  2.276e-01  
1.566e-01  6.984e-01  
7.578e-01  2.270e-01  
9.111e-01  7.678e-02  
3.735e-02  8.789e-01  
2.175e-01  5.819e-01  
1.179e-01  7.413e-01  
8.800e-02  7.945e-01  
4.999e-01  3.435e-01  
3.453e-01  4.461e-01  
5.157e-01  3.479e-01  
3.382e-01  4.660e-01  
2.307e-01  5.943e-01  
1.301e-01  7.067e-01  
6.009e-01  2.513e-01  
4.890e-01  3.853e-01  
9.092e-01  1.150e-01  
4.450e-01  3.952e-01  
1.655e-01  6.278e-01  
3.684e-01  4.508e-01  
2.531e-01  5.440e-01  
1.687e-02  9.374e-01  
5.353e-01  3.286e-01  
6.862e-02  8.205e-01  
4.132e-01  4.271e-01  
5.832e-01  2.731e-01  
9.649e-01  5.426e-02  
1.688e-01  7.205e-01  
9.792e-01  6.842e-02  
9.075e-01  1.578e-01  
3.221e-01  4.893e-01  
7.726e-01  2.240e-01  
6.769e-01  2.276e-01  
1.472e-01  6.485e-01  
7.629e-01  2.258e-01  
8.800e-02  7.945e-01  
6.045e-01  2.581e-01  
4.208e-01  4.335e-01  
4.625e-01  4.261e-01  
7.104e-01  2.332e-01  
1.660e-01  6.671e-01  
5.417e-01  3.053e-01  
2.699e-01  5.715e-01  
4.242e-01  4.444e-01  
7.713e-02  7.934e-01  
8.714e-02  7.573e-01  
7.298e-01  2.170e-01  
5.149e-01  3.408e-01  
9.792e-01  6.842e-02  
4.675e-01  3.953e-01  
2.806e-01  5.193e-01  
3.725e-01  4.536e-01  
4.636e-01  3.504e-01  
3.536e-01  4.630e-01  
5.075e-01  3.530e-01  
9.456e-02  7.270e-01  
4.767e-02  8.359e-01  
3.222e-01  4.824e-01  
4.787e-01  3.720e-01  
2.195e-01  6.553e-01  
6.368e-01  2.665e-01  
9.649e-01  5.426e-02  
3.735e-02  8.789e-01  
9.110e-01  8.470e-02  
1.671e-01  6.784e-01  
3.720e-01  4.461e-01  
6.011e-01  2.607e-01  
2.531e-01  5.440e-01  
4.208e-01  4.335e-01  
3.357e-02  8.796e-01  
9.428e-02  7.648e-01  
4.890e-01  3.853e-01  
8.765e-02  8.636e-01  
6.011e-01  2.607e-01  
9.116e-01  9.477e-02  
1.687e-02  9.374e-01  
4.068e-01  4.154e-01  
5.907e-01  2.743e-01  
6.838e-01  2.367e-01  
3.196e-01  4.880e-01  
1.759e-01  6.566e-01  
2.806e-01  5.193e-01  
3.163e-01  4.758e-01  
2.699e-01  5.715e-01  
9.656e-01  6.729e-02  
1.603e-01  6.663e-01  
9.150e-01  8.190e-02  
8.765e-02  8.636e-01  
9.225e-01  1.626e-01  
1.000e+00  5.363e-02  
1.958e-01  6.069e-01  
9.147e-01  8.198e-02  
1.436e-01  6.968e-01  
6.045e-01  2.581e-01  
4.918e-02  9.795e-01  
9.147e-01  8.198e-02  
2.864e-01  5.928e-01  
9.970e-01  5.311e-02  
2.864e-01  5.928e-01  
9.116e-01  8.952e-02  
8.765e-02  8.636e-01  
1.262e-01  6.915e-01  
9.600e-02  7.665e-01  
1.000e+00  5.363e-02  
9.110e-01  8.470e-02  
9.970e-01  5.311e-02  
2.422e-01  6.006e-01  
7.141e-01  2.137e-01  
1.892e-01  6.190e-01  
3.735e-02  8.789e-01  
5.259e-01  3.286e-01  
6.093e-01  2.530e-01  
2.922e-01  5.316e-01  
3.198e-01  4.971e-01  
4.222e-01  3.979e-01  
1.996e-01  6.537e-01  
4.675e-01  3.953e-01  
1.016e-01  7.595e-01  
2.726e-01  5.941e-01  
2.784e-01  5.368e-01  
7.237e-01  2.177e-01  
2.778e-01  5.567e-01  
4.222e-01  3.979e-01  
1.660e-01  6.671e-01  
5.353e-01  3.286e-01  
1.407e-01  7.072e-01  
2.329e-01  5.804e-01  
4.696e-01  3.715e-01  
5.461e-01  3.549e-01  
5.832e-01  2.731e-01  
2.699e-01  5.715e-01  
5.353e-01  3.286e-01  
1.262e-01  6.915e-01  
3.646e-01  4.609e-01  
2.978e-01  5.804e-01  
3.196e-01  4.880e-01  
4.755e-01  3.571e-01  
9.232e-01  5.944e-02  
5.338e-01  3.817e-01  
3.641e-01  4.380e-01  
5.321e-01  3.447e-01  
4.918e-02  9.795e-01  
4.577e-01  3.563e-01  
2.185e-02  9.546e-01  
4.805e-01  3.469e-01  
9.600e-02  7.665e-01  
4.208e-01  4.335e-01  
8.714e-02  7.573e-01  
4.337e-01  3.789e-01  
6.424e-01  2.619e-01  
2.620e-01  5.735e-01  
3.725e-01  4.536e-01  
3.524e-01  4.657e-01  
9.073e-01  1.006e-01  
7.237e-01  2.177e-01  
1.892e-01  6.190e-01  
3.611e-01  4.648e-01  
4.890e-01  3.853e-01  
3.402e-01  5.010e-01  
4.337e-01  3.789e-01  
5.353e-01  3.286e-01  
3.920e-01  4.499e-01  
3.920e-01  4.499e-01  
9.135e-01  7.823e-02  
7.104e-01  2.332e-01  
3.256e-01  4.850e-01  
6.011e-01  2.607e-01  
3.163e-01  4.758e-01  
1.215e-01  7.211e-01  
5.149e-01  3.408e-01  
2.307e-01  5.943e-01  
4.140e-01  4.196e-01  
9.074e-01  8.829e-02  
2.778e-01  5.567e-01  
5.907e-01  2.743e-01  
4.619e-01  3.911e-01  
4.767e-02  8.359e-01  
7.019e-01  2.133e-01  
3.357e-02  8.796e-01  
9.313e-01  6.294e-02  
6.338e-01  2.606e-01  
5.907e-01  2.743e-01  
1.566e-01  6.984e-01  
4.170e-01  4.139e-01  
9.792e-01  6.842e-02  
7.104e-01  2.332e-01  
6.188e-01  2.503e-01  
6.124e-01  2.544e-01  
8.800e-02  7.945e-01  
2.017e-01  6.204e-01  
1.566e-01  6.984e-01  
1.301e-01  7.067e-01  
6.106e-01  2.489e-01  
9.313e-01  6.294e-02  
1.765e-01  6.511e-01  
1.603e-01  6.663e-01  
1.603e-01  6.663e-01  
2.699e-01  5.715e-01  
8.765e-02  8.636e-01  
9.120e-01  1.055e-01  
9.171e-01  8.815e-02  
4.918e-02  9.795e-01  
3.725e-01  4.536e-01  
6.667e-01  2.886e-01  
7.104e-01  2.332e-01  
3.382e-01  4.660e-01  
4.767e-02  8.359e-01  
8.714e-02  7.573e-01  
6.338e-01  2.606e-01  
2.185e-02  9.546e-01  
5.527e-02  8.415e-01  
9.656e-01  6.729e-02  
1.482e-01  7.217e-01  
9.150e-01  8.190e-02  
7.578e-01  2.270e-01  
2.373e-01  6.126e-01  
9.116e-01  9.477e-02  
2.471e-01  6.016e-01  
2.679e-02  9.228e-01  
9.060e-01  1.031e-01  
9.106e-01  8.022e-02  
5.255e-02  8.246e-01  
6.780e-01  2.390e-01  
9.098e-01  1.051e-01  
9.838e-01  5.196e-02  
9.360e-01  6.086e-02  
1.029e+00  5.618e-02  
2.471e-01  6.016e-01  
9.890e-01  6.781e-02  
6.224e-01  2.488e-01  
6.124e-01  2.544e-01  
9.075e-01  1.578e-01  
1.687e-02  9.374e-01  
4.135e-01  3.968e-01  
9.106e-01  8.022e-02  
6.975e-01  2.149e-01  
7.578e-01  2.270e-01  
4.802e-02  8.427e-01  
2.620e-01  5.735e-01  
4.767e-02  8.359e-01  
1.958e-01  6.069e-01  
4.450e-01  3.952e-01  
3.163e-01  4.758e-01  
2.850e-01  5.437e-01  
7.726e-01  2.240e-01  
9.604e-02  7.650e-01  
1.660e-01  6.671e-01  
6.042e-01  2.474e-01  
7.681e-02  8.161e-01  
8.714e-02  7.573e-01  
2.699e-01  5.715e-01  
6.667e-01  2.886e-01  
6.133e-01  2.768e-01  
2.017e-01  6.204e-01  
1.687e-02  9.383e-01  
9.150e-01  8.190e-02  
1.359e-01  7.235e-01  
3.735e-02  8.789e-01  
1.171e-01  7.279e-01  
4.976e-01  3.505e-01  
4.222e-01  3.979e-01  
7.300e-02  8.110e-01  
5.875e-01  2.909e-01  
5.817e-01  3.264e-01  
3.725e-01  4.536e-01  
3.920e-01  4.499e-01  
2.297e-01  5.686e-01  
5.875e-01  2.909e-01  
3.749e-01  4.522e-01  
1.687e-02  9.374e-01  
3.402e-01  5.010e-01  
6.012e-01  2.746e-01  
4.508e-01  3.626e-01  
3.920e-01  4.499e-01  
4.650e-01  3.842e-01  
4.306e-02  9.513e-01  
3.609e-01  4.809e-01  
4.577e-01  3.563e-01  
4.208e-01  4.335e-01  
1.566e-01  6.984e-01  
2.189e-01  6.889e-01  
4.287e-01  4.069e-01  
6.949e-01  2.151e-01  
9.600e-02  7.665e-01  
5.062e-01  3.661e-01  
5.422e-01  3.249e-01  
5.353e-01  3.286e-01  
2.175e-01  5.819e-01  
4.805e-01  3.469e-01  
5.118e-01  3.367e-01  
4.755e-01  3.571e-01  
2.430e-01  5.490e-01  
9.116e-01  8.952e-02  
2.882e-01  5.183e-01  
7.713e-02  7.934e-01  
9.094e-01  8.194e-02  
5.878e-01  2.815e-01  
5.907e-01  2.743e-01  
1.215e-01  7.211e-01  
4.208e-01  4.083e-01  
3.749e-01  4.522e-01  
3.684e-01  4.508e-01  
1.301e-01  7.067e-01  
2.726e-01  5.941e-01  
3.198e-01  4.971e-01  
4.675e-01  3.953e-01  
9.092e-01  1.150e-01  
3.749e-01  4.522e-01  
2.373e-01  6.126e-01  
6.124e-01  2.544e-01  
2.471e-01  6.016e-01  
4.625e-01  4.261e-01  
4.976e-01  3.505e-01  
1.928e-01  5.932e-01  
9.251e-01  1.780e-01  
1.608e-01  6.653e-01  
4.999e-01  3.435e-01  
1.660e-01  6.671e-01  
4.208e-01  4.335e-01  
5.075e-01  3.530e-01  
1.660e-01  6.671e-01  
1.958e-01  6.069e-01  
9.075e-01  1.578e-01  
2.806e-01  5.193e-01  
3.196e-01  4.880e-01  
5.907e-01  2.743e-01  
2.873e-01  5.048e-01  
3.222e-01  4.824e-01  
3.720e-01  4.461e-01  
8.700e-02  7.755e-01  
4.242e-01  4.444e-01  
4.132e-01  4.271e-01  
4.802e-02  8.427e-01  
3.502e-01  4.823e-01  
2.981e-01  5.612e-01  
7.019e-01  2.133e-01  
4.675e-01  3.953e-01  
4.976e-01  3.505e-01  
6.338e-01  2.606e-01  
3.198e-01  4.971e-01  
2.784e-01  5.368e-01  
2.726e-01  5.941e-01  
4.769e-01  3.817e-01  
5.955e-01  2.605e-01  
5.075e-01  3.530e-01  
7.298e-01  2.170e-01  
1.958e-01  6.069e-01  
9.073e-01  1.006e-01  
8.047e-02  7.722e-01  
5.353e-01  3.286e-01  
5.003e-01  3.500e-01  
3.222e-01  4.824e-01  
4.517e-01  3.587e-01  
9.111e-02  8.289e-01  
4.226e-01  3.883e-01  
3.271e-01  4.696e-01  
4.450e-01  3.952e-01  
9.171e-01  8.815e-02  
6.338e-01  2.606e-01  
5.259e-01  3.286e-01  
7.713e-02  7.934e-01  
5.861e-02  9.439e-01  
2.665e-01  5.316e-01  
9.150e-01  8.190e-02  
3.587e-01  4.763e-01  
7.354e-01  2.158e-01  
4.918e-02  9.795e-01  
9.649e-01  5.426e-02  
4.890e-01  3.853e-01  
2.419e-01  5.811e-01  
6.667e-01  2.886e-01  
2.185e-02  9.546e-01  
9.091e-01  8.365e-02  
9.065e-01  9.386e-02  
4.767e-02  8.359e-01  
2.726e-01  5.941e-01  
3.672e-01  4.807e-01  
3.502e-01  4.823e-01  
9.073e-01  1.006e-01  
7.578e-01  2.270e-01  
1.608e-01  6.653e-01  
7.629e-01  2.258e-01  
6.667e-01  2.886e-01  
3.038e-01  5.079e-01  
4.222e-01  3.979e-01  
2.788e-01  5.232e-01  
4.344e-01  4.334e-01  
4.755e-01  3.571e-01  
1.892e-01  6.190e-01  
7.104e-01  2.332e-01  
2.195e-01  6.553e-01  
9.126e-01  1.030e-01  
2.835e-01  5.742e-01  
3.749e-01  4.522e-01  
3.222e-01  4.824e-01  
1.840e-01  7.556e-01  
2.017e-01  6.204e-01  
4.577e-01  3.563e-01  
5.875e-01  2.909e-01  
6.040e-01  2.579e-01  
3.222e-01  4.824e-01  
5.875e-01  2.909e-01  
6.011e-01  2.607e-01  
5.269e-02  8.213e-01  
6.044e-01  2.709e-01  
9.792e-01  6.842e-02  
1.593e-01  6.417e-01  
1.482e-01  7.217e-01  
3.038e-01  5.079e-01  
3.725e-01  4.536e-01  
1.958e-01  6.069e-01  
1.215e-01  7.211e-01  
3.048e-01  5.746e-01  
2.864e-01  5.928e-01  
4.696e-01  3.715e-01  
6.489e-01  2.564e-01  
5.288e-02  8.152e-01  
9.150e-01  8.190e-02  
3.920e-01  4.499e-01  
5.058e-02  8.562e-01  
1.171e-01  7.304e-01  
6.042e-01  2.474e-01  
2.373e-01  6.126e-01  
1.100e-01  7.130e-01  
2.888e-01  5.697e-01  
9.135e-01  7.823e-02  
9.073e-01  1.006e-01  
2.699e-01  5.715e-01  
9.721e-01  5.218e-02  
5.075e-01  3.530e-01  
2.175e-01  5.819e-01  
9.116e-01  8.952e-02  
1.958e-01  6.069e-01  
3.735e-02  8.789e-01  
9.838e-01  5.196e-02  
1.892e-01  6.190e-01  
1.224e-01  6.951e-01  
7.726e-01  2.240e-01  
9.209e-01  8.501e-02  
6.045e-01  2.581e-01  
9.171e-01  8.815e-02  
9.149e-01  7.497e-02  
7.713e-02  7.934e-01  
1.603e-01  6.663e-01  
7.104e-01  2.332e-01  
5.823e-01  3.089e-01  
9.890e-01  6.781e-02  
5.019e-01  3.637e-01  
6.045e-01  2.581e-01  
7.019e-01  2.133e-01  
9.223e-01  7.438e-02  
1.000e+00  5.363e-02  
3.245e-02  9.090e-01  
7.713e-02  7.934e-01  
7.578e-01  2.270e-01  
9.111e-02  8.289e-01  
9.144e-01  1.288e-01  
2.175e-01  5.819e-01  
5.861e-02  9.430e-01  
2.531e-01  5.440e-01  
8.714e-02  7.573e-01  
1.655e-01  6.278e-01  
1.687e-02  9.374e-01  
9.116e-01  8.952e-02  
9.223e-01  7.438e-02  
9.203e-01  6.157e-02  
8.765e-02  8.636e-01  
4.918e-02  9.795e-01  
9.074e-01  1.210e-01  
9.600e-02  7.665e-01  
9.649e-01  5.426e-02  
9.135e-01  7.823e-02  
9.262e-01  6.585e-02  
2.807e-02  8.902e-01  
9.629e-01  6.753e-02  
1.813e-02  9.220e-01  
9.649e-01  5.426e-02  
9.495e-01  5.937e-02  
1.046e-01  7.619e-01  
6.769e-01  2.276e-01  
9.838e-01  5.196e-02  
8.714e-02  7.573e-01  
9.184e-01  6.077e-02  
9.097e-01  9.596e-02  
6.975e-01  2.149e-01  
3.357e-02  8.796e-01  
9.225e-01  1.626e-01  
9.147e-01  8.198e-02  
9.649e-01  5.426e-02  
9.482e-01  5.506e-02  
2.882e-01  5.183e-01  
1.078e-01  7.435e-01  
9.110e-01  8.470e-02  
3.357e-02  8.796e-01  
9.428e-02  7.648e-01  
5.527e-02  8.415e-01  
6.042e-01  2.474e-01  
9.139e-01  1.001e-01  
1.028e-01  7.659e-01  
7.578e-01  2.270e-01  
9.649e-01  5.426e-02  
2.422e-01  6.006e-01  
2.175e-01  5.819e-01  
2.806e-01  5.193e-01  
4.976e-01  3.505e-01  
9.209e-01  8.501e-02  
3.357e-02  8.796e-01  
1.514e-01  6.586e-01  
9.262e-01  6.585e-02  
7.629e-01  2.258e-01  
8.765e-02  8.636e-01  
9.313e-01  6.294e-02  
4.903e-01  3.528e-01  
3.382e-01  4.660e-01  
1.000e+00  5.363e-02  
6.667e-01  2.886e-01  
6.769e-01  2.276e-01  
3.382e-01  4.660e-01  
2.329e-01  5.804e-01  
7.215e-02  8.124e-01  
3.735e-02  8.789e-01  
1.873e-01  6.278e-01  
1.819e-01  6.080e-01  
4.890e-01  3.853e-01  
5.075e-01  3.530e-01  
3.382e-01  4.660e-01  
9.116e-01  8.952e-02  
3.163e-01  4.758e-01  
4.577e-01  3.563e-01  
9.075e-01  1.578e-01  
9.376e-02  7.918e-01  
6.677e-01  2.305e-01  
2.981e-01  5.612e-01  
2.952e-01  5.392e-01  
9.106e-01  8.022e-02  
3.193e-01  4.678e-01  
1.566e-01  6.984e-01  
2.778e-01  5.567e-01  
2.806e-01  5.193e-01  
6.011e-01  2.607e-01  
1.660e-01  6.671e-01  
3.230e-01  4.703e-01  
9.649e-01  5.426e-02  
7.042e-01  2.186e-01  
2.531e-01  5.440e-01  
9.232e-01  5.944e-02  
1.301e-01  7.067e-01  
5.062e-01  3.661e-01  
3.453e-01  4.461e-01  
1.482e-01  7.217e-01  
5.826e-01  2.938e-01  
9.649e-01  5.426e-02  
9.147e-01  8.198e-02  
4.242e-01  4.444e-01  
5.288e-02  8.152e-01  
4.890e-01  3.853e-01  
2.788e-01  5.232e-01  
5.861e-02  9.439e-01  
1.037e-01  8.687e-01  
4.517e-01  3.587e-01  
6.667e-01  2.886e-01  
5.332e-01  3.447e-01  
1.687e-02  9.374e-01  
5.861e-02  9.439e-01  
4.450e-01  3.952e-01  
4.241e-01  4.165e-01  
6.040e-01  2.579e-01  
1.615e-01  7.064e-01  
4.068e-01  4.154e-01  
