3.048e-01  1.457e+00  
1.347e+00  1.354e-01  
1.007e+00  4.856e-01  
1.021e+00  2.756e-01  
6.110e-01  1.111e+00  
1.023e+00  4.870e-01  
3.758e-01  1.404e+00  
8.060e-01  1.044e+00  
1.157e+00  2.403e-01  
1.150e+00  1.611e-01  
3.343e-01  1.402e+00  
1.016e+00  5.892e-01  
1.063e+00  4.202e-01  
5.945e-01  1.064e+00  
9.668e-01  1.027e+00  
1.154e+00  2.274e-01  
5.244e-01  1.215e+00  
5.072e-01  1.188e+00  
1.035e+00  4.401e-01  
1.032e+00  2.149e-01  
6.350e-01  1.044e+00  
1.008e+00  5.482e-01  
1.010e+00  5.068e-01  
1.194e+00  1.774e-01  
1.010e+00  3.683e-01  
1.210e+00  1.475e-01  
5.945e-01  1.064e+00  
3.307e-01  1.847e+00  
7.527e-01  1.026e+00  
3.628e-01  1.405e+00  
1.045e+00  3.704e-01  
1.039e+00  2.890e-01  
5.237e-01  1.125e+00  
1.024e+00  2.913e-01  
1.117e+00  1.571e-01  
3.505e-01  1.519e+00  
7.934e-01  1.057e+00  
3.834e-01  1.404e+00  
4.343e-01  1.437e+00  
1.010e+00  2.819e-01  
1.010e+00  5.592e-01  
1.009e+00  3.398e-01  
7.637e-01  1.041e+00  
7.888e-01  1.042e+00  
5.130e-01  1.237e+00  
1.083e+00  3.335e-01  
1.018e+00  5.936e-01  
1.192e+00  1.484e-01  
1.011e+00  3.652e-01  
5.960e-01  1.047e+00  
1.007e+00  4.856e-01  
7.637e-01  1.041e+00  
3.048e-01  1.457e+00  
1.007e+00  3.107e-01  
3.804e-01  1.387e+00  
1.009e+00  3.398e-01  
1.079e+00  3.469e-01  
1.202e+00  1.342e-01  
5.659e-01  1.137e+00  
1.122e+00  2.080e-01  
1.123e+00  1.779e-01  
8.603e-01  1.028e+00  
1.064e+00  2.363e-01  
1.025e+00  2.867e-01  
5.237e-01  1.125e+00  
1.062e+00  2.220e-01  
3.692e-01  1.405e+00  
1.025e+00  3.233e-01  
1.015e+00  7.131e-01  
1.013e+00  6.939e-01  
1.061e+00  2.879e-01  
6.110e-01  1.111e+00  
1.015e+00  3.485e-01  
7.527e-01  1.026e+00  
1.010e+00  5.068e-01  
5.124e-01  1.217e+00  
3.574e-01  1.411e+00  
1.062e+00  2.220e-01  
1.019e+00  3.416e-01  
1.122e+00  1.575e-01  
1.063e+00  4.202e-01  
6.748e-01  1.040e+00  
1.007e+00  4.856e-01  
1.016e+00  5.892e-01  
8.975e-01  1.027e+00  
1.016e+00  3.984e-01  
5.072e-01  1.188e+00  
3.131e-01  1.433e+00  
7.121e-01  1.028e+00  
1.005e+00  6.017e-01  
6.618e-01  1.117e+00  
1.075e+00  3.516e-01  
1.178e+00  1.511e-01  
3.505e-01  1.519e+00  
1.056e+00  2.349e-01  
6.350e-01  1.044e+00  
1.010e+00  5.592e-01  
1.069e+00  3.259e-01  
7.398e-01  1.061e+00  
1.015e+00  7.131e-01  
3.535e-01  1.386e+00  
5.055e-01  1.216e+00  
1.018e+00  3.275e-01  
3.819e-01  1.438e+00  
1.063e+00  4.202e-01  
1.099e+00  2.792e-01  
3.134e-01  1.474e+00  
1.010e+00  5.068e-01  
1.021e+00  2.756e-01  
1.039e+00  2.890e-01  
9.602e-01  1.026e+00  
5.352e-01  1.115e+00  
7.599e-01  1.031e+00  
6.278e-01  1.057e+00  
6.417e-01  1.035e+00  
1.123e+00  1.779e-01  
5.138e-01  1.149e+00  
1.087e+00  2.569e-01  
3.989e-01  1.486e+00  
1.128e+00  1.977e-01  
1.288e+00  1.387e-01  
5.960e-01  1.047e+00  
1.167e+00  1.843e-01  
5.426e-01  1.116e+00  
1.039e+00  2.890e-01  
3.095e-01  1.962e+00  
1.167e+00  1.843e-01  
7.254e-01  1.025e+00  
1.307e+00  1.419e-01  
6.682e-01  1.053e+00  
1.303e+00  2.158e-01  
5.073e-01  1.270e+00  
5.055e-01  1.216e+00  
4.388e-01  1.372e+00  
1.288e+00  1.387e-01  
1.157e+00  2.403e-01  
1.162e+00  1.368e-01  
6.350e-01  1.044e+00  
1.154e+00  2.274e-01  
6.272e-01  1.099e+00  
3.131e-01  1.433e+00  
1.013e+00  2.429e-01  
1.029e+00  2.938e-01  
6.682e-01  1.053e+00  
9.602e-01  1.026e+00  
1.021e+00  8.405e-01  
6.272e-01  1.099e+00  
1.011e+00  6.143e-01  
3.804e-01  1.387e+00  
7.934e-01  1.057e+00  
6.748e-01  1.040e+00  
1.046e+00  2.267e-01  
7.659e-01  1.027e+00  
1.004e+00  5.963e-01  
5.690e-01  1.092e+00  
1.021e+00  3.843e-01  
5.244e-01  1.215e+00  
5.067e-01  1.283e+00  
1.010e+00  6.276e-01  
1.015e+00  3.485e-01  
1.021e+00  2.756e-01  
5.961e-01  1.035e+00  
1.010e+00  2.819e-01  
5.183e-01  1.146e+00  
1.015e+00  8.705e-01  
6.278e-01  1.057e+00  
9.602e-01  1.026e+00  
1.018e+00  5.936e-01  
1.228e+00  1.357e-01  
1.013e+00  2.429e-01  
1.007e+00  6.991e-01  
1.038e+00  3.423e-01  
3.080e-01  1.632e+00  
1.018e+00  5.936e-01  
3.323e-01  1.431e+00  
1.010e+00  2.819e-01  
4.323e-01  1.439e+00  
1.010e+00  5.592e-01  
3.574e-01  1.411e+00  
1.009e+00  3.398e-01  
1.025e+00  2.867e-01  
6.682e-01  1.053e+00  
1.010e+00  5.592e-01  
1.010e+00  5.592e-01  
1.062e+00  2.220e-01  
1.065e+00  2.363e-01  
6.350e-01  1.044e+00  
1.009e+00  4.244e-01  
1.009e+00  3.398e-01  
8.975e-01  1.027e+00  
1.004e+00  5.963e-01  
1.032e+00  4.058e-01  
1.009e+00  4.244e-01  
1.006e+00  4.840e-01  
1.191e+00  1.698e-01  
1.046e+00  2.267e-01  
9.602e-01  1.027e+00  
1.097e+00  4.069e-01  
7.599e-01  1.031e+00  
5.071e-01  1.260e+00  
1.032e+00  4.058e-01  
6.417e-01  1.035e+00  
1.021e+00  2.647e-01  
1.032e+00  2.149e-01  
6.932e-01  1.030e+00  
1.015e+00  3.485e-01  
1.007e+00  3.122e-01  
3.303e-01  1.381e+00  
1.087e+00  2.569e-01  
3.268e-01  1.406e+00  
1.156e+00  1.635e-01  
1.019e+00  2.311e-01  
1.007e+00  3.107e-01  
5.473e-01  1.137e+00  
1.004e+00  5.635e-01  
1.123e+00  1.712e-01  
1.074e+00  2.976e-01  
1.021e+00  2.756e-01  
1.019e+00  2.311e-01  
3.834e-01  1.404e+00  
6.110e-01  1.111e+00  
5.347e-01  1.153e+00  
5.072e-01  1.188e+00  
1.022e+00  2.583e-01  
1.228e+00  1.357e-01  
5.926e-01  1.075e+00  
5.187e-01  1.162e+00  
5.237e-01  1.125e+00  
6.682e-01  1.053e+00  
4.008e-01  1.437e+00  
1.161e+00  3.051e-01  
1.112e+00  2.227e-01  
3.152e-01  2.161e+00  
7.398e-01  1.061e+00  
1.025e+00  3.251e-01  
1.095e+00  2.579e-01  
7.659e-01  1.027e+00  
3.269e-01  1.374e+00  
3.804e-01  1.387e+00  
1.050e+00  2.732e-01  
3.137e-01  1.492e+00  
3.989e-01  1.486e+00  
1.194e+00  1.774e-01  
5.473e-01  1.137e+00  
1.063e+00  2.535e-01  
1.099e+00  2.792e-01  
6.490e-01  1.039e+00  
1.147e+00  1.641e-01  
5.945e-01  1.064e+00  
3.184e-01  1.440e+00  
1.154e+00  2.274e-01  
1.076e+00  2.324e-01  
3.131e-01  1.433e+00  
1.079e+00  3.469e-01  
1.122e+00  1.575e-01  
1.382e+00  1.361e-01  
1.162e+00  1.368e-01  
1.288e+00  1.387e-01  
6.940e-01  1.031e+00  
1.259e+00  1.465e-01  
1.025e+00  3.233e-01  
1.083e+00  3.335e-01  
1.032e+00  2.149e-01  
3.159e-01  1.521e+00  
1.016e+00  5.742e-01  
1.043e+00  2.284e-01  
1.099e+00  2.792e-01  
1.087e+00  2.569e-01  
3.541e-01  1.437e+00  
7.545e-01  1.031e+00  
3.552e-01  1.389e+00  
5.252e-01  1.107e+00  
1.012e+00  4.245e-01  
7.254e-01  1.025e+00  
8.209e-01  1.027e+00  
1.078e+00  2.300e-01  
3.275e-01  1.374e+00  
5.426e-01  1.116e+00  
1.066e+00  2.631e-01  
3.603e-01  1.438e+00  
3.804e-01  1.387e+00  
7.888e-01  1.042e+00  
1.019e+00  2.311e-01  
1.079e+00  3.469e-01  
6.110e-01  1.111e+00  
3.137e-01  1.492e+00  
1.128e+00  1.977e-01  
5.071e-01  1.260e+00  
3.349e-01  1.406e+00  
5.124e-01  1.217e+00  
1.021e+00  2.647e-01  
1.016e+00  5.892e-01  
3.441e-01  1.376e+00  
1.025e+00  3.233e-01  
1.010e+00  2.819e-01  
1.003e+00  4.522e-01  
1.021e+00  8.405e-01  
6.407e-01  1.044e+00  
1.012e+00  4.581e-01  
1.021e+00  8.405e-01  
3.152e-01  2.161e+00  
9.577e-01  1.029e+00  
1.025e+00  2.867e-01  
1.011e+00  3.652e-01  
1.005e+00  8.788e-01  
1.018e+00  5.936e-01  
3.137e-01  1.492e+00  
9.602e-01  1.026e+00  
1.011e+00  6.143e-01  
1.003e+00  4.522e-01  
5.124e-01  1.217e+00  
8.000e-01  1.066e+00  
1.009e+00  3.398e-01  
1.040e+00  2.654e-01  
4.871e-01  1.378e+00  
1.013e+00  6.939e-01  
1.016e+00  4.120e-01  
1.019e+00  3.416e-01  
6.417e-01  1.035e+00  
1.015e+00  3.485e-01  
1.010e+00  2.819e-01  
1.015e+00  3.011e-01  
7.254e-01  1.025e+00  
1.038e+00  2.005e-01  
6.444e-01  1.046e+00  
5.060e-01  1.301e+00  
1.123e+00  1.779e-01  
1.021e+00  2.462e-01  
1.043e+00  3.340e-01  
4.630e-01  1.386e+00  
1.016e+00  6.595e-01  
1.007e+00  5.499e-01  
1.004e+00  4.965e-01  
5.124e-01  1.217e+00  
6.417e-01  1.035e+00  
8.975e-01  1.027e+00  
1.015e+00  3.011e-01  
1.311e+00  1.405e-01  
1.021e+00  2.647e-01  
6.490e-01  1.039e+00  
1.025e+00  2.867e-01  
6.616e-01  1.140e+00  
1.004e+00  4.965e-01  
1.021e+00  2.647e-01  
6.393e-01  1.034e+00  
1.056e+00  2.349e-01  
5.323e-01  1.199e+00  
1.015e+00  3.485e-01  
5.738e-01  1.146e+00  
1.004e+00  5.395e-01  
1.016e+00  5.742e-01  
5.659e-01  1.137e+00  
6.588e-01  1.048e+00  
1.032e+00  2.149e-01  
8.603e-01  1.028e+00  
7.527e-01  1.026e+00  
1.063e+00  4.202e-01  
7.565e-01  1.026e+00  
6.278e-01  1.057e+00  
1.004e+00  7.311e-01  
3.628e-01  1.405e+00  
1.010e+00  5.068e-01  
1.005e+00  5.400e-01  
3.603e-01  1.438e+00  
1.004e+00  5.395e-01  
7.565e-01  1.026e+00  
1.024e+00  2.913e-01  
1.032e+00  4.058e-01  
1.019e+00  3.416e-01  
1.036e+00  4.329e-01  
8.975e-01  1.027e+00  
6.748e-01  1.040e+00  
7.398e-01  1.061e+00  
1.013e+00  6.180e-01  
1.083e+00  3.335e-01  
1.008e+00  5.482e-01  
1.021e+00  2.647e-01  
6.110e-01  1.111e+00  
1.194e+00  1.774e-01  
3.303e-01  1.381e+00  
1.012e+00  4.581e-01  
1.013e+00  6.180e-01  
7.637e-01  1.041e+00  
1.017e+00  5.773e-01  
4.343e-01  1.437e+00  
1.007e+00  4.845e-01  
9.246e-01  1.027e+00  
1.018e+00  5.936e-01  
1.123e+00  1.779e-01  
1.025e+00  3.233e-01  
1.015e+00  3.011e-01  
5.124e-01  1.217e+00  
3.095e-01  1.962e+00  
6.748e-01  1.040e+00  
1.069e+00  2.403e-01  
1.021e+00  8.405e-01  
1.025e+00  2.129e-01  
3.076e-01  1.795e+00  
1.299e+00  1.416e-01  
1.017e+00  5.773e-01  
7.934e-01  1.057e+00  
1.079e+00  3.469e-01  
3.137e-01  1.492e+00  
1.157e+00  2.403e-01  
1.087e+00  2.569e-01  
3.343e-01  1.402e+00  
6.278e-01  1.057e+00  
1.018e+00  5.824e-01  
1.010e+00  5.592e-01  
1.085e+00  2.147e-01  
1.046e+00  2.843e-01  
5.124e-01  1.217e+00  
1.064e+00  2.363e-01  
1.023e+00  3.167e-01  
8.476e-01  1.032e+00  
1.017e+00  5.750e-01  
7.934e-01  1.057e+00  
1.016e+00  5.742e-01  
1.013e+00  6.180e-01  
5.067e-01  1.283e+00  
1.083e+00  3.335e-01  
6.272e-01  1.099e+00  
1.195e+00  1.634e-01  
7.934e-01  1.057e+00  
1.022e+00  7.094e-01  
7.637e-01  1.041e+00  
5.347e-01  1.168e+00  
5.473e-01  1.137e+00  
1.016e+00  5.742e-01  
1.069e+00  3.259e-01  
1.079e+00  3.469e-01  
8.143e-01  1.027e+00  
1.063e+00  4.202e-01  
1.039e+00  2.890e-01  
3.131e-01  1.433e+00  
1.039e+00  2.890e-01  
1.128e+00  1.977e-01  
5.347e-01  1.168e+00  
5.165e-01  1.139e+00  
7.565e-01  1.026e+00  
1.007e+00  4.856e-01  
5.984e-01  1.134e+00  
5.477e-01  1.187e+00  
7.398e-01  1.061e+00  
7.508e-01  1.030e+00  
1.013e+00  6.939e-01  
1.079e+00  3.469e-01  
3.694e-01  1.416e+00  
1.043e+00  2.284e-01  
1.010e+00  6.485e-01  
3.834e-01  1.404e+00  
5.072e-01  1.188e+00  
1.027e+00  3.427e-01  
5.945e-01  1.064e+00  
5.183e-01  1.146e+00  
7.508e-01  1.030e+00  
1.259e+00  1.465e-01  
1.085e+00  2.147e-01  
6.417e-01  1.035e+00  
1.311e+00  1.405e-01  
1.015e+00  3.485e-01  
6.682e-01  1.053e+00  
1.123e+00  1.779e-01  
5.659e-01  1.137e+00  
3.184e-01  1.440e+00  
1.202e+00  1.342e-01  
5.960e-01  1.047e+00  
5.008e-01  1.277e+00  
1.073e+00  4.130e-01  
1.178e+00  1.511e-01  
1.025e+00  3.251e-01  
1.043e+00  2.284e-01  
1.117e+00  1.571e-01  
5.691e-01  1.141e+00  
5.130e-01  1.237e+00  
1.039e+00  2.890e-01  
1.067e+00  3.366e-01  
1.249e+00  1.519e-01  
1.016e+00  5.892e-01  
1.030e+00  2.646e-01  
1.054e+00  2.521e-01  
1.194e+00  1.774e-01  
1.288e+00  1.387e-01  
3.349e-01  1.406e+00  
5.175e-01  1.167e+00  
1.021e+00  2.756e-01  
3.834e-01  1.404e+00  
1.062e+00  2.220e-01  
6.682e-01  1.053e+00  
3.694e-01  1.416e+00  
8.209e-01  1.027e+00  
4.343e-01  1.437e+00  
5.072e-01  1.188e+00  
3.263e-01  1.375e+00  
1.063e+00  2.535e-01  
1.122e+00  1.575e-01  
1.288e+00  1.387e-01  
3.343e-01  1.402e+00  
3.048e-01  1.457e+00  
1.157e+00  2.403e-01  
4.315e-01  1.381e+00  
1.123e+00  1.779e-01  
1.210e+00  1.475e-01  
1.228e+00  1.357e-01  
3.486e-01  1.603e+00  
1.259e+00  1.465e-01  
3.137e-01  1.492e+00  
1.228e+00  1.357e-01  
1.162e+00  1.368e-01  
4.630e-01  1.386e+00  
1.040e+00  2.654e-01  
1.347e+00  1.354e-01  
3.834e-01  1.404e+00  
1.210e+00  1.475e-01  
1.194e+00  1.774e-01  
1.047e+00  2.431e-01  
3.159e-01  1.521e+00  
1.063e+00  2.535e-01  
1.228e+00  1.357e-01  
1.398e+00  1.332e-01  
1.249e+00  1.519e-01  
7.254e-01  1.025e+00  
4.343e-01  1.437e+00  
1.191e+00  1.698e-01  
3.131e-01  1.433e+00  
5.073e-01  1.270e+00  
2.988e-01  1.376e+00  
1.040e+00  2.654e-01  
1.063e+00  2.535e-01  
4.323e-01  1.439e+00  
1.062e+00  2.220e-01  
1.274e+00  1.539e-01  
5.901e-01  1.035e+00  
6.676e-01  1.032e+00  
7.934e-01  1.057e+00  
1.032e+00  4.058e-01  
1.112e+00  2.227e-01  
3.140e-01  1.621e+00  
5.138e-01  1.149e+00  
1.167e+00  1.843e-01  
1.046e+00  2.843e-01  
3.131e-01  1.433e+00  
1.288e+00  1.387e-01  
1.019e+00  3.416e-01  
8.603e-01  1.028e+00  
1.174e+00  1.364e-01  
1.083e+00  3.335e-01  
1.025e+00  2.867e-01  
6.932e-01  1.030e+00  
6.490e-01  1.039e+00  
3.834e-01  1.404e+00  
3.269e-01  1.374e+00  
5.244e-01  1.215e+00  
5.138e-01  1.149e+00  
1.008e+00  5.482e-01  
1.015e+00  3.011e-01  
1.006e+00  7.526e-01  
1.056e+00  2.349e-01  
7.254e-01  1.025e+00  
1.015e+00  3.011e-01  
1.330e+00  1.803e-01  
3.275e-01  1.374e+00  
1.073e+00  3.304e-01  
7.508e-01  1.030e+00  
7.254e-01  1.025e+00  
1.259e+00  1.465e-01  
9.602e-01  1.026e+00  
5.138e-01  1.149e+00  
6.278e-01  1.057e+00  
7.177e-01  1.028e+00  
1.010e+00  3.683e-01  
5.384e-01  1.139e+00  
1.003e+00  4.522e-01  
1.364e+00  1.391e-01  
1.073e+00  4.130e-01  
5.960e-01  1.047e+00  
1.311e+00  1.405e-01  
5.072e-01  1.188e+00  
1.010e+00  2.819e-01  
1.004e+00  4.965e-01  
5.130e-01  1.237e+00  
1.032e+00  4.058e-01  
1.162e+00  1.368e-01  
1.228e+00  1.357e-01  
1.006e+00  4.840e-01  
3.574e-01  1.411e+00  
1.020e+00  8.117e-01  
7.398e-01  1.061e+00  
3.122e-01  1.374e+00  
3.574e-01  1.411e+00  
1.018e+00  5.936e-01  
1.087e+00  2.569e-01  
1.035e+00  4.401e-01  
3.048e-01  1.457e+00  
3.048e-01  1.457e+00  
1.015e+00  7.131e-01  
1.005e+00  6.017e-01  
1.019e+00  2.311e-01  
5.067e-01  1.283e+00  
1.015e+00  7.131e-01  
