7.660e-02  1.107e+00  
1.137e+00  8.507e-02  
6.907e-01  6.878e-01  
9.792e-01  3.618e-01  
3.530e-01  9.878e-01  
9.030e-01  4.245e-01  
8.916e-02  1.097e+00  
5.546e-01  8.629e-01  
1.036e+00  1.864e-01  
1.137e+00  8.507e-02  
8.685e-02  1.105e+00  
7.772e-01  6.382e-01  
8.825e-01  4.415e-01  
3.768e-01  9.959e-01  
6.527e-01  7.714e-01  
9.922e-01  2.644e-01  
3.824e-01  9.992e-01  
1.633e-01  1.059e+00  
8.277e-01  5.483e-01  
1.036e+00  1.864e-01  
4.998e-01  8.923e-01  
7.766e-01  6.426e-01  
6.846e-01  6.865e-01  
1.033e+00  1.583e-01  
8.583e-01  4.602e-01  
1.133e+00  8.723e-02  
3.829e-01  9.950e-01  
7.514e-02  1.098e+00  
5.818e-01  8.539e-01  
8.216e-02  1.097e+00  
9.792e-01  3.618e-01  
9.839e-01  3.214e-01  
3.334e-01  1.043e+00  
9.917e-01  2.853e-01  
1.133e+00  8.906e-02  
7.642e-02  1.102e+00  
3.569e-01  9.844e-01  
1.880e-01  1.050e+00  
1.542e-01  1.078e+00  
9.030e-01  4.245e-01  
6.507e-01  7.852e-01  
8.433e-01  4.627e-01  
5.818e-01  8.539e-01  
3.486e-01  9.762e-01  
1.845e-01  1.052e+00  
9.494e-01  3.856e-01  
8.209e-01  6.028e-01  
1.137e+00  8.507e-02  
7.544e-01  6.502e-01  
3.615e-01  9.917e-01  
6.599e-01  7.441e-01  
3.615e-01  9.917e-01  
7.642e-02  1.102e+00  
8.597e-01  4.600e-01  
8.079e-02  1.099e+00  
7.294e-01  6.622e-01  
9.218e-01  4.249e-01  
1.133e+00  8.465e-02  
3.824e-01  9.992e-01  
1.040e+00  1.510e-01  
1.017e+00  1.755e-01  
6.295e-01  8.487e-01  
1.013e+00  1.820e-01  
9.917e-01  2.763e-01  
1.718e-01  1.052e+00  
9.965e-01  2.626e-01  
7.458e-02  1.095e+00  
9.708e-01  4.011e-01  
7.424e-01  6.588e-01  
7.772e-01  6.382e-01  
9.917e-01  2.763e-01  
3.334e-01  1.043e+00  
8.583e-01  4.602e-01  
4.998e-01  8.923e-01  
6.768e-01  7.091e-01  
7.399e-02  1.105e+00  
8.216e-02  1.097e+00  
1.016e+00  2.171e-01  
8.328e-01  5.015e-01  
1.069e+00  1.131e-01  
8.573e-01  4.789e-01  
5.035e-01  8.857e-01  
6.553e-01  7.612e-01  
8.323e-01  5.365e-01  
6.506e-01  7.898e-01  
8.322e-01  5.490e-01  
2.521e-01  1.075e+00  
8.836e-02  1.099e+00  
5.818e-01  8.539e-01  
8.182e-01  6.012e-01  
3.538e-01  9.821e-01  
9.862e-01  3.473e-01  
1.135e+00  8.788e-02  
8.491e-02  1.104e+00  
1.013e+00  1.820e-01  
4.042e-01  9.998e-01  
6.724e-01  7.066e-01  
8.792e-01  4.502e-01  
3.569e-01  9.844e-01  
7.544e-01  6.502e-01  
8.836e-02  1.099e+00  
1.873e-01  1.056e+00  
8.182e-01  6.012e-01  
8.802e-02  1.103e+00  
9.165e-01  4.219e-01  
1.031e+00  1.861e-01  
7.901e-02  1.102e+00  
6.846e-01  6.865e-01  
9.194e-01  4.146e-01  
9.802e-01  2.981e-01  
6.468e-01  8.115e-01  
3.334e-01  1.043e+00  
5.008e-01  8.820e-01  
6.053e-01  8.417e-01  
3.538e-01  9.821e-01  
1.077e+00  1.215e-01  
1.811e-01  1.048e+00  
1.011e+00  2.222e-01  
8.919e-02  1.104e+00  
1.044e+00  1.371e-01  
1.137e+00  8.507e-02  
3.768e-01  9.959e-01  
1.059e+00  1.272e-01  
1.756e-01  1.049e+00  
9.792e-01  3.618e-01  
8.919e-02  1.104e+00  
1.038e+00  1.493e-01  
5.179e-01  8.729e-01  
1.138e+00  8.320e-02  
5.347e-01  8.605e-01  
1.038e+00  1.493e-01  
7.399e-02  1.105e+00  
7.668e-02  1.104e+00  
7.458e-02  1.095e+00  
1.135e+00  8.706e-02  
1.033e+00  1.649e-01  
1.135e+00  8.312e-02  
4.339e-01  9.910e-01  
9.914e-01  2.788e-01  
3.376e-01  1.003e+00  
8.497e-02  1.099e+00  
8.597e-01  4.600e-01  
9.751e-01  3.156e-01  
5.127e-01  8.662e-01  
6.468e-01  8.115e-01  
7.034e-01  6.802e-01  
3.474e-01  9.942e-01  
8.209e-01  6.028e-01  
7.742e-02  1.096e+00  
3.569e-01  9.844e-01  
4.909e-01  9.564e-01  
9.917e-01  2.853e-01  
5.174e-01  8.714e-01  
7.294e-01  6.622e-01  
3.378e-01  9.924e-01  
8.597e-01  4.600e-01  
1.784e-01  1.047e+00  
3.615e-01  9.917e-01  
7.279e-01  6.632e-01  
8.597e-01  4.600e-01  
9.260e-01  4.120e-01  
4.909e-01  9.346e-01  
8.449e-01  4.933e-01  
1.864e-01  1.053e+00  
6.560e-01  7.493e-01  
5.888e-01  8.572e-01  
6.599e-01  7.441e-01  
8.277e-01  5.483e-01  
1.155e+00  9.387e-02  
8.269e-01  5.545e-01  
6.779e-01  7.023e-01  
9.030e-01  4.245e-01  
7.555e-02  1.095e+00  
8.209e-01  6.028e-01  
8.836e-02  1.099e+00  
8.576e-01  4.592e-01  
8.916e-02  1.097e+00  
6.760e-01  7.060e-01  
8.802e-02  1.103e+00  
7.544e-01  6.502e-01  
9.792e-01  3.618e-01  
4.909e-01  9.564e-01  
6.599e-01  7.441e-01  
6.527e-01  7.714e-01  
9.994e-01  2.279e-01  
9.922e-01  2.644e-01  
3.767e-01  9.843e-01  
6.507e-01  7.852e-01  
8.182e-01  6.012e-01  
6.507e-01  7.852e-01  
7.652e-01  6.533e-01  
8.304e-01  5.334e-01  
7.144e-01  6.721e-01  
6.736e-01  7.244e-01  
1.133e+00  8.906e-02  
9.917e-01  2.763e-01  
5.818e-01  8.539e-01  
9.030e-01  4.245e-01  
5.546e-01  8.629e-01  
2.118e-01  1.058e+00  
8.334e-01  5.034e-01  
3.530e-01  9.878e-01  
7.424e-01  6.588e-01  
1.038e+00  1.493e-01  
4.931e-01  9.003e-01  
8.872e-01  4.316e-01  
8.065e-01  6.204e-01  
7.955e-02  1.102e+00  
1.036e+00  1.864e-01  
8.709e-02  1.099e+00  
1.044e+00  1.371e-01  
9.046e-01  4.158e-01  
8.750e-01  4.445e-01  
3.299e-01  1.021e+00  
7.144e-01  6.721e-01  
1.061e+00  1.228e-01  
9.882e-01  2.978e-01  
9.862e-01  3.473e-01  
9.751e-01  3.156e-01  
7.952e-02  1.109e+00  
3.750e-01  9.782e-01  
3.824e-01  9.992e-01  
1.833e-01  1.048e+00  
9.751e-01  3.156e-01  
1.133e+00  8.723e-02  
3.824e-01  9.992e-01  
1.833e-01  1.048e+00  
1.936e-01  1.049e+00  
4.755e-01  1.014e+00  
8.709e-02  1.099e+00  
1.003e+00  2.228e-01  
1.040e+00  1.510e-01  
7.901e-02  1.102e+00  
5.888e-01  8.572e-01  
9.914e-01  2.993e-01  
9.914e-01  2.993e-01  
5.652e-01  8.640e-01  
8.709e-02  1.099e+00  
8.916e-02  1.097e+00  
8.906e-01  4.243e-01  
7.697e-02  1.106e+00  
9.096e-02  1.101e+00  
1.044e+00  1.371e-01  
2.521e-01  1.075e+00  
1.030e+00  1.806e-01  
1.023e+00  1.930e-01  
3.552e-01  9.890e-01  
1.137e+00  8.507e-02  
3.440e-01  9.853e-01  
9.704e-02  1.112e+00  
1.077e+00  1.215e-01  
1.040e+00  1.510e-01  
8.685e-02  1.105e+00  
9.751e-01  3.156e-01  
1.044e+00  1.371e-01  
1.134e+00  8.303e-02  
1.133e+00  8.723e-02  
1.077e+00  1.215e-01  
3.767e-01  9.843e-01  
1.155e+00  9.387e-02  
9.914e-01  2.788e-01  
9.914e-01  2.993e-01  
1.031e+00  1.861e-01  
9.704e-02  1.112e+00  
7.138e-01  6.721e-01  
1.033e+00  1.813e-01  
9.978e-01  2.477e-01  
9.914e-01  2.993e-01  
7.901e-02  1.102e+00  
4.909e-01  9.564e-01  
7.514e-02  1.098e+00  
3.447e-01  9.781e-01  
7.424e-01  6.588e-01  
5.920e-01  8.483e-01  
5.337e-01  8.604e-01  
9.965e-01  2.626e-01  
7.668e-02  1.104e+00  
3.824e-01  9.992e-01  
9.363e-01  4.094e-01  
8.836e-02  1.099e+00  
8.079e-02  1.099e+00  
4.339e-01  9.910e-01  
8.433e-01  4.627e-01  
9.751e-01  3.156e-01  
3.560e-01  9.896e-01  
7.513e-02  1.104e+00  
1.038e+00  1.493e-01  
1.654e-01  1.057e+00  
8.919e-02  1.104e+00  
7.658e-02  1.104e+00  
8.328e-01  5.015e-01  
8.209e-01  6.028e-01  
7.514e-02  1.098e+00  
8.825e-01  4.415e-01  
8.622e-01  4.653e-01  
6.501e-01  7.974e-01  
6.736e-01  7.244e-01  
3.615e-01  9.917e-01  
8.583e-01  4.602e-01  
6.907e-01  6.878e-01  
8.491e-02  1.104e+00  
6.295e-01  8.487e-01  
9.113e-01  4.202e-01  
7.652e-01  6.533e-01  
6.592e-01  7.410e-01  
8.184e-01  6.335e-01  
9.704e-02  1.112e+00  
6.295e-01  8.487e-01  
8.331e-01  5.949e-01  
6.760e-01  7.060e-01  
1.784e-01  1.047e+00  
3.486e-01  9.762e-01  
7.279e-01  6.632e-01  
9.914e-01  2.788e-01  
7.399e-02  1.105e+00  
7.544e-01  6.502e-01  
8.563e-01  4.670e-01  
8.563e-01  4.670e-01  
4.339e-01  9.910e-01  
8.347e-01  5.237e-01  
8.336e-01  5.180e-01  
8.418e-01  4.988e-01  
4.901e-01  9.406e-01  
1.031e+00  1.861e-01  
5.005e-01  8.879e-01  
7.458e-02  1.095e+00  
1.044e+00  1.371e-01  
9.165e-01  4.219e-01  
9.030e-01  4.245e-01  
1.811e-01  1.048e+00  
7.279e-01  6.632e-01  
7.034e-01  6.802e-01  
6.599e-01  7.441e-01  
2.089e-01  1.060e+00  
3.768e-01  9.959e-01  
6.295e-01  8.487e-01  
9.030e-01  4.245e-01  
1.033e+00  1.587e-01  
6.560e-01  7.493e-01  
3.615e-01  9.917e-01  
9.708e-01  4.011e-01  
3.486e-01  9.762e-01  
7.341e-01  6.599e-01  
8.583e-01  4.602e-01  
3.838e-01  9.859e-01  
1.005e+00  2.028e-01  
1.811e-01  1.048e+00  
8.336e-01  5.180e-01  
3.334e-01  1.043e+00  
6.994e-01  6.818e-01  
8.139e-01  6.366e-01  
3.327e-01  1.002e+00  
3.615e-01  9.917e-01  
1.016e+00  2.171e-01  
6.229e-01  8.376e-01  
5.546e-01  8.629e-01  
8.931e-01  4.288e-01  
5.818e-01  8.539e-01  
6.035e-01  8.554e-01  
6.507e-01  7.852e-01  
8.916e-02  1.097e+00  
6.907e-01  6.878e-01  
6.761e-01  7.025e-01  
7.624e-02  1.103e+00  
6.507e-01  7.852e-01  
5.546e-01  8.629e-01  
9.917e-01  2.763e-01  
8.563e-01  4.670e-01  
8.439e-01  4.847e-01  
9.363e-01  4.094e-01  
6.295e-01  8.487e-01  
5.389e-01  8.667e-01  
4.909e-01  9.564e-01  
7.279e-01  6.632e-01  
9.194e-01  4.146e-01  
7.279e-01  6.632e-01  
9.920e-01  2.815e-01  
3.768e-01  9.959e-01  
1.044e+00  1.374e-01  
9.203e-02  1.098e+00  
8.576e-01  4.592e-01  
8.209e-01  6.028e-01  
5.818e-01  8.539e-01  
8.277e-01  5.483e-01  
8.802e-02  1.103e+00  
7.279e-01  6.632e-01  
6.295e-01  8.487e-01  
8.182e-01  6.012e-01  
1.077e+00  1.215e-01  
9.792e-01  3.618e-01  
8.336e-01  5.180e-01  
1.858e-01  1.054e+00  
7.634e-02  1.104e+00  
5.174e-01  8.714e-01  
1.077e+00  1.215e-01  
6.507e-01  7.852e-01  
1.017e+00  1.755e-01  
7.617e-02  1.108e+00  
1.135e+00  8.706e-02  
8.433e-01  4.627e-01  
3.768e-01  9.959e-01  
9.991e-01  2.713e-01  
9.704e-02  1.112e+00  
1.038e+00  1.663e-01  
1.005e+00  2.216e-01  
6.335e-02  1.096e+00  
4.925e-01  9.338e-01  
6.501e-01  7.974e-01  
6.602e-01  7.384e-01  
1.038e+00  1.450e-01  
9.922e-01  2.644e-01  
1.815e-01  1.053e+00  
9.967e-01  2.581e-01  
9.839e-01  3.214e-01  
5.511e-01  8.565e-01  
7.138e-01  6.721e-01  
3.615e-01  9.917e-01  
7.034e-01  6.802e-01  
8.205e-01  5.612e-01  
3.538e-01  9.821e-01  
9.894e-01  2.976e-01  
3.538e-01  9.821e-01  
1.038e+00  1.493e-01  
5.260e-01  8.589e-01  
7.227e-01  6.669e-01  
6.527e-01  7.714e-01  
1.633e-01  1.059e+00  
3.334e-01  1.043e+00  
7.772e-01  6.382e-01  
9.218e-01  4.249e-01  
9.751e-01  3.156e-01  
5.787e-01  8.574e-01  
8.597e-01  4.600e-01  
9.165e-01  4.219e-01  
7.309e-02  1.099e+00  
9.863e-01  3.210e-01  
1.034e+00  1.645e-01  
1.654e-01  1.057e+00  
2.522e-01  1.097e+00  
5.389e-01  8.667e-01  
7.034e-01  6.802e-01  
3.378e-01  9.924e-01  
2.116e-01  1.058e+00  
5.511e-01  8.565e-01  
5.005e-01  8.879e-01  
8.065e-01  6.204e-01  
9.862e-01  3.473e-01  
9.096e-02  1.101e+00  
1.016e+00  2.171e-01  
6.779e-01  7.023e-01  
8.709e-02  1.099e+00  
1.600e-01  1.053e+00  
9.889e-01  3.295e-01  
3.745e-01  9.954e-01  
1.889e-01  1.050e+00  
4.998e-01  8.923e-01  
1.074e+00  1.091e-01  
1.033e+00  1.649e-01  
4.909e-01  9.564e-01  
1.135e+00  8.307e-02  
8.269e-01  5.626e-01  
3.750e-01  9.782e-01  
1.033e+00  1.587e-01  
3.474e-01  9.942e-01  
8.033e-02  1.096e+00  
1.138e+00  8.320e-02  
3.474e-01  9.942e-01  
1.880e-01  1.050e+00  
9.914e-01  2.788e-01  
1.068e+00  1.115e-01  
9.708e-01  4.011e-01  
1.019e+00  2.069e-01  
1.135e+00  8.788e-02  
2.521e-01  1.075e+00  
1.633e-01  1.059e+00  
9.751e-01  3.156e-01  
8.412e-01  4.840e-01  
1.133e+00  8.465e-02  
8.458e-01  4.984e-01  
9.862e-01  3.473e-01  
1.000e+00  2.402e-01  
1.162e+00  9.503e-02  
1.133e+00  8.465e-02  
7.624e-02  1.103e+00  
3.824e-01  9.992e-01  
9.802e-01  2.981e-01  
8.802e-02  1.103e+00  
1.023e+00  1.904e-01  
3.447e-01  9.781e-01  
8.802e-02  1.103e+00  
5.278e-01  8.578e-01  
8.802e-02  1.103e+00  
3.370e-01  1.012e+00  
7.955e-02  1.102e+00  
1.033e+00  1.583e-01  
1.044e+00  1.371e-01  
1.135e+00  8.325e-02  
7.952e-02  1.109e+00  
7.922e-02  1.103e+00  
1.015e+00  2.157e-01  
8.802e-02  1.103e+00  
1.133e+00  8.465e-02  
1.077e+00  1.215e-01  
1.138e+00  8.320e-02  
7.901e-02  1.102e+00  
1.138e+00  8.320e-02  
7.922e-02  1.103e+00  
1.133e+00  8.723e-02  
1.074e+00  1.098e-01  
8.916e-02  1.097e+00  
9.967e-01  2.581e-01  
1.135e+00  8.304e-02  
1.784e-01  1.047e+00  
1.133e+00  8.723e-02  
1.060e+00  1.275e-01  
1.016e+00  2.171e-01  
7.901e-02  1.102e+00  
1.030e+00  1.806e-01  
1.052e+00  1.310e-01  
1.134e+00  8.301e-02  
1.133e+00  8.465e-02  
5.035e-01  8.857e-01  
1.889e-01  1.050e+00  
1.074e+00  1.098e-01  
8.685e-02  1.105e+00  
7.867e-02  1.105e+00  
8.511e-02  1.104e+00  
9.862e-01  3.473e-01  
1.011e+00  1.944e-01  
7.952e-02  1.109e+00  
9.967e-01  2.581e-01  
1.155e+00  9.387e-02  
3.486e-01  9.762e-01  
3.569e-01  9.844e-01  
5.179e-01  8.729e-01  
8.277e-01  5.483e-01  
1.036e+00  1.864e-01  
9.704e-02  1.112e+00  
3.615e-01  9.917e-01  
1.052e+00  1.310e-01  
1.069e+00  1.453e-01  
8.802e-02  1.103e+00  
1.132e+00  9.587e-02  
8.269e-01  5.545e-01  
6.501e-01  7.974e-01  
1.135e+00  8.316e-02  
9.792e-01  3.618e-01  
9.751e-01  3.156e-01  
5.546e-01  8.629e-01  
3.680e-01  9.834e-01  
8.836e-02  1.099e+00  
8.919e-02  1.104e+00  
3.422e-01  1.001e+00  
3.447e-01  9.781e-01  
7.766e-01  6.426e-01  
8.269e-01  5.545e-01  
6.479e-01  7.680e-01  
1.016e+00  2.171e-01  
5.888e-01  8.572e-01  
8.269e-01  5.545e-01  
1.023e+00  1.904e-01  
7.742e-02  1.096e+00  
9.917e-01  2.853e-01  
5.389e-01  8.667e-01  
5.389e-01  8.667e-01  
1.135e+00  8.615e-02  
6.468e-01  8.115e-01  
1.811e-01  1.048e+00  
5.033e-01  8.785e-01  
4.998e-01  8.923e-01  
8.433e-01  4.627e-01  
3.829e-01  9.950e-01  
6.498e-01  7.958e-01  
1.135e+00  8.706e-02  
9.922e-01  2.644e-01  
3.615e-01  9.917e-01  
1.134e+00  8.322e-02  
2.116e-01  1.058e+00  
8.485e-01  5.377e-01  
6.736e-01  7.244e-01  
8.916e-02  1.097e+00  
8.597e-01  4.600e-01  
1.060e+00  1.275e-01  
1.074e+00  1.098e-01  
7.034e-01  6.802e-01  
7.658e-02  1.104e+00  
7.341e-01  6.599e-01  
4.909e-01  9.564e-01  
7.622e-02  1.107e+00  
7.458e-02  1.095e+00  
8.184e-01  6.335e-01  
9.917e-01  2.763e-01  
8.563e-01  4.670e-01  
7.622e-02  1.107e+00  
9.704e-02  1.112e+00  
7.424e-01  6.588e-01  
7.034e-01  6.802e-01  
9.897e-01  3.174e-01  
1.936e-01  1.049e+00  
6.907e-01  6.878e-01  
