1.536e-02  1.009e+00  
1.178e+00  2.706e-02  
4.025e-01  4.284e-01  
6.504e-01  2.403e-01  
2.043e-01  6.012e-01  
5.234e-01  3.090e-01  
1.078e-01  7.255e-01  
3.272e-01  5.214e-01  
8.789e-01  1.440e-01  
9.005e-01  8.006e-02  
5.239e-02  8.545e-01  
4.671e-01  3.830e-01  
6.012e-01  2.601e-01  
2.204e-01  5.970e-01  
3.445e-01  4.523e-01  
7.296e-01  1.813e-01  
1.537e-01  6.874e-01  
1.228e-01  7.127e-01  
5.417e-01  3.142e-01  
9.049e-01  8.748e-02  
3.054e-01  5.909e-01  
4.418e-01  4.130e-01  
3.888e-01  4.739e-01  
8.824e-01  9.763e-02  
4.849e-01  3.428e-01  
1.194e+00  3.340e-02  
2.204e-01  5.970e-01  
3.182e-02  8.667e-01  
3.596e-01  4.899e-01  
7.442e-02  8.541e-01  
5.955e-01  2.428e-01  
7.160e-01  1.852e-01  
1.950e-01  7.001e-01  
7.210e-01  2.000e-01  
9.302e-01  5.998e-02  
4.707e-02  9.592e-01  
2.342e-01  5.861e-01  
9.630e-02  7.795e-01  
9.117e-02  7.530e-01  
5.148e-01  3.075e-01  
3.888e-01  4.739e-01  
5.071e-01  3.269e-01  
3.128e-01  5.244e-01  
2.204e-01  5.970e-01  
1.919e-01  6.288e-01  
6.210e-01  2.430e-01  
5.265e-01  3.249e-01  
8.989e-01  9.060e-02  
4.520e-01  4.161e-01  
2.023e-01  6.650e-01  
3.817e-01  4.429e-01  
3.164e-01  5.127e-01  
1.470e-02  9.958e-01  
5.902e-01  2.683e-01  
7.202e-02  8.705e-01  
4.240e-01  4.075e-01  
5.876e-01  2.460e-01  
1.156e+00  2.774e-02  
1.893e-01  6.428e-01  
8.781e-01  1.229e-01  
8.789e-01  1.440e-01  
3.270e-01  4.791e-01  
7.801e-01  1.616e-01  
7.160e-01  1.852e-01  
1.919e-01  6.288e-01  
7.338e-01  1.755e-01  
9.630e-02  7.795e-01  
6.020e-01  2.468e-01  
4.240e-01  4.187e-01  
4.904e-01  4.098e-01  
7.134e-01  2.038e-01  
2.023e-01  6.650e-01  
5.575e-01  3.150e-01  
3.054e-01  5.909e-01  
4.025e-01  4.284e-01  
9.405e-02  7.735e-01  
9.797e-02  7.302e-01  
7.312e-01  1.890e-01  
5.232e-01  3.046e-01  
9.221e-01  6.907e-02  
5.539e-01  3.066e-01  
2.354e-01  5.955e-01  
3.817e-01  4.429e-01  
5.240e-01  3.175e-01  
3.542e-01  4.554e-01  
5.234e-01  3.090e-01  
1.919e-01  6.288e-01  
5.363e-02  8.664e-01  
3.353e-01  4.976e-01  
4.840e-01  3.372e-01  
2.115e-01  6.089e-01  
6.210e-01  2.430e-01  
1.006e+00  4.263e-02  
4.153e-02  8.790e-01  
7.683e-01  1.500e-01  
2.487e-01  6.025e-01  
3.985e-01  4.392e-01  
5.902e-01  2.683e-01  
2.550e-01  5.865e-01  
4.447e-01  3.970e-01  
5.667e-02  8.293e-01  
1.078e-01  7.255e-01  
5.108e-01  3.681e-01  
9.567e-02  7.412e-01  
5.234e-01  3.090e-01  
7.849e-01  1.648e-01  
2.720e-02  9.514e-01  
4.025e-01  4.242e-01  
6.126e-01  2.421e-01  
7.224e-01  2.062e-01  
3.596e-01  4.899e-01  
1.769e-01  6.190e-01  
2.428e-01  5.902e-01  
3.377e-01  4.847e-01  
2.201e-01  5.957e-01  
8.947e-01  1.186e-01  
1.433e-01  7.101e-01  
7.338e-01  1.755e-01  
2.720e-02  9.514e-01  
8.788e-01  1.197e-01  
9.470e-01  6.926e-02  
2.023e-01  6.650e-01  
9.319e-01  8.694e-02  
1.785e-01  6.185e-01  
6.588e-01  2.483e-01  
1.536e-02  1.009e+00  
9.004e-01  1.013e-01  
2.965e-01  5.099e-01  
1.194e+00  3.340e-02  
3.082e-01  4.901e-01  
8.896e-01  1.518e-01  
9.405e-02  7.735e-01  
1.166e-01  7.035e-01  
9.075e-02  7.423e-01  
1.051e+00  3.962e-02  
8.947e-01  1.186e-01  
1.091e+00  3.066e-02  
2.428e-01  5.902e-01  
7.296e-01  1.813e-01  
2.023e-01  6.650e-01  
2.720e-02  9.514e-01  
5.417e-01  3.142e-01  
6.588e-01  2.483e-01  
3.128e-01  5.244e-01  
3.546e-01  4.473e-01  
3.888e-01  4.739e-01  
2.024e-01  6.307e-01  
4.986e-01  3.578e-01  
9.567e-02  7.412e-01  
2.354e-01  5.955e-01  
3.105e-01  5.254e-01  
7.254e-01  1.935e-01  
3.353e-01  4.976e-01  
4.433e-01  3.875e-01  
1.965e-01  6.099e-01  
5.397e-01  3.182e-01  
1.559e-01  7.195e-01  
2.217e-01  5.962e-01  
4.855e-01  4.033e-01  
5.539e-01  3.066e-01  
6.504e-01  2.403e-01  
2.324e-01  6.016e-01  
5.240e-01  3.175e-01  
2.023e-01  6.650e-01  
3.960e-01  4.548e-01  
3.353e-01  4.976e-01  
3.546e-01  4.473e-01  
4.840e-01  3.372e-01  
9.594e-01  5.078e-02  
5.397e-01  3.182e-01  
4.025e-01  4.284e-01  
5.539e-01  3.066e-01  
1.536e-02  1.009e+00  
4.849e-01  3.428e-01  
5.310e-02  8.747e-01  
5.400e-01  3.586e-01  
9.075e-02  7.423e-01  
4.173e-01  4.371e-01  
9.893e-02  7.378e-01  
4.433e-01  3.875e-01  
6.023e-01  2.505e-01  
2.598e-01  5.871e-01  
4.096e-01  4.502e-01  
3.546e-01  4.473e-01  
7.751e-01  1.528e-01  
7.203e-01  1.802e-01  
1.965e-01  6.099e-01  
3.888e-01  4.739e-01  
5.265e-01  3.249e-01  
3.270e-01  4.791e-01  
4.656e-01  4.094e-01  
5.077e-01  3.204e-01  
4.418e-01  4.130e-01  
3.979e-01  4.344e-01  
9.470e-01  6.926e-02  
7.200e-01  2.140e-01  
3.237e-01  4.861e-01  
6.588e-01  2.483e-01  
3.272e-01  5.214e-01  
1.078e-01  7.255e-01  
5.265e-01  3.249e-01  
2.201e-01  5.957e-01  
4.845e-01  4.387e-01  
9.003e-01  1.028e-01  
3.029e-01  5.600e-01  
5.907e-01  2.485e-01  
4.656e-01  3.819e-01  
5.310e-02  8.747e-01  
7.338e-01  1.755e-01  
3.224e-02  9.005e-01  
9.237e-01  9.024e-02  
6.005e-01  2.493e-01  
5.921e-01  2.983e-01  
1.910e-01  6.139e-01  
4.240e-01  4.187e-01  
1.031e+00  6.061e-02  
7.200e-01  2.140e-01  
6.420e-01  2.460e-01  
7.160e-01  1.852e-01  
9.405e-02  7.735e-01  
2.043e-01  6.012e-01  
1.781e-01  6.373e-01  
1.520e-01  7.336e-01  
6.043e-01  2.402e-01  
1.051e+00  3.962e-02  
1.861e-01  6.340e-01  
1.596e-01  7.004e-01  
1.315e-01  6.976e-01  
2.428e-01  5.902e-01  
5.310e-02  8.747e-01  
7.849e-01  1.648e-01  
8.791e-01  1.198e-01  
1.536e-02  1.009e+00  
3.353e-01  4.976e-01  
6.420e-01  2.460e-01  
7.224e-01  2.062e-01  
3.237e-01  4.861e-01  
5.259e-02  9.225e-01  
5.310e-02  8.747e-01  
5.902e-01  2.683e-01  
2.430e-02  9.317e-01  
5.667e-02  8.293e-01  
9.004e-01  1.013e-01  
1.793e-01  6.372e-01  
8.833e-01  1.556e-01  
7.454e-01  1.622e-01  
2.350e-01  6.074e-01  
9.470e-01  6.926e-02  
2.428e-01  5.902e-01  
2.574e-02  9.563e-01  
7.849e-01  1.648e-01  
8.814e-01  1.274e-01  
5.667e-02  8.293e-01  
7.210e-01  2.000e-01  
8.860e-01  9.335e-02  
1.178e+00  2.706e-02  
1.031e+00  6.061e-02  
1.081e+00  3.328e-02  
2.217e-01  5.962e-01  
9.594e-01  5.078e-02  
7.210e-01  2.000e-01  
7.210e-01  2.000e-01  
7.801e-01  1.616e-01  
2.720e-02  9.514e-01  
4.240e-01  4.075e-01  
8.814e-01  1.274e-01  
7.441e-01  1.635e-01  
7.203e-01  1.802e-01  
5.259e-02  9.225e-01  
2.637e-01  5.915e-01  
7.442e-02  8.541e-01  
2.204e-01  5.970e-01  
4.228e-01  3.835e-01  
3.278e-01  4.905e-01  
3.181e-01  4.830e-01  
7.313e-01  1.704e-01  
9.797e-02  7.302e-01  
2.001e-01  6.186e-01  
5.902e-01  2.683e-01  
5.239e-02  8.545e-01  
9.117e-02  7.530e-01  
2.373e-01  5.850e-01  
5.876e-01  2.460e-01  
6.126e-01  2.421e-01  
2.043e-01  6.012e-01  
1.680e-02  9.191e-01  
9.049e-01  8.748e-02  
1.029e-01  7.363e-01  
4.871e-02  8.597e-01  
1.919e-01  6.288e-01  
5.148e-01  3.075e-01  
4.424e-01  3.931e-01  
9.075e-02  7.423e-01  
5.902e-01  2.683e-01  
5.504e-01  2.917e-01  
3.798e-01  4.378e-01  
3.798e-01  4.378e-01  
2.217e-01  5.962e-01  
5.504e-01  2.917e-01  
4.904e-01  4.098e-01  
2.574e-02  9.563e-01  
3.596e-01  4.899e-01  
5.921e-01  2.610e-01  
4.347e-01  3.729e-01  
4.025e-01  4.284e-01  
4.959e-01  3.487e-01  
2.720e-02  9.514e-01  
3.456e-01  4.571e-01  
4.874e-01  3.490e-01  
4.025e-01  4.284e-01  
1.893e-01  6.428e-01  
2.204e-01  5.970e-01  
4.520e-01  4.161e-01  
7.338e-01  1.755e-01  
9.405e-02  7.735e-01  
4.904e-01  4.098e-01  
5.539e-01  3.066e-01  
5.148e-01  3.075e-01  
2.354e-01  5.955e-01  
5.400e-01  3.586e-01  
5.077e-01  3.204e-01  
5.504e-01  2.917e-01  
2.676e-01  5.915e-01  
8.896e-01  1.518e-01  
3.128e-01  5.244e-01  
1.166e-01  7.035e-01  
9.003e-01  1.028e-01  
6.290e-01  2.536e-01  
6.012e-01  2.601e-01  
1.166e-01  7.035e-01  
4.520e-01  4.161e-01  
3.960e-01  4.548e-01  
3.914e-01  4.529e-01  
1.919e-01  6.288e-01  
2.217e-01  5.962e-01  
4.173e-01  4.371e-01  
5.234e-01  3.090e-01  
8.791e-01  1.198e-01  
3.817e-01  4.429e-01  
2.201e-01  5.957e-01  
6.290e-01  2.536e-01  
2.354e-01  5.955e-01  
4.240e-01  4.075e-01  
5.417e-01  3.142e-01  
2.201e-01  5.957e-01  
7.801e-01  1.616e-01  
1.158e-01  7.241e-01  
4.840e-01  3.372e-01  
1.965e-01  6.099e-01  
4.240e-01  4.075e-01  
4.925e-01  3.474e-01  
1.769e-01  6.190e-01  
2.043e-01  6.012e-01  
7.441e-01  1.635e-01  
3.359e-01  4.632e-01  
3.400e-01  4.885e-01  
5.921e-01  2.983e-01  
3.237e-01  4.861e-01  
3.353e-01  4.976e-01  
3.499e-01  4.492e-01  
9.075e-02  7.423e-01  
4.146e-01  4.066e-01  
4.173e-01  4.371e-01  
5.310e-02  8.747e-01  
3.546e-01  4.473e-01  
3.105e-01  5.254e-01  
7.849e-01  1.648e-01  
5.153e-01  3.243e-01  
5.147e-01  3.105e-01  
5.876e-01  2.460e-01  
3.434e-01  4.830e-01  
3.054e-01  5.909e-01  
2.605e-01  5.883e-01  
4.849e-01  3.428e-01  
5.902e-01  2.683e-01  
5.071e-01  3.269e-01  
7.268e-01  1.820e-01  
2.043e-01  6.012e-01  
9.319e-01  8.694e-02  
7.759e-02  8.164e-01  
5.397e-01  3.182e-01  
4.921e-01  3.547e-01  
3.272e-01  5.214e-01  
4.849e-01  3.428e-01  
9.806e-02  7.250e-01  
4.424e-01  3.931e-01  
3.400e-01  4.885e-01  
4.921e-01  3.547e-01  
9.049e-01  8.748e-02  
5.876e-01  2.460e-01  
5.397e-01  3.182e-01  
1.433e-01  7.101e-01  
1.536e-02  1.009e+00  
2.965e-01  5.099e-01  
7.849e-01  1.648e-01  
3.664e-01  4.921e-01  
7.450e-01  1.704e-01  
1.470e-02  9.958e-01  
1.098e+00  3.005e-02  
5.032e-01  3.314e-01  
2.204e-01  5.970e-01  
6.562e-01  2.412e-01  
4.707e-02  9.592e-01  
8.896e-01  1.518e-01  
7.366e-01  1.694e-01  
7.365e-02  8.465e-01  
2.948e-01  5.953e-01  
3.507e-01  4.566e-01  
4.096e-01  4.502e-01  
8.863e-01  9.368e-02  
7.224e-01  2.062e-01  
1.965e-01  6.099e-01  
7.210e-01  2.000e-01  
6.043e-01  2.402e-01  
3.237e-01  4.861e-01  
4.520e-01  4.161e-01  
3.054e-01  5.909e-01  
4.240e-01  4.187e-01  
4.840e-01  3.372e-01  
1.893e-01  6.428e-01  
7.160e-01  1.852e-01  
2.023e-01  6.650e-01  
8.896e-01  9.410e-02  
3.277e-01  5.264e-01  
4.447e-01  3.970e-01  
3.596e-01  4.899e-01  
1.785e-01  6.185e-01  
1.989e-01  6.055e-01  
5.075e-01  3.478e-01  
5.417e-01  3.142e-01  
6.237e-01  2.370e-01  
3.353e-01  4.976e-01  
6.012e-01  2.601e-01  
5.876e-01  2.460e-01  
5.524e-02  8.926e-01  
6.358e-01  2.405e-01  
8.947e-01  1.186e-01  
1.736e-01  6.845e-01  
1.893e-01  6.428e-01  
3.128e-01  5.244e-01  
3.914e-01  4.529e-01  
2.001e-01  6.186e-01  
1.965e-01  6.099e-01  
3.082e-01  4.901e-01  
2.812e-01  5.908e-01  
4.904e-01  4.098e-01  
6.126e-01  2.421e-01  
7.759e-02  8.164e-01  
7.751e-01  1.528e-01  
4.105e-01  4.238e-01  
4.707e-02  9.592e-01  
1.008e-01  7.446e-01  
6.588e-01  2.483e-01  
1.989e-01  6.055e-01  
1.596e-01  7.004e-01  
2.550e-01  5.865e-01  
9.402e-01  6.430e-02  
8.806e-01  1.307e-01  
2.676e-01  5.915e-01  
1.018e+00  4.145e-02  
5.075e-01  3.478e-01  
2.324e-01  6.016e-01  
9.003e-01  1.028e-01  
2.043e-01  6.012e-01  
2.720e-02  9.514e-01  
1.091e+00  3.066e-02  
1.893e-01  6.428e-01  
1.078e-01  7.255e-01  
7.160e-01  1.852e-01  
9.270e-01  7.746e-02  
6.504e-01  2.403e-01  
8.814e-01  1.280e-01  
9.433e-01  6.398e-02  
1.950e-01  7.001e-01  
1.965e-01  6.099e-01  
7.200e-01  2.140e-01  
5.726e-01  2.880e-01  
9.470e-01  6.926e-02  
4.849e-01  3.428e-01  
6.126e-01  2.421e-01  
7.441e-01  1.635e-01  
1.065e+00  7.360e-02  
1.194e+00  3.340e-02  
5.870e-02  8.477e-01  
1.919e-01  6.288e-01  
7.224e-01  2.062e-01  
9.567e-02  7.412e-01  
8.833e-01  1.556e-01  
2.354e-01  5.955e-01  
5.239e-02  8.545e-01  
3.278e-01  4.905e-01  
9.567e-02  7.412e-01  
1.785e-01  6.185e-01  
2.690e-02  9.607e-01  
8.814e-01  1.245e-01  
9.049e-01  8.748e-02  
9.866e-01  3.889e-02  
8.841e-02  8.409e-01  
1.360e-02  1.023e+00  
7.849e-01  1.648e-01  
5.310e-02  8.747e-01  
9.049e-01  8.748e-02  
9.769e-01  6.116e-02  
9.319e-01  8.694e-02  
3.302e-02  9.220e-01  
1.018e+00  4.145e-02  
2.299e-02  9.116e-01  
9.594e-01  5.078e-02  
9.402e-01  6.430e-02  
9.175e-02  7.417e-01  
7.216e-01  2.013e-01  
1.178e+00  2.706e-02  
1.433e-01  7.101e-01  
1.051e+00  3.962e-02  
9.470e-01  6.926e-02  
7.801e-01  1.616e-01  
2.114e-02  1.003e+00  
9.003e-01  1.028e-01  
8.893e-01  9.922e-02  
1.006e+00  3.669e-02  
9.594e-01  5.078e-02  
3.478e-01  5.387e-01  
9.893e-02  7.378e-01  
9.049e-01  8.748e-02  
5.297e-02  8.616e-01  
1.979e-01  7.211e-01  
5.239e-02  8.545e-01  
6.126e-01  2.421e-01  
8.896e-01  1.518e-01  
9.630e-02  7.795e-01  
7.203e-01  1.802e-01  
1.194e+00  3.340e-02  
2.428e-01  5.902e-01  
2.454e-01  5.957e-01  
3.054e-01  5.909e-01  
5.265e-01  3.249e-01  
8.881e-01  9.368e-02  
2.751e-02  9.062e-01  
1.861e-01  6.340e-01  
9.016e-01  1.004e-01  
7.203e-01  1.802e-01  
4.707e-02  9.592e-01  
1.013e+00  5.250e-02  
4.999e-01  3.318e-01  
3.434e-01  4.830e-01  
1.194e+00  3.340e-02  
7.200e-01  2.140e-01  
7.200e-01  2.140e-01  
3.359e-01  5.155e-01  
2.669e-01  5.934e-01  
9.582e-02  7.936e-01  
1.680e-02  9.191e-01  
1.888e-01  6.151e-01  
1.989e-01  6.055e-01  
4.433e-01  3.875e-01  
5.031e-01  3.346e-01  
3.712e-01  4.602e-01  
7.801e-01  1.616e-01  
3.237e-01  4.861e-01  
4.959e-01  3.487e-01  
8.753e-01  1.067e-01  
9.405e-02  7.735e-01  
7.224e-01  2.062e-01  
3.105e-01  5.254e-01  
3.190e-01  5.011e-01  
9.594e-01  5.078e-02  
3.543e-01  4.825e-01  
1.433e-01  7.101e-01  
3.054e-01  5.909e-01  
3.082e-01  4.901e-01  
5.539e-01  3.066e-01  
1.950e-01  7.001e-01  
3.546e-01  4.473e-01  
1.156e+00  2.774e-02  
7.160e-01  1.852e-01  
2.420e-01  5.923e-01  
1.006e+00  4.263e-02  
1.280e-01  6.881e-01  
5.071e-01  3.269e-01  
3.817e-01  4.429e-01  
1.433e-01  7.101e-01  
5.575e-01  2.662e-01  
9.197e-01  7.568e-02  
9.433e-01  6.398e-02  
4.146e-01  4.066e-01  
4.707e-02  9.592e-01  
4.146e-01  4.066e-01  
2.676e-01  5.915e-01  
2.114e-02  1.003e+00  
9.797e-02  7.302e-01  
5.265e-01  3.249e-01  
6.588e-01  2.483e-01  
5.265e-01  3.249e-01  
1.470e-02  9.958e-01  
1.470e-02  9.958e-01  
4.240e-01  4.187e-01  
4.240e-01  4.187e-01  
6.078e-01  2.415e-01  
1.315e-01  6.976e-01  
4.025e-01  4.242e-01  
