3.417e-02  1.295e+00  
1.301e+00  5.718e-02  
6.703e-01  7.170e-01  
9.997e-01  3.452e-01  
1.912e-01  1.037e+00  
9.415e-01  4.947e-01  
8.731e-02  1.055e+00  
4.227e-01  8.028e-01  
1.106e+00  1.223e-01  
1.114e+00  7.969e-02  
9.172e-02  1.254e+00  
7.310e-01  6.763e-01  
9.410e-01  4.556e-01  
3.763e-01  7.908e-01  
4.735e-01  8.130e-01  
1.013e+00  2.444e-01  
2.452e-01  1.024e+00  
1.904e-01  1.060e+00  
9.392e-01  4.680e-01  
1.005e+00  1.789e-01  
4.118e-01  8.646e-01  
6.950e-01  7.023e-01  
6.024e-01  7.181e-01  
1.083e+00  1.070e-01  
9.472e-01  5.054e-01  
1.109e+00  7.484e-02  
3.663e-01  9.584e-01  
2.310e-02  1.298e+00  
4.865e-01  7.395e-01  
9.331e-02  1.142e+00  
9.990e-01  4.446e-01  
1.023e+00  3.321e-01  
1.912e-01  1.037e+00  
1.013e+00  2.444e-01  
1.080e+00  9.110e-02  
4.944e-02  1.273e+00  
4.118e-01  8.646e-01  
1.043e-01  1.043e+00  
1.366e-01  1.085e+00  
9.386e-01  5.087e-01  
5.581e-01  7.362e-01  
9.401e-01  5.425e-01  
4.227e-01  8.028e-01  
3.589e-01  8.631e-01  
1.711e-01  1.046e+00  
1.008e+00  3.256e-01  
9.396e-01  5.098e-01  
1.083e+00  1.070e-01  
6.631e-01  6.884e-01  
2.997e-01  1.041e+00  
7.145e-01  7.297e-01  
4.673e-01  8.395e-01  
2.310e-02  1.298e+00  
9.392e-01  4.680e-01  
4.533e-02  1.162e+00  
6.369e-01  7.381e-01  
9.580e-01  4.431e-01  
1.271e+00  5.929e-02  
1.454e-01  1.038e+00  
1.097e+00  7.954e-02  
1.046e+00  1.579e-01  
5.406e-01  7.780e-01  
1.005e+00  1.789e-01  
1.002e+00  3.022e-01  
2.531e-01  1.058e+00  
1.018e+00  2.546e-01  
1.298e-01  1.173e+00  
1.002e+00  2.861e-01  
7.171e-01  6.892e-01  
6.984e-01  7.006e-01  
1.018e+00  2.546e-01  
8.759e-02  1.156e+00  
9.398e-01  4.720e-01  
4.614e-01  7.781e-01  
6.352e-01  7.133e-01  
1.464e-01  1.115e+00  
1.278e-01  1.101e+00  
1.151e+00  3.303e-01  
9.392e-01  4.944e-01  
1.071e+00  8.819e-02  
9.386e-01  5.087e-01  
3.968e-01  8.212e-01  
6.024e-01  7.181e-01  
9.395e-01  5.457e-01  
4.614e-01  7.781e-01  
9.396e-01  5.098e-01  
8.731e-02  1.055e+00  
5.771e-02  1.117e+00  
4.614e-01  7.781e-01  
6.950e-01  6.773e-01  
3.532e-01  1.012e+00  
1.009e+00  3.298e-01  
1.118e+00  7.485e-02  
5.092e-02  1.278e+00  
1.131e+00  6.992e-02  
3.959e-01  7.956e-01  
6.024e-01  7.181e-01  
9.398e-01  4.717e-01  
3.763e-01  7.908e-01  
7.475e-01  6.843e-01  
9.331e-02  1.142e+00  
1.490e-01  1.110e+00  
6.696e-01  6.797e-01  
1.490e-01  1.110e+00  
9.431e-01  4.663e-01  
1.005e+00  1.789e-01  
1.604e-02  1.290e+00  
6.950e-01  7.023e-01  
1.014e+00  2.887e-01  
1.005e+00  3.224e-01  
5.055e-01  7.489e-01  
2.741e-01  1.066e+00  
3.959e-01  7.956e-01  
5.406e-01  7.780e-01  
1.454e-01  1.038e+00  
1.101e+00  6.907e-02  
2.452e-01  1.024e+00  
1.154e+00  1.217e-01  
9.767e-02  1.235e+00  
1.046e+00  1.579e-01  
1.253e+00  6.378e-02  
3.221e-01  1.025e+00  
1.099e+00  6.764e-02  
2.595e-01  1.039e+00  
9.997e-01  3.452e-01  
1.421e-02  1.302e+00  
1.146e+00  1.226e-01  
4.227e-01  8.028e-01  
1.299e+00  5.655e-02  
4.502e-01  7.425e-01  
1.080e+00  9.110e-02  
1.490e-01  1.110e+00  
1.960e-01  1.061e+00  
1.068e-01  1.061e+00  
1.174e+00  6.235e-02  
1.005e+00  1.789e-01  
1.299e+00  5.655e-02  
3.637e-01  7.838e-01  
1.015e+00  1.755e-01  
3.120e-01  1.033e+00  
6.779e-02  1.285e+00  
9.431e-01  4.663e-01  
9.997e-01  3.452e-01  
4.789e-01  8.139e-01  
5.884e-01  7.878e-01  
6.255e-01  6.979e-01  
3.221e-01  1.025e+00  
7.475e-01  6.843e-01  
1.490e-01  1.110e+00  
2.997e-01  1.041e+00  
4.100e-01  8.003e-01  
1.015e+00  1.755e-01  
3.931e-01  7.327e-01  
6.646e-01  7.160e-01  
3.120e-01  1.033e+00  
9.431e-01  4.663e-01  
1.990e-01  1.065e+00  
3.624e-01  8.035e-01  
7.132e-01  6.819e-01  
9.395e-01  5.457e-01  
9.476e-01  4.331e-01  
4.179e-01  7.921e-01  
9.396e-01  5.098e-01  
2.462e-01  1.093e+00  
6.369e-01  7.381e-01  
4.877e-01  7.293e-01  
5.406e-01  7.780e-01  
9.396e-01  5.098e-01  
1.110e+00  8.256e-02  
9.395e-01  5.457e-01  
6.703e-01  7.170e-01  
9.415e-01  4.947e-01  
3.417e-02  1.295e+00  
7.279e-01  6.772e-01  
5.753e-02  1.179e+00  
9.392e-01  4.944e-01  
1.490e-01  1.110e+00  
6.538e-01  6.972e-01  
8.731e-02  1.055e+00  
6.696e-01  6.797e-01  
1.009e+00  3.298e-01  
3.959e-01  7.956e-01  
5.841e-01  7.312e-01  
5.581e-01  7.362e-01  
1.032e+00  2.105e-01  
1.018e+00  2.546e-01  
3.532e-01  1.012e+00  
6.255e-01  6.979e-01  
7.363e-01  6.768e-01  
5.406e-01  7.780e-01  
7.310e-01  6.763e-01  
9.420e-01  5.044e-01  
6.902e-01  6.908e-01  
4.877e-01  7.293e-01  
1.114e+00  8.463e-02  
1.002e+00  2.861e-01  
5.055e-01  7.489e-01  
1.009e+00  3.438e-01  
4.809e-01  7.878e-01  
1.366e-01  1.085e+00  
9.393e-01  5.634e-01  
3.595e-01  8.928e-01  
6.740e-01  6.782e-01  
1.106e+00  1.223e-01  
4.265e-01  7.745e-01  
9.418e-01  4.572e-01  
7.475e-01  6.843e-01  
9.331e-02  1.142e+00  
1.042e+00  2.742e-01  
3.822e-02  1.265e+00  
1.095e+00  8.984e-02  
9.525e-01  4.622e-01  
9.431e-01  4.663e-01  
2.595e-01  1.039e+00  
6.369e-01  7.381e-01  
1.097e+00  7.954e-02  
1.005e+00  3.002e-01  
1.004e+00  3.119e-01  
1.015e+00  1.755e-01  
8.728e-02  1.122e+00  
3.120e-01  1.033e+00  
2.741e-01  1.066e+00  
1.298e-01  1.173e+00  
1.006e+00  3.757e-01  
1.198e+00  6.873e-02  
1.879e-01  1.022e+00  
2.452e-01  1.024e+00  
2.452e-01  1.024e+00  
3.637e-01  7.838e-01  
8.731e-02  1.055e+00  
1.038e+00  2.226e-01  
1.146e+00  1.333e-01  
1.421e-02  1.302e+00  
4.544e-01  7.349e-01  
1.001e+00  3.581e-01  
1.015e+00  1.755e-01  
4.809e-01  7.878e-01  
5.753e-02  1.179e+00  
1.068e-01  1.061e+00  
9.469e-01  4.582e-01  
2.310e-02  1.298e+00  
5.231e-02  1.190e+00  
1.082e+00  7.476e-02  
1.879e-01  1.022e+00  
1.005e+00  1.789e-01  
1.335e+00  1.149e-01  
2.997e-01  1.041e+00  
1.082e+00  7.476e-02  
3.763e-01  7.908e-01  
3.822e-02  1.265e+00  
1.114e+00  7.969e-02  
1.031e+00  1.618e-01  
8.728e-02  1.122e+00  
1.006e+00  3.238e-01  
1.112e+00  7.491e-02  
1.299e+00  5.655e-02  
1.103e+00  7.952e-02  
1.296e+00  5.718e-02  
3.962e-01  8.307e-01  
1.106e+00  7.613e-02  
1.005e+00  3.173e-01  
1.023e+00  3.321e-01  
1.016e+00  1.773e-01  
1.934e-02  1.281e+00  
7.171e-01  6.892e-01  
1.069e+00  1.216e-01  
1.038e+00  2.194e-01  
1.013e+00  2.444e-01  
3.822e-02  1.265e+00  
3.959e-01  7.906e-01  
9.331e-02  1.142e+00  
8.759e-02  1.156e+00  
7.171e-01  6.892e-01  
4.502e-01  7.425e-01  
4.735e-01  8.130e-01  
1.002e+00  2.564e-01  
7.770e-02  1.081e+00  
2.595e-01  1.039e+00  
1.002e+00  2.861e-01  
1.068e-01  1.061e+00  
8.728e-02  1.122e+00  
3.589e-01  8.631e-01  
9.461e-01  4.446e-01  
9.990e-01  4.446e-01  
3.394e-01  1.026e+00  
3.822e-02  1.265e+00  
1.083e+00  1.070e-01  
1.388e-01  1.063e+00  
5.753e-02  1.179e+00  
1.278e-01  1.101e+00  
9.394e-01  4.832e-01  
7.489e-01  6.795e-01  
8.728e-02  1.122e+00  
9.412e-01  4.426e-01  
9.394e-01  4.832e-01  
5.581e-01  7.362e-01  
6.024e-01  7.181e-01  
4.382e-01  7.779e-01  
9.408e-01  4.732e-01  
6.631e-01  6.884e-01  
3.951e-02  1.167e+00  
3.931e-01  7.327e-01  
9.412e-01  4.426e-01  
7.132e-01  6.819e-01  
6.369e-01  7.381e-01  
7.363e-01  6.768e-01  
5.753e-02  1.179e+00  
5.055e-01  7.489e-01  
7.081e-01  6.776e-01  
6.646e-01  7.160e-01  
1.298e-01  1.173e+00  
3.595e-01  8.928e-01  
7.310e-01  6.763e-01  
1.020e+00  2.353e-01  
1.005e-01  1.108e+00  
6.984e-01  7.006e-01  
9.386e-01  5.087e-01  
9.392e-01  4.944e-01  
3.532e-01  1.012e+00  
9.398e-01  4.717e-01  
9.394e-01  4.832e-01  
9.431e-01  4.663e-01  
4.520e-01  8.207e-01  
1.097e+00  7.954e-02  
4.179e-01  7.921e-01  
1.725e-01  1.088e+00  
1.114e+00  7.969e-02  
9.990e-01  4.446e-01  
1.017e+00  3.383e-01  
1.741e-01  1.085e+00  
6.877e-01  7.005e-01  
5.934e-01  7.223e-01  
6.369e-01  7.381e-01  
8.759e-02  1.156e+00  
3.532e-01  1.012e+00  
4.877e-01  7.293e-01  
9.431e-01  4.663e-01  
1.071e+00  8.819e-02  
5.563e-01  7.325e-01  
3.663e-01  9.584e-01  
1.002e+00  2.861e-01  
4.118e-01  8.646e-01  
6.679e-01  6.811e-01  
9.392e-01  4.680e-01  
3.532e-01  1.012e+00  
1.132e+00  2.079e-01  
2.210e-01  1.045e+00  
9.386e-01  5.087e-01  
2.301e-01  1.052e+00  
6.908e-01  6.867e-01  
7.310e-01  6.763e-01  
2.452e-01  1.024e+00  
3.532e-01  1.012e+00  
1.070e+00  1.462e-01  
4.877e-01  7.293e-01  
5.406e-01  7.780e-01  
9.415e-01  4.947e-01  
5.178e-01  7.951e-01  
4.179e-01  7.921e-01  
6.582e-01  7.991e-01  
1.005e-01  1.108e+00  
6.696e-01  6.797e-01  
6.696e-01  6.797e-01  
5.652e-02  1.152e+00  
5.754e-01  7.272e-01  
3.714e-01  7.722e-01  
1.020e+00  2.353e-01  
9.401e-01  5.425e-01  
9.396e-01  5.098e-01  
9.990e-01  4.446e-01  
4.865e-01  7.395e-01  
4.382e-01  7.779e-01  
3.763e-01  7.908e-01  
7.132e-01  6.819e-01  
1.010e+00  3.048e-01  
9.402e-01  5.481e-01  
1.016e+00  2.803e-01  
3.120e-01  1.033e+00  
1.058e+00  7.832e-02  
1.068e-01  1.061e+00  
9.394e-01  4.832e-01  
6.629e-01  6.807e-01  
4.179e-01  7.921e-01  
9.408e-01  6.573e-01  
8.731e-02  1.055e+00  
6.740e-01  6.782e-01  
4.474e-01  7.441e-01  
6.631e-01  6.884e-01  
1.146e+00  1.226e-01  
1.008e+00  3.256e-01  
9.392e-01  4.944e-01  
8.759e-02  1.156e+00  
1.604e-02  1.290e+00  
4.227e-01  8.028e-01  
1.114e+00  7.969e-02  
5.055e-01  7.489e-01  
1.020e+00  2.353e-01  
1.604e-02  1.290e+00  
1.287e+00  6.120e-02  
9.402e-01  5.481e-01  
3.805e-01  8.236e-01  
1.001e+00  3.428e-01  
4.533e-02  1.162e+00  
1.146e+00  1.226e-01  
1.013e+00  2.444e-01  
5.652e-02  1.152e+00  
3.968e-01  8.212e-01  
5.934e-01  7.223e-01  
6.631e-01  6.884e-01  
1.106e+00  1.223e-01  
1.013e+00  2.444e-01  
2.301e-01  1.052e+00  
1.015e+00  1.755e-01  
9.997e-01  3.452e-01  
4.227e-01  8.028e-01  
6.696e-01  6.797e-01  
3.959e-01  7.906e-01  
6.902e-01  6.908e-01  
7.310e-01  6.763e-01  
3.394e-01  1.026e+00  
1.002e+00  2.861e-01  
3.663e-01  9.584e-01  
1.083e+00  1.070e-01  
4.265e-01  7.745e-01  
7.132e-01  6.819e-01  
5.406e-01  7.780e-01  
1.904e-01  1.060e+00  
2.741e-01  1.066e+00  
7.279e-01  6.772e-01  
9.410e-01  4.556e-01  
1.002e+00  2.861e-01  
4.877e-01  7.293e-01  
9.392e-01  4.680e-01  
9.415e-01  4.947e-01  
5.652e-02  1.152e+00  
1.006e+00  3.757e-01  
1.107e+00  1.535e-01  
1.879e-01  1.022e+00  
1.278e-01  1.101e+00  
4.510e-01  7.640e-01  
5.581e-01  7.362e-01  
2.997e-01  1.041e+00  
2.301e-01  1.052e+00  
4.789e-01  8.139e-01  
3.933e-01  7.956e-01  
6.698e-01  6.762e-01  
1.001e+00  3.581e-01  
8.731e-02  1.055e+00  
1.023e+00  2.305e-01  
6.024e-01  7.181e-01  
9.684e-02  1.215e+00  
1.054e-01  1.068e+00  
1.008e+00  3.256e-01  
3.816e-01  9.705e-01  
2.462e-01  1.093e+00  
4.179e-01  7.921e-01  
1.099e+00  6.764e-02  
1.080e+00  6.461e-02  
3.968e-01  8.212e-01  
1.297e+00  6.994e-02  
9.401e-01  5.425e-01  
4.100e-01  8.105e-01  
1.101e+00  6.907e-02  
1.879e-01  1.022e+00  
5.652e-02  1.152e+00  
1.299e+00  5.655e-02  
2.452e-01  1.024e+00  
8.731e-02  1.055e+00  
1.005e+00  3.224e-01  
1.082e+00  7.476e-02  
1.009e+00  3.019e-01  
1.021e+00  1.611e-01  
1.095e+00  8.984e-02  
2.522e-01  1.027e+00  
1.912e-01  1.037e+00  
1.005e+00  3.224e-01  
9.407e-01  4.691e-01  
1.110e+00  8.256e-02  
9.386e-01  5.087e-01  
1.006e+00  3.757e-01  
1.008e+00  2.570e-01  
1.118e+00  7.485e-02  
1.297e+00  6.994e-02  
5.753e-02  1.179e+00  
2.033e-01  1.026e+00  
1.017e+00  3.383e-01  
1.464e-01  1.115e+00  
1.008e+00  1.752e-01  
3.595e-01  8.928e-01  
7.982e-02  1.165e+00  
4.644e-01  7.903e-01  
1.490e-01  1.110e+00  
1.912e-01  1.037e+00  
2.310e-02  1.298e+00  
1.097e+00  7.954e-02  
1.083e+00  1.070e-01  
1.198e+00  6.873e-02  
9.331e-02  1.142e+00  
1.604e-02  1.290e+00  
1.028e+00  1.758e-01  
1.278e-01  1.101e+00  
1.158e+00  1.524e-01  
1.114e+00  8.463e-02  
1.095e+00  8.984e-02  
4.944e-02  1.274e+00  
1.218e+00  6.524e-02  
3.256e-02  1.261e+00  
1.129e+00  8.393e-02  
1.109e+00  7.484e-02  
1.068e-01  1.061e+00  
1.038e+00  2.194e-01  
1.282e+00  5.659e-02  
1.131e-01  1.085e+00  
1.082e+00  7.476e-02  
1.095e+00  8.984e-02  
1.038e+00  2.194e-01  
2.664e-02  1.189e+00  
1.120e+00  9.003e-02  
1.146e+00  1.226e-01  
1.297e+00  6.994e-02  
1.133e+00  8.879e-02  
4.735e-01  8.130e-01  
1.451e-01  1.099e+00  
1.106e+00  1.223e-01  
4.944e-02  1.273e+00  
1.043e-01  1.043e+00  
8.728e-02  1.122e+00  
9.998e-01  3.802e-01  
1.106e+00  1.223e-01  
7.770e-02  1.081e+00  
1.015e+00  1.755e-01  
1.299e+00  5.655e-02  
4.118e-01  8.646e-01  
3.959e-01  7.906e-01  
4.255e-01  7.935e-01  
9.395e-01  5.457e-01  
1.114e+00  7.969e-02  
3.822e-02  1.265e+00  
3.120e-01  1.033e+00  
1.071e+00  8.819e-02  
1.013e+00  2.444e-01  
7.770e-02  1.081e+00  
1.114e+00  8.463e-02  
9.402e-01  5.481e-01  
5.581e-01  7.362e-01  
1.296e+00  5.718e-02  
1.008e+00  3.256e-01  
1.017e+00  2.830e-01  
4.227e-01  8.028e-01  
3.773e-01  8.467e-01  
1.068e-01  1.061e+00  
1.421e-02  1.302e+00  
1.454e-01  1.038e+00  
1.879e-01  1.022e+00  
7.279e-01  6.772e-01  
9.394e-01  4.832e-01  
4.681e-01  7.656e-01  
1.028e+00  1.758e-01  
4.265e-01  7.745e-01  
7.554e-01  6.784e-01  
1.031e+00  1.618e-01  
1.482e-01  1.101e+00  
1.006e+00  3.238e-01  
3.959e-01  7.906e-01  
4.520e-01  8.207e-01  
1.097e+00  7.954e-02  
5.884e-01  7.878e-01  
2.033e-01  1.026e+00  
3.959e-01  7.956e-01  
4.382e-01  7.779e-01  
9.392e-01  4.944e-01  
2.033e-01  1.026e+00  
5.671e-01  7.409e-01  
1.218e+00  6.524e-02  
1.018e+00  2.546e-01  
3.915e-01  8.502e-01  
1.232e+00  7.091e-02  
1.464e-01  1.115e+00  
9.431e-01  4.663e-01  
6.373e-01  7.462e-01  
2.033e-01  1.026e+00  
9.418e-01  4.572e-01  
1.154e+00  8.974e-02  
1.154e+00  8.974e-02  
6.631e-01  6.884e-01  
9.539e-02  1.121e+00  
6.950e-01  7.023e-01  
3.763e-01  7.908e-01  
2.310e-02  1.298e+00  
1.348e-01  1.043e+00  
6.736e-01  6.778e-01  
1.009e+00  3.298e-01  
9.415e-01  4.947e-01  
2.310e-02  1.298e+00  
3.417e-02  1.295e+00  
7.310e-01  6.763e-01  
6.829e-01  6.816e-01  
1.006e+00  3.757e-01  
1.711e-01  1.046e+00  
6.631e-01  6.884e-01  
