2.066e-01  1.260e+00  
1.427e+00  2.666e-01  
9.751e-01  9.647e-01  
9.976e-01  4.706e-01  
4.536e-01  1.131e+00  
1.052e+00  5.806e-01  
4.356e-01  1.164e+00  
7.069e-01  1.110e+00  
1.205e+00  2.999e-01  
1.182e+00  2.951e-01  
2.590e-01  1.228e+00  
9.900e-01  7.196e-01  
1.008e+00  5.329e-01  
5.581e-01  1.166e+00  
7.030e-01  1.109e+00  
1.033e+00  4.386e-01  
3.611e-01  1.136e+00  
2.752e-01  1.196e+00  
1.030e+00  5.566e-01  
1.063e+00  4.238e-01  
5.892e-01  1.111e+00  
9.846e-01  6.368e-01  
6.481e-01  1.109e+00  
1.186e+00  2.864e-01  
1.003e+00  7.201e-01  
1.186e+00  2.864e-01  
5.581e-01  1.166e+00  
2.229e-01  1.250e+00  
6.556e-01  1.109e+00  
2.710e-01  1.168e+00  
1.025e+00  4.908e-01  
1.017e+00  4.275e-01  
4.184e-01  1.168e+00  
1.036e+00  4.539e-01  
1.181e+00  3.037e-01  
2.418e-01  1.174e+00  
4.687e-01  1.114e+00  
3.430e-01  1.199e+00  
4.356e-01  1.164e+00  
1.037e+00  4.720e-01  
7.097e-01  1.109e+00  
9.927e-01  7.515e-01  
7.342e-01  1.110e+00  
5.581e-01  1.166e+00  
3.964e-01  1.152e+00  
9.977e-01  5.224e-01  
9.762e-01  7.774e-01  
1.181e+00  3.037e-01  
9.846e-01  6.368e-01  
4.770e-01  1.148e+00  
9.633e-01  1.038e+00  
6.310e-01  1.113e+00  
2.152e-01  1.235e+00  
1.019e+00  4.834e-01  
2.169e-01  1.141e+00  
1.001e+00  9.313e-01  
9.976e-01  4.706e-01  
1.427e+00  2.666e-01  
3.840e-01  1.141e+00  
1.183e+00  3.292e-01  
1.280e+00  3.481e-01  
7.030e-01  1.109e+00  
1.085e+00  4.326e-01  
1.061e+00  4.317e-01  
3.921e-01  1.197e+00  
1.033e+00  4.386e-01  
4.356e-01  1.164e+00  
1.003e+00  4.694e-01  
9.751e-01  9.647e-01  
9.751e-01  8.067e-01  
9.932e-01  4.416e-01  
3.921e-01  1.197e+00  
1.016e+00  4.873e-01  
5.485e-01  1.113e+00  
9.633e-01  1.038e+00  
3.430e-01  1.199e+00  
2.495e-01  1.139e+00  
1.030e+00  4.200e-01  
9.751e-01  7.271e-01  
1.186e+00  3.166e-01  
1.034e+00  6.972e-01  
5.590e-01  1.111e+00  
6.556e-01  1.109e+00  
9.790e-01  7.744e-01  
6.556e-01  1.109e+00  
9.877e-01  6.982e-01  
4.240e-01  1.153e+00  
2.282e-01  1.178e+00  
7.097e-01  1.109e+00  
9.823e-01  7.877e-01  
4.868e-01  1.130e+00  
1.068e+00  5.213e-01  
1.184e+00  2.744e-01  
2.276e-01  1.273e+00  
1.051e+00  4.092e-01  
5.565e-01  1.126e+00  
7.649e-01  1.110e+00  
9.940e-01  4.371e-01  
5.823e-01  1.112e+00  
9.833e-01  8.937e-01  
2.661e-01  1.333e+00  
2.942e-01  1.206e+00  
9.999e-01  6.112e-01  
2.950e-01  1.283e+00  
1.037e+00  5.331e-01  
1.190e+00  4.314e-01  
2.276e-01  1.273e+00  
9.672e-01  9.913e-01  
1.016e+00  4.873e-01  
1.068e+00  5.213e-01  
7.342e-01  1.110e+00  
3.157e-01  1.125e+00  
4.868e-01  1.130e+00  
7.927e-01  1.109e+00  
5.303e-01  1.111e+00  
1.186e+00  2.864e-01  
4.112e-01  1.135e+00  
1.033e+00  4.386e-01  
2.188e-01  1.227e+00  
1.180e+00  3.642e-01  
1.188e+00  2.805e-01  
3.080e-01  1.129e+00  
1.181e+00  3.037e-01  
3.080e-01  1.129e+00  
1.058e+00  4.721e-01  
2.661e-01  1.333e+00  
1.205e+00  3.080e-01  
5.279e-01  1.111e+00  
1.427e+00  2.666e-01  
7.173e-01  1.110e+00  
1.215e+00  3.066e-01  
2.495e-01  1.139e+00  
3.430e-01  1.199e+00  
2.541e-01  1.171e+00  
1.232e+00  2.808e-01  
1.205e+00  3.372e-01  
1.196e+00  2.721e-01  
3.080e-01  1.129e+00  
1.106e+00  4.474e-01  
4.880e-01  1.136e+00  
2.169e-01  1.141e+00  
9.885e-01  6.391e-01  
1.030e+00  5.566e-01  
6.076e-01  1.112e+00  
6.481e-01  1.109e+00  
9.683e-01  1.029e+00  
4.709e-01  1.138e+00  
9.900e-01  7.196e-01  
3.130e-01  1.174e+00  
4.896e-01  1.151e+00  
5.279e-01  1.113e+00  
1.017e+00  4.275e-01  
6.870e-01  1.110e+00  
9.803e-01  8.374e-01  
4.896e-01  1.151e+00  
9.885e-01  6.391e-01  
3.809e-01  1.156e+00  
4.847e-01  1.134e+00  
9.657e-01  8.346e-01  
9.885e-01  6.391e-01  
1.016e+00  4.873e-01  
6.490e-01  1.128e+00  
9.940e-01  4.371e-01  
4.240e-01  1.153e+00  
7.031e-01  1.110e+00  
6.076e-01  1.112e+00  
7.030e-01  1.109e+00  
1.023e+00  7.844e-01  
1.232e+00  2.808e-01  
9.999e-01  6.112e-01  
9.775e-01  8.980e-01  
1.030e+00  5.566e-01  
2.188e-01  1.227e+00  
9.657e-01  8.346e-01  
2.081e-01  1.331e+00  
1.096e+00  5.666e-01  
2.777e-01  1.221e+00  
9.633e-01  1.038e+00  
2.661e-01  1.177e+00  
1.004e+00  8.580e-01  
1.008e+00  4.515e-01  
5.770e-01  1.200e+00  
6.556e-01  1.109e+00  
7.097e-01  1.109e+00  
1.085e+00  4.326e-01  
1.017e+00  4.430e-01  
3.808e-01  1.142e+00  
6.481e-01  1.109e+00  
9.683e-01  8.045e-01  
6.076e-01  1.112e+00  
9.700e-01  8.521e-01  
9.836e-01  7.341e-01  
9.671e-01  9.402e-01  
9.683e-01  1.029e+00  
1.188e+00  3.055e-01  
1.046e+00  4.800e-01  
7.551e-01  1.110e+00  
1.003e+00  4.694e-01  
7.031e-01  1.110e+00  
3.611e-01  1.136e+00  
9.888e-01  5.590e-01  
5.303e-01  1.111e+00  
9.833e-01  8.937e-01  
1.197e+00  2.922e-01  
5.823e-01  1.112e+00  
1.016e+00  5.561e-01  
9.751e-01  8.067e-01  
2.286e-01  1.140e+00  
1.017e+00  4.430e-01  
2.661e-01  1.333e+00  
1.184e+00  2.866e-01  
1.027e+00  5.371e-01  
1.042e+00  6.585e-01  
3.448e-01  1.140e+00  
9.691e-01  9.675e-01  
1.205e+00  3.080e-01  
1.072e+00  4.829e-01  
1.027e+00  5.371e-01  
1.068e+00  5.213e-01  
2.590e-01  1.228e+00  
4.709e-01  1.138e+00  
3.921e-01  1.197e+00  
3.491e-01  1.199e+00  
1.019e+00  4.834e-01  
1.188e+00  2.805e-01  
3.157e-01  1.125e+00  
4.239e-01  1.174e+00  
4.112e-01  1.135e+00  
4.687e-01  1.114e+00  
2.835e-01  1.166e+00  
1.017e+00  4.430e-01  
1.189e+00  2.795e-01  
2.106e-01  1.379e+00  
6.856e-01  1.110e+00  
1.025e+00  4.908e-01  
1.046e+00  4.800e-01  
6.310e-01  1.113e+00  
2.188e-01  1.227e+00  
2.506e-01  1.139e+00  
1.001e+00  4.856e-01  
2.229e-01  1.250e+00  
2.969e-01  1.351e+00  
1.205e+00  3.080e-01  
4.112e-01  1.135e+00  
1.195e+00  4.136e-01  
1.035e+00  4.139e-01  
3.808e-01  1.142e+00  
1.205e+00  3.080e-01  
5.734e-01  1.112e+00  
2.264e-01  1.229e+00  
1.051e+00  4.092e-01  
1.215e+00  3.066e-01  
2.969e-01  1.351e+00  
1.025e+00  4.908e-01  
1.182e+00  2.951e-01  
1.427e+00  2.666e-01  
1.197e+00  2.922e-01  
1.448e+00  2.698e-01  
5.563e-01  1.110e+00  
1.188e+00  2.805e-01  
1.068e+00  5.213e-01  
1.063e+00  4.238e-01  
1.205e+00  3.080e-01  
2.661e-01  1.333e+00  
9.751e-01  9.647e-01  
1.180e+00  3.642e-01  
1.017e+00  4.275e-01  
1.015e+00  4.596e-01  
2.506e-01  1.139e+00  
5.734e-01  1.112e+00  
2.242e-01  1.142e+00  
3.808e-01  1.142e+00  
9.761e-01  7.748e-01  
7.743e-01  1.110e+00  
7.069e-01  1.110e+00  
1.030e+00  4.200e-01  
3.117e-01  1.241e+00  
4.458e-01  1.143e+00  
1.037e+00  5.331e-01  
2.286e-01  1.140e+00  
2.950e-01  1.283e+00  
4.831e-01  1.137e+00  
1.016e+00  4.873e-01  
1.029e+00  5.642e-01  
4.115e-01  1.149e+00  
2.170e-01  1.278e+00  
1.197e+00  2.922e-01  
3.430e-01  1.199e+00  
2.229e-01  1.250e+00  
2.661e-01  1.177e+00  
1.042e+00  6.585e-01  
9.846e-01  6.368e-01  
3.430e-01  1.199e+00  
1.001e+00  4.856e-01  
1.001e+00  4.856e-01  
7.031e-01  1.110e+00  
7.342e-01  1.110e+00  
3.808e-01  1.142e+00  
1.016e+00  5.561e-01  
9.683e-01  1.029e+00  
2.264e-01  1.229e+00  
7.649e-01  1.110e+00  
1.016e+00  4.873e-01  
9.900e-01  7.196e-01  
7.551e-01  1.110e+00  
9.837e-01  7.748e-01  
2.229e-01  1.250e+00  
7.097e-01  1.109e+00  
9.762e-01  7.774e-01  
9.846e-01  6.368e-01  
3.611e-01  1.136e+00  
4.868e-01  1.130e+00  
9.833e-01  8.937e-01  
1.267e+00  5.139e-01  
2.835e-01  1.166e+00  
9.700e-01  8.521e-01  
1.042e+00  6.585e-01  
1.027e+00  5.371e-01  
3.808e-01  1.142e+00  
9.969e-01  8.003e-01  
1.016e+00  4.873e-01  
1.096e+00  5.666e-01  
5.659e-01  1.166e+00  
1.205e+00  3.372e-01  
6.036e-01  1.110e+00  
3.239e-01  1.189e+00  
1.179e+00  3.465e-01  
1.001e+00  4.856e-01  
1.037e+00  5.331e-01  
4.356e-01  1.164e+00  
9.833e-01  8.937e-01  
9.671e-01  9.402e-01  
6.481e-01  1.109e+00  
2.579e-01  1.128e+00  
3.080e-01  1.129e+00  
7.649e-01  1.110e+00  
9.888e-01  5.590e-01  
1.205e+00  3.080e-01  
6.601e-01  1.109e+00  
4.709e-01  1.138e+00  
1.008e+00  4.515e-01  
5.659e-01  1.166e+00  
9.692e-01  7.183e-01  
1.052e+00  5.806e-01  
4.741e-01  1.181e+00  
1.085e+00  4.326e-01  
3.867e-01  1.140e+00  
1.052e+00  5.806e-01  
3.157e-01  1.125e+00  
9.780e-01  7.854e-01  
9.846e-01  6.368e-01  
3.840e-01  1.141e+00  
4.847e-01  1.134e+00  
1.119e+00  4.324e-01  
7.927e-01  1.109e+00  
7.964e-01  1.110e+00  
1.030e+00  5.566e-01  
7.097e-01  1.109e+00  
7.069e-01  1.110e+00  
7.342e-01  1.110e+00  
2.757e-01  1.247e+00  
9.751e-01  9.647e-01  
9.791e-01  7.023e-01  
2.590e-01  1.228e+00  
7.088e-01  1.109e+00  
6.897e-01  1.112e+00  
1.085e+00  4.326e-01  
9.888e-01  5.590e-01  
1.042e+00  6.585e-01  
1.052e+00  5.806e-01  
7.927e-01  1.109e+00  
6.856e-01  1.110e+00  
5.565e-01  1.126e+00  
9.969e-01  8.003e-01  
1.003e+00  4.694e-01  
1.096e+00  5.666e-01  
1.030e+00  4.200e-01  
4.880e-01  1.136e+00  
1.175e+00  3.367e-01  
2.757e-01  1.247e+00  
1.026e+00  5.301e-01  
9.969e-01  8.003e-01  
7.342e-01  1.110e+00  
9.790e-01  7.744e-01  
3.491e-01  1.199e+00  
9.791e-01  7.023e-01  
6.863e-01  1.109e+00  
9.911e-01  7.164e-01  
1.183e+00  2.909e-01  
1.025e+00  4.908e-01  
9.829e-01  6.475e-01  
3.491e-01  1.199e+00  
2.081e-01  1.331e+00  
6.270e-01  1.111e+00  
1.030e+00  4.200e-01  
7.342e-01  1.110e+00  
1.011e+00  4.368e-01  
2.081e-01  1.331e+00  
1.328e+00  2.817e-01  
9.877e-01  6.982e-01  
5.581e-01  1.166e+00  
1.010e+00  4.655e-01  
2.152e-01  1.235e+00  
1.205e+00  3.372e-01  
1.017e+00  4.430e-01  
2.777e-01  1.221e+00  
4.687e-01  1.114e+00  
6.481e-01  1.109e+00  
9.900e-01  7.196e-01  
1.189e+00  2.795e-01  
1.056e+00  4.505e-01  
4.184e-01  1.168e+00  
1.008e+00  4.515e-01  
1.003e+00  4.996e-01  
7.069e-01  1.110e+00  
9.858e-01  9.224e-01  
6.152e-01  1.112e+00  
9.751e-01  9.647e-01  
9.837e-01  7.748e-01  
4.831e-01  1.137e+00  
1.046e+00  4.800e-01  
4.115e-01  1.149e+00  
1.215e+00  3.066e-01  
6.870e-01  1.110e+00  
9.969e-01  8.003e-01  
8.465e-01  1.110e+00  
3.921e-01  1.197e+00  
4.741e-01  1.181e+00  
9.700e-01  8.521e-01  
9.976e-01  4.706e-01  
1.005e+00  5.031e-01  
7.031e-01  1.110e+00  
1.027e+00  5.371e-01  
1.027e+00  5.371e-01  
2.757e-01  1.247e+00  
1.027e+00  5.371e-01  
1.179e+00  3.465e-01  
2.579e-01  1.128e+00  
3.336e-01  1.189e+00  
6.930e-01  1.110e+00  
9.900e-01  7.196e-01  
4.741e-01  1.181e+00  
3.808e-01  1.142e+00  
6.863e-01  1.109e+00  
6.490e-01  1.128e+00  
9.900e-01  7.196e-01  
1.058e+00  4.721e-01  
2.188e-01  1.227e+00  
1.106e+00  4.474e-01  
9.633e-01  1.038e+00  
2.710e-01  1.168e+00  
3.611e-01  1.136e+00  
1.019e+00  5.024e-01  
5.659e-01  1.166e+00  
3.611e-01  1.136e+00  
4.687e-01  1.114e+00  
1.177e+00  3.041e-01  
1.215e+00  3.066e-01  
5.734e-01  1.112e+00  
1.191e+00  2.738e-01  
9.999e-01  6.112e-01  
4.847e-01  1.134e+00  
1.200e+00  2.829e-01  
4.112e-01  1.135e+00  
2.282e-01  1.178e+00  
1.416e+00  2.712e-01  
4.353e-01  1.122e+00  
2.495e-01  1.139e+00  
1.046e+00  4.800e-01  
1.191e+00  3.134e-01  
9.932e-01  4.416e-01  
1.017e+00  4.430e-01  
1.181e+00  2.942e-01  
3.964e-01  1.152e+00  
4.339e-01  1.292e+00  
1.068e+00  5.213e-01  
1.010e+00  5.585e-01  
1.205e+00  2.999e-01  
1.073e+00  6.787e-01  
1.003e+00  4.694e-01  
1.030e+00  4.200e-01  
1.181e+00  2.942e-01  
1.427e+00  2.633e-01  
2.710e-01  1.168e+00  
3.157e-01  1.125e+00  
1.017e+00  4.430e-01  
2.541e-01  1.171e+00  
1.205e+00  3.372e-01  
5.734e-01  1.112e+00  
2.229e-01  1.250e+00  
7.069e-01  1.110e+00  
2.671e-01  1.219e+00  
4.353e-01  1.122e+00  
2.188e-01  1.227e+00  
1.180e+00  3.642e-01  
1.186e+00  3.166e-01  
1.193e+00  2.776e-01  
2.661e-01  1.177e+00  
2.066e-01  1.533e+00  
1.143e+00  4.311e-01  
2.950e-01  1.283e+00  
1.448e+00  2.698e-01  
1.182e+00  2.951e-01  
1.186e+00  3.166e-01  
2.169e-01  1.141e+00  
1.223e+00  2.811e-01  
2.152e-01  1.235e+00  
1.232e+00  2.808e-01  
1.181e+00  3.037e-01  
3.430e-01  1.199e+00  
1.035e+00  4.139e-01  
1.427e+00  2.633e-01  
4.356e-01  1.164e+00  
1.183e+00  2.909e-01  
1.177e+00  3.041e-01  
1.106e+00  4.474e-01  
2.170e-01  1.172e+00  
1.195e+00  3.070e-01  
1.188e+00  2.805e-01  
1.188e+00  2.798e-01  
1.197e+00  2.922e-01  
7.069e-01  1.110e+00  
2.615e-01  1.154e+00  
1.186e+00  3.166e-01  
2.669e-01  1.317e+00  
2.453e-01  1.130e+00  
2.282e-01  1.178e+00  
1.019e+00  4.834e-01  
1.051e+00  4.092e-01  
4.356e-01  1.164e+00  
1.061e+00  4.317e-01  
1.427e+00  2.666e-01  
6.102e-01  1.133e+00  
5.581e-01  1.166e+00  
6.897e-01  1.112e+00  
9.823e-01  7.877e-01  
1.183e+00  3.292e-01  
2.669e-01  1.317e+00  
4.709e-01  1.138e+00  
1.179e+00  3.465e-01  
1.027e+00  4.154e-01  
2.757e-01  1.247e+00  
1.205e+00  2.999e-01  
9.877e-01  6.982e-01  
7.031e-01  1.110e+00  
1.416e+00  2.712e-01  
1.010e+00  4.655e-01  
1.069e+00  4.061e-01  
6.897e-01  1.112e+00  
5.734e-01  1.112e+00  
2.943e-01  1.202e+00  
2.661e-01  1.333e+00  
4.112e-01  1.135e+00  
4.184e-01  1.168e+00  
9.791e-01  7.023e-01  
9.823e-01  7.877e-01  
7.649e-01  1.110e+00  
1.232e+00  4.413e-01  
7.649e-01  1.110e+00  
9.762e-01  7.774e-01  
1.188e+00  2.856e-01  
2.950e-01  1.283e+00  
1.017e+00  4.275e-01  
6.076e-01  1.112e+00  
6.870e-01  1.110e+00  
1.180e+00  2.795e-01  
7.649e-01  1.110e+00  
4.112e-01  1.135e+00  
6.076e-01  1.112e+00  
6.076e-01  1.112e+00  
9.862e-01  6.524e-01  
4.115e-01  1.149e+00  
6.481e-01  1.109e+00  
1.232e+00  2.808e-01  
1.061e+00  4.317e-01  
5.734e-01  1.112e+00  
1.223e+00  2.811e-01  
3.330e-01  1.145e+00  
9.885e-01  6.391e-01  
9.672e-01  9.913e-01  
3.809e-01  1.156e+00  
9.726e-01  6.209e-01  
1.205e+00  2.999e-01  
1.180e+00  2.795e-01  
9.672e-01  9.913e-01  
2.950e-01  1.283e+00  
9.791e-01  7.023e-01  
6.361e-01  1.126e+00  
2.188e-01  1.227e+00  
2.258e-01  1.146e+00  
9.657e-01  8.346e-01  
1.068e+00  5.213e-01  
9.999e-01  6.112e-01  
2.170e-01  1.278e+00  
2.276e-01  1.273e+00  
9.969e-01  8.003e-01  
9.812e-01  8.214e-01  
1.012e+00  5.223e-01  
3.415e-01  1.198e+00  
9.659e-01  9.737e-01  
