2.806e-02  9.132e-01  
9.870e-01  3.120e-02  
3.899e-01  4.138e-01  
6.495e-01  2.284e-01  
1.589e-01  6.838e-01  
5.753e-01  2.959e-01  
8.745e-02  7.852e-01  
3.107e-01  4.703e-01  
9.423e-01  8.346e-02  
9.632e-01  8.849e-02  
5.537e-02  8.762e-01  
4.554e-01  3.555e-01  
5.822e-01  2.800e-01  
2.548e-01  5.493e-01  
3.576e-01  4.785e-01  
7.105e-01  1.781e-01  
1.540e-01  6.494e-01  
1.450e-01  7.313e-01  
5.775e-01  2.988e-01  
8.060e-01  1.413e-01  
2.875e-01  5.759e-01  
4.439e-01  3.668e-01  
3.889e-01  4.592e-01  
9.389e-01  8.582e-02  
4.554e-01  3.555e-01  
1.008e+00  4.812e-02  
2.009e-01  5.843e-01  
3.827e-02  8.873e-01  
3.219e-01  4.818e-01  
7.184e-02  7.794e-01  
6.151e-01  2.372e-01  
6.966e-01  1.906e-01  
1.589e-01  6.838e-01  
7.409e-01  1.811e-01  
9.773e-01  4.437e-02  
4.047e-02  8.906e-01  
2.875e-01  5.759e-01  
1.085e-01  7.519e-01  
8.902e-02  7.478e-01  
5.775e-01  2.986e-01  
3.198e-01  4.605e-01  
4.510e-01  3.700e-01  
3.234e-01  5.107e-01  
2.509e-01  5.669e-01  
1.650e-01  7.515e-01  
6.374e-01  2.425e-01  
4.552e-01  3.584e-01  
9.586e-01  8.761e-02  
4.593e-01  3.631e-01  
1.940e-01  5.925e-01  
4.250e-01  3.950e-01  
3.027e-01  5.104e-01  
2.396e-02  1.046e+00  
5.822e-01  2.777e-01  
7.653e-02  7.901e-01  
4.104e-01  4.557e-01  
5.927e-01  2.480e-01  
1.003e+00  4.274e-02  
1.907e-01  5.934e-01  
9.351e-01  9.756e-02  
8.650e-01  1.600e-01  
3.198e-01  4.605e-01  
7.673e-01  1.610e-01  
7.093e-01  2.173e-01  
1.909e-01  6.254e-01  
7.452e-01  1.685e-01  
8.745e-02  7.852e-01  
6.443e-01  2.352e-01  
4.362e-01  3.715e-01  
4.593e-01  3.631e-01  
7.501e-01  1.832e-01  
1.940e-01  5.925e-01  
5.843e-01  2.867e-01  
3.502e-01  5.882e-01  
3.852e-01  4.393e-01  
1.424e-01  7.307e-01  
1.181e-01  7.583e-01  
7.105e-01  1.781e-01  
4.635e-01  3.688e-01  
9.652e-01  5.946e-02  
5.662e-01  2.989e-01  
2.509e-01  5.669e-01  
3.531e-01  4.633e-01  
4.718e-01  3.556e-01  
3.635e-01  4.654e-01  
4.908e-01  3.542e-01  
1.650e-01  7.515e-01  
3.827e-02  8.873e-01  
3.222e-01  5.046e-01  
4.852e-01  3.564e-01  
2.009e-01  5.843e-01  
6.676e-01  2.331e-01  
9.890e-01  3.641e-02  
3.570e-02  8.721e-01  
9.351e-01  9.756e-02  
2.282e-01  5.923e-01  
3.898e-01  4.203e-01  
5.843e-01  2.867e-01  
2.875e-01  5.759e-01  
4.586e-01  3.601e-01  
7.164e-02  7.801e-01  
1.381e-01  6.946e-01  
4.716e-01  3.594e-01  
1.051e-01  7.776e-01  
5.914e-01  2.686e-01  
7.468e-01  1.687e-01  
2.933e-02  9.282e-01  
4.328e-01  3.837e-01  
6.367e-01  2.376e-01  
7.055e-01  2.214e-01  
3.400e-01  4.651e-01  
1.909e-01  6.254e-01  
2.672e-01  5.384e-01  
3.218e-01  4.690e-01  
2.482e-01  6.090e-01  
9.328e-01  1.027e-01  
1.658e-01  6.338e-01  
8.589e-01  1.624e-01  
2.806e-02  9.132e-01  
9.346e-01  8.976e-02  
9.933e-01  3.580e-02  
2.012e-01  5.901e-01  
9.492e-01  8.050e-02  
1.729e-01  6.080e-01  
7.093e-01  2.173e-01  
1.698e-02  9.764e-01  
9.418e-01  8.420e-02  
3.222e-01  5.046e-01  
9.871e-01  3.120e-02  
2.994e-01  5.034e-01  
9.291e-01  6.957e-02  
1.212e-01  7.382e-01  
1.381e-01  6.946e-01  
9.231e-02  8.210e-01  
9.632e-01  8.849e-02  
9.389e-01  8.416e-02  
9.896e-01  2.645e-02  
2.282e-01  5.923e-01  
7.463e-01  1.845e-01  
1.975e-01  5.934e-01  
3.827e-02  8.873e-01  
5.539e-01  2.861e-01  
6.367e-01  2.376e-01  
3.374e-01  5.074e-01  
3.576e-01  4.785e-01  
4.328e-01  3.837e-01  
1.948e-01  5.885e-01  
4.690e-01  3.689e-01  
8.745e-02  7.852e-01  
2.482e-01  6.090e-01  
3.081e-01  5.177e-01  
7.501e-01  1.832e-01  
3.374e-01  5.074e-01  
4.510e-01  3.696e-01  
2.018e-01  6.086e-01  
5.539e-01  2.861e-01  
1.658e-01  6.338e-01  
1.948e-01  5.885e-01  
4.511e-01  3.651e-01  
5.834e-01  2.900e-01  
6.373e-01  2.576e-01  
2.875e-01  5.759e-01  
5.843e-01  2.867e-01  
1.529e-01  6.702e-01  
4.328e-01  3.837e-01  
3.237e-01  4.667e-01  
3.196e-01  4.605e-01  
4.690e-01  3.689e-01  
9.799e-01  4.316e-02  
4.719e-01  3.575e-01  
4.114e-01  4.091e-01  
5.539e-01  2.861e-01  
1.698e-02  9.764e-01  
4.692e-01  3.605e-01  
5.477e-02  8.486e-01  
4.882e-01  3.641e-01  
1.113e-01  7.604e-01  
4.030e-01  4.438e-01  
1.085e-01  7.519e-01  
4.586e-01  3.601e-01  
5.873e-01  2.713e-01  
2.599e-01  5.506e-01  
3.705e-01  4.431e-01  
3.898e-01  4.551e-01  
7.821e-01  1.455e-01  
7.432e-01  1.687e-01  
2.141e-01  5.974e-01  
3.218e-01  4.690e-01  
4.692e-01  3.605e-01  
3.196e-01  4.605e-01  
4.328e-01  3.837e-01  
5.775e-01  2.988e-01  
4.483e-01  4.112e-01  
4.104e-01  4.557e-01  
9.871e-01  3.120e-02  
7.098e-01  1.990e-01  
3.107e-01  4.703e-01  
6.465e-01  2.405e-01  
3.237e-01  4.667e-01  
1.448e-01  7.664e-01  
5.753e-01  2.959e-01  
2.073e-01  5.873e-01  
4.425e-01  3.710e-01  
9.300e-01  9.329e-02  
2.822e-01  5.408e-01  
6.367e-01  2.376e-01  
4.635e-01  3.688e-01  
4.047e-02  8.906e-01  
7.409e-01  1.811e-01  
3.233e-02  8.809e-01  
9.423e-01  8.346e-02  
5.884e-01  2.761e-01  
5.834e-01  2.900e-01  
1.831e-01  6.055e-01  
4.593e-01  3.631e-01  
9.773e-01  4.437e-02  
6.976e-01  1.961e-01  
6.569e-01  2.362e-01  
6.966e-01  1.906e-01  
1.424e-01  7.307e-01  
2.073e-01  5.873e-01  
1.658e-01  6.338e-01  
1.424e-01  7.307e-01  
6.487e-01  2.280e-01  
9.898e-01  2.668e-02  
1.847e-01  6.037e-01  
1.650e-01  7.515e-01  
1.589e-01  6.838e-01  
2.822e-01  5.408e-01  
8.745e-02  7.852e-01  
7.752e-01  1.533e-01  
9.418e-01  8.420e-02  
2.034e-02  9.940e-01  
3.222e-01  5.046e-01  
6.949e-01  2.333e-01  
7.029e-01  1.905e-01  
3.116e-01  5.222e-01  
6.813e-02  8.302e-01  
1.051e-01  7.776e-01  
5.917e-01  2.781e-01  
5.500e-02  1.021e+00  
6.795e-02  8.363e-01  
9.389e-01  8.582e-02  
1.658e-01  6.338e-01  
8.060e-01  1.413e-01  
7.501e-01  1.832e-01  
2.282e-01  5.923e-01  
9.291e-01  6.957e-02  
2.509e-01  5.669e-01  
2.933e-02  9.282e-01  
8.060e-01  1.413e-01  
9.328e-01  1.027e-01  
3.956e-02  9.519e-01  
7.082e-01  1.866e-01  
9.342e-01  6.856e-02  
9.638e-01  6.828e-02  
1.003e+00  4.274e-02  
1.008e+00  4.812e-02  
2.570e-01  5.395e-01  
9.898e-01  2.668e-02  
7.533e-01  1.892e-01  
7.105e-01  1.781e-01  
7.569e-01  1.585e-01  
2.933e-02  9.282e-01  
4.378e-01  3.739e-01  
9.438e-01  1.077e-01  
7.569e-01  1.585e-01  
7.210e-01  1.821e-01  
2.710e-02  9.538e-01  
2.875e-01  5.759e-01  
6.813e-02  8.302e-01  
1.987e-01  5.985e-01  
4.250e-01  3.950e-01  
3.219e-01  4.818e-01  
3.374e-01  5.074e-01  
7.569e-01  1.585e-01  
5.537e-02  8.762e-01  
1.948e-01  5.885e-01  
6.465e-01  2.405e-01  
7.653e-02  7.901e-01  
2.710e-02  9.538e-01  
1.948e-01  5.885e-01  
5.951e-01  2.614e-01  
6.367e-01  2.376e-01  
2.009e-01  5.843e-01  
1.680e-02  9.683e-01  
9.346e-01  8.976e-02  
1.424e-01  7.307e-01  
2.806e-02  9.132e-01  
1.273e-01  7.055e-01  
5.656e-01  2.827e-01  
4.425e-01  3.710e-01  
8.745e-02  7.852e-01  
5.834e-01  2.900e-01  
5.539e-01  2.861e-01  
3.889e-01  4.592e-01  
3.772e-01  4.225e-01  
2.509e-01  5.669e-01  
5.834e-01  2.900e-01  
4.115e-01  4.061e-01  
2.710e-02  9.538e-01  
3.889e-01  4.592e-01  
5.989e-01  2.639e-01  
4.511e-01  3.651e-01  
3.889e-01  4.592e-01  
4.844e-01  3.647e-01  
4.047e-02  8.906e-01  
3.304e-01  4.687e-01  
4.817e-01  3.518e-01  
4.316e-01  4.304e-01  
1.424e-01  7.307e-01  
1.937e-01  6.009e-01  
4.374e-01  3.738e-01  
7.501e-01  1.832e-01  
1.181e-01  7.583e-01  
4.374e-01  3.738e-01  
5.775e-01  2.988e-01  
5.843e-01  2.867e-01  
2.462e-01  5.805e-01  
4.718e-01  3.556e-01  
5.775e-01  2.988e-01  
5.775e-01  2.986e-01  
2.599e-01  5.506e-01  
9.346e-01  8.976e-02  
3.027e-01  5.104e-01  
1.424e-01  7.307e-01  
9.351e-01  9.756e-02  
6.113e-01  2.586e-01  
5.834e-01  2.900e-01  
9.760e-02  7.590e-01  
4.328e-01  3.837e-01  
3.898e-01  4.203e-01  
4.083e-01  4.580e-01  
1.540e-01  6.494e-01  
2.282e-01  5.923e-01  
3.576e-01  4.785e-01  
4.690e-01  3.689e-01  
9.342e-01  6.856e-02  
3.765e-01  4.573e-01  
2.282e-01  5.923e-01  
6.373e-01  2.576e-01  
3.131e-01  6.539e-01  
4.250e-01  3.950e-01  
5.549e-01  2.870e-01  
2.059e-01  5.925e-01  
7.452e-01  1.685e-01  
1.540e-01  6.494e-01  
5.798e-01  3.280e-01  
1.807e-01  6.219e-01  
4.328e-01  3.837e-01  
4.690e-01  3.689e-01  
1.540e-01  6.494e-01  
2.018e-01  6.086e-01  
7.895e-01  1.571e-01  
3.304e-01  4.687e-01  
3.237e-01  4.667e-01  
5.539e-01  2.861e-01  
3.219e-01  4.818e-01  
3.304e-01  4.687e-01  
3.852e-01  4.393e-01  
8.745e-02  7.852e-01  
4.250e-01  3.950e-01  
4.288e-01  4.211e-01  
4.129e-02  9.038e-01  
3.400e-01  4.651e-01  
2.672e-01  5.384e-01  
7.468e-01  1.687e-01  
4.690e-01  3.689e-01  
4.690e-01  3.689e-01  
6.226e-01  2.523e-01  
3.576e-01  4.785e-01  
3.027e-01  5.104e-01  
2.708e-01  5.361e-01  
4.882e-01  3.641e-01  
6.158e-01  2.514e-01  
4.899e-01  3.585e-01  
7.501e-01  1.832e-01  
1.911e-01  5.971e-01  
1.008e+00  4.812e-02  
7.164e-02  7.801e-01  
5.873e-01  2.713e-01  
4.554e-01  3.555e-01  
3.374e-01  5.074e-01  
4.944e-01  3.601e-01  
1.085e-01  7.519e-01  
4.882e-01  3.641e-01  
3.196e-01  4.605e-01  
4.554e-01  3.555e-01  
9.389e-01  8.582e-02  
6.465e-01  2.405e-01  
5.950e-01  3.636e-01  
1.381e-01  6.946e-01  
1.698e-02  9.764e-01  
2.982e-01  5.325e-01  
7.895e-01  1.571e-01  
3.374e-01  5.074e-01  
7.468e-01  1.687e-01  
1.680e-02  9.683e-01  
1.009e+00  3.540e-02  
4.554e-01  3.555e-01  
2.562e-01  5.647e-01  
7.501e-01  1.832e-01  
5.009e-02  8.704e-01  
7.851e-01  1.386e-01  
7.673e-01  1.610e-01  
7.934e-02  8.002e-01  
2.672e-01  5.384e-01  
3.237e-01  4.667e-01  
3.705e-01  4.431e-01  
9.336e-01  7.828e-02  
7.435e-01  1.758e-01  
1.589e-01  6.838e-01  
7.144e-01  1.969e-01  
6.966e-01  1.906e-01  
3.516e-01  4.723e-01  
4.362e-01  3.715e-01  
2.582e-01  5.431e-01  
4.439e-01  3.668e-01  
4.926e-01  3.530e-01  
2.282e-01  5.923e-01  
7.144e-01  1.969e-01  
2.059e-01  5.925e-01  
9.291e-01  6.957e-02  
3.027e-01  5.104e-01  
4.362e-01  3.715e-01  
3.400e-01  4.651e-01  
1.658e-01  6.338e-01  
1.807e-01  6.219e-01  
4.593e-01  3.631e-01  
5.951e-01  2.614e-01  
6.493e-01  2.280e-01  
3.218e-01  4.690e-01  
5.822e-01  2.800e-01  
5.951e-01  2.614e-01  
5.537e-02  8.762e-01  
6.367e-01  2.376e-01  
9.293e-01  9.329e-02  
1.603e-01  6.498e-01  
1.531e-01  6.391e-01  
3.107e-01  4.703e-01  
3.852e-01  4.393e-01  
1.807e-01  6.219e-01  
1.589e-01  6.838e-01  
3.374e-01  5.074e-01  
2.509e-01  5.669e-01  
4.593e-01  3.631e-01  
6.950e-01  2.326e-01  
5.537e-02  8.762e-01  
7.954e-01  1.537e-01  
4.250e-01  3.950e-01  
7.653e-02  7.901e-01  
1.085e-01  7.519e-01  
6.676e-01  2.331e-01  
2.147e-01  5.973e-01  
1.539e-01  6.522e-01  
2.672e-01  5.384e-01  
9.291e-01  6.957e-02  
9.402e-01  8.887e-02  
3.131e-01  6.539e-01  
1.008e+00  4.812e-02  
4.718e-01  3.556e-01  
2.073e-01  5.873e-01  
9.407e-01  1.196e-01  
1.658e-01  6.338e-01  
3.827e-02  8.873e-01  
1.003e+00  4.274e-02  
2.073e-01  5.873e-01  
1.415e-01  7.744e-01  
7.409e-01  1.811e-01  
9.491e-01  6.562e-02  
6.367e-01  2.376e-01  
7.954e-01  1.537e-01  
9.652e-01  5.090e-02  
1.807e-01  6.219e-01  
1.589e-01  6.838e-01  
7.144e-01  1.969e-01  
5.678e-01  2.781e-01  
9.871e-01  3.120e-02  
4.718e-01  3.556e-01  
7.093e-01  2.173e-01  
7.281e-01  1.754e-01  
9.638e-01  6.828e-02  
1.003e+00  4.274e-02  
5.537e-02  8.762e-01  
1.625e-01  7.332e-01  
6.976e-01  1.961e-01  
1.085e-01  7.519e-01  
9.342e-01  6.856e-02  
2.012e-01  5.901e-01  
5.009e-02  8.704e-01  
3.222e-01  5.046e-01  
1.181e-01  7.583e-01  
1.923e-01  5.929e-01  
3.570e-02  8.721e-01  
9.346e-01  8.976e-02  
9.291e-01  6.957e-02  
9.871e-01  3.120e-02  
5.537e-02  8.762e-01  
2.034e-02  9.940e-01  
7.821e-01  1.455e-01  
1.036e-01  8.299e-01  
9.632e-01  8.849e-02  
9.638e-01  6.828e-02  
9.863e-01  7.440e-02  
2.806e-02  9.132e-01  
9.890e-01  3.641e-02  
2.710e-02  9.538e-01  
9.799e-01  4.316e-02  
9.607e-01  7.604e-02  
8.902e-02  7.478e-01  
7.246e-01  1.900e-01  
9.638e-01  6.828e-02  
1.113e-01  7.604e-01  
9.799e-01  4.316e-02  
9.607e-01  7.604e-02  
7.435e-01  1.758e-01  
3.782e-02  9.176e-01  
9.346e-01  8.976e-02  
9.632e-01  8.849e-02  
9.799e-01  4.316e-02  
9.807e-01  5.418e-02  
3.027e-01  5.104e-01  
1.250e-01  7.595e-01  
9.632e-01  8.849e-02  
4.047e-02  8.906e-01  
1.407e-01  7.242e-01  
3.827e-02  8.873e-01  
7.093e-01  2.173e-01  
9.351e-01  9.756e-02  
9.760e-02  7.590e-01  
7.246e-01  1.900e-01  
9.863e-01  7.440e-02  
2.141e-01  5.974e-01  
2.509e-01  5.669e-01  
3.092e-01  5.315e-01  
4.783e-01  3.536e-01  
9.438e-01  1.077e-01  
1.720e-02  9.387e-01  
2.009e-01  5.843e-01  
9.571e-01  8.288e-02  
7.456e-01  1.783e-01  
6.422e-02  8.273e-01  
9.799e-01  4.316e-02  
4.586e-01  3.601e-01  
3.591e-01  4.829e-01  
9.893e-01  4.519e-02  
7.009e-01  2.114e-01  
7.409e-01  1.811e-01  
3.036e-01  5.034e-01  
2.576e-01  5.301e-01  
9.231e-02  8.210e-01  
2.806e-02  9.132e-01  
1.847e-01  6.037e-01  
1.948e-01  5.885e-01  
4.882e-01  3.641e-01  
4.965e-01  3.532e-01  
3.395e-01  4.593e-01  
8.060e-01  1.413e-01  
3.237e-01  4.667e-01  
4.740e-01  3.538e-01  
9.342e-01  6.856e-02  
9.760e-02  7.590e-01  
7.409e-01  1.811e-01  
3.184e-01  5.240e-01  
3.116e-01  5.222e-01  
9.799e-01  4.316e-02  
3.304e-01  4.687e-01  
1.539e-01  6.522e-01  
2.978e-01  5.666e-01  
3.081e-01  5.177e-01  
5.539e-01  2.861e-01  
1.531e-01  6.391e-01  
3.198e-01  4.605e-01  
9.890e-01  3.641e-02  
6.966e-01  1.906e-01  
2.693e-01  6.162e-01  
9.816e-01  5.699e-02  
1.650e-01  7.515e-01  
4.768e-01  3.532e-01  
4.083e-01  4.580e-01  
1.436e-01  7.242e-01  
5.822e-01  2.777e-01  
9.291e-01  6.957e-02  
1.009e+00  3.540e-02  
4.114e-01  4.091e-01  
6.422e-02  8.273e-01  
4.552e-01  3.584e-01  
2.875e-01  5.759e-01  
1.506e-02  9.540e-01  
1.007e-01  7.923e-01  
4.554e-01  3.555e-01  
6.949e-01  2.333e-01  
5.834e-01  2.900e-01  
2.034e-02  9.940e-01  
1.698e-02  9.764e-01  
4.350e-01  3.785e-01  
4.374e-01  3.738e-01  
6.465e-01  2.405e-01  
1.531e-01  6.391e-01  
4.316e-01  4.304e-01  
