1.033e-01  1.454e+00  
1.564e+00  1.299e-02  
1.104e+00  7.986e-01  
1.201e+00  3.273e-01  
2.940e-01  1.224e+00  
1.101e+00  6.189e-01  
2.463e-01  1.322e+00  
8.320e-01  1.262e+00  
1.302e+00  8.337e-02  
1.219e+00  7.378e-02  
1.173e-01  1.430e+00  
1.100e+00  7.797e-01  
1.137e+00  3.600e-01  
4.700e-01  1.251e+00  
6.472e-01  1.261e+00  
1.172e+00  1.479e-01  
2.222e-01  1.285e+00  
1.256e-01  1.292e+00  
1.131e+00  4.591e-01  
1.195e+00  1.421e-01  
3.189e-01  1.264e+00  
1.105e+00  5.193e-01  
1.096e+00  9.534e-01  
1.191e+00  1.106e-01  
1.110e+00  6.781e-01  
1.358e+00  2.806e-02  
5.695e-01  1.264e+00  
1.173e-01  1.430e+00  
8.382e-01  1.262e+00  
1.272e-01  1.305e+00  
1.171e+00  1.376e-01  
1.184e+00  2.907e-01  
4.269e-01  1.301e+00  
1.184e+00  2.907e-01  
1.358e+00  2.806e-02  
1.047e-01  1.300e+00  
3.155e-01  1.234e+00  
1.454e-01  1.296e+00  
2.122e-01  1.316e+00  
1.118e+00  5.391e-01  
1.128e+00  9.454e-01  
1.101e+00  6.731e-01  
8.817e-01  1.261e+00  
2.838e-01  1.281e+00  
1.898e-01  1.310e+00  
1.166e+00  1.448e-01  
1.110e+00  6.781e-01  
1.247e+00  9.183e-02  
1.155e+00  6.906e-01  
3.155e-01  1.234e+00  
1.100e+00  7.797e-01  
6.138e-01  1.265e+00  
1.321e-01  1.310e+00  
1.156e+00  4.925e-01  
1.402e-01  1.286e+00  
1.094e+00  7.771e-01  
1.130e+00  3.989e-01  
1.517e+00  2.540e-02  
2.838e-01  1.281e+00  
1.278e+00  7.780e-02  
1.200e+00  1.680e-01  
8.156e-01  1.261e+00  
1.302e+00  8.337e-02  
1.169e+00  2.922e-01  
3.904e-01  1.281e+00  
1.207e+00  2.291e-01  
2.122e-01  1.316e+00  
1.137e+00  3.600e-01  
1.105e+00  7.740e-01  
1.100e+00  7.797e-01  
1.178e+00  2.257e-01  
4.700e-01  1.251e+00  
1.166e+00  5.447e-01  
7.483e-01  1.263e+00  
1.106e+00  1.047e+00  
1.482e-01  1.308e+00  
2.463e-01  1.322e+00  
1.207e+00  2.035e-01  
1.161e+00  5.366e-01  
1.323e+00  7.155e-02  
1.103e+00  5.620e-01  
4.184e-01  1.269e+00  
1.100e+00  1.158e+00  
1.101e+00  6.189e-01  
9.535e-01  1.261e+00  
1.110e+00  6.781e-01  
1.454e-01  1.296e+00  
1.199e-01  1.289e+00  
6.981e-01  1.261e+00  
1.110e+00  6.737e-01  
4.700e-01  1.251e+00  
1.173e+00  3.971e-01  
1.358e+00  2.806e-02  
1.047e-01  1.300e+00  
1.239e+00  1.700e-01  
3.215e-01  1.280e+00  
1.106e+00  1.047e+00  
1.121e+00  4.895e-01  
4.516e-01  1.266e+00  
1.105e+00  7.740e-01  
1.321e-01  1.310e+00  
2.463e-01  1.322e+00  
1.107e+00  7.630e-01  
1.601e-01  1.302e+00  
1.136e+00  4.103e-01  
1.190e+00  1.868e-01  
1.030e-01  1.366e+00  
1.100e+00  6.637e-01  
1.194e+00  4.927e-01  
1.184e+00  2.907e-01  
8.711e-01  1.261e+00  
4.498e-01  1.294e+00  
6.138e-01  1.265e+00  
7.310e-01  1.261e+00  
5.695e-01  1.264e+00  
1.302e+00  8.337e-02  
3.678e-01  1.325e+00  
1.177e+00  1.377e-01  
1.043e-01  1.289e+00  
1.272e+00  1.440e-01  
1.227e+00  2.629e-02  
3.592e-01  1.273e+00  
1.259e+00  7.077e-02  
4.269e-01  1.301e+00  
1.180e+00  1.661e-01  
1.033e-01  1.454e+00  
1.198e+00  1.068e-01  
4.814e-01  1.261e+00  
1.550e+00  3.999e-02  
4.451e-01  1.261e+00  
1.216e+00  4.142e-02  
1.748e-01  1.283e+00  
3.221e-01  1.318e+00  
1.895e-01  1.325e+00  
1.369e+00  1.717e-02  
1.233e+00  1.360e-01  
1.611e+00  2.228e-02  
5.999e-01  1.270e+00  
1.172e+00  1.479e-01  
3.557e-01  1.293e+00  
1.272e-01  1.305e+00  
1.183e+00  3.621e-01  
1.137e+00  3.600e-01  
7.483e-01  1.263e+00  
8.156e-01  1.261e+00  
1.092e+00  7.006e-01  
3.886e-01  1.313e+00  
1.123e+00  6.201e-01  
1.482e-01  1.308e+00  
5.050e-01  1.269e+00  
6.861e-01  1.262e+00  
1.178e+00  2.257e-01  
7.344e-01  1.261e+00  
1.100e+00  5.304e-01  
3.557e-01  1.293e+00  
1.125e+00  5.564e-01  
3.221e-01  1.318e+00  
5.695e-01  1.264e+00  
1.108e+00  4.973e-01  
1.112e+00  6.921e-01  
1.191e+00  2.265e-01  
6.414e-01  1.278e+00  
1.125e+00  5.564e-01  
1.482e-01  1.308e+00  
1.119e+00  6.838e-01  
8.382e-01  1.262e+00  
6.828e-01  1.261e+00  
1.118e+00  5.391e-01  
1.351e+00  5.166e-02  
1.101e+00  6.731e-01  
1.118e+00  9.053e-01  
1.121e+00  4.197e-01  
9.134e-02  1.325e+00  
1.103e+00  5.620e-01  
1.173e-01  1.430e+00  
1.110e+00  6.737e-01  
1.205e-01  1.298e+00  
1.115e+00  7.914e-01  
1.424e-01  1.289e+00  
1.105e+00  7.740e-01  
1.191e+00  2.265e-01  
4.184e-01  1.269e+00  
1.106e+00  6.602e-01  
1.094e+00  7.771e-01  
1.249e+00  2.166e-01  
1.196e+00  2.037e-01  
3.155e-01  1.234e+00  
1.014e+00  1.261e+00  
1.110e+00  6.781e-01  
7.876e-01  1.261e+00  
1.111e+00  6.759e-01  
1.121e+00  5.773e-01  
1.095e+00  9.322e-01  
1.109e+00  8.184e-01  
1.270e+00  4.321e-02  
1.202e+00  2.550e-01  
6.861e-01  1.262e+00  
1.165e+00  2.962e-01  
5.794e-01  1.261e+00  
2.122e-01  1.316e+00  
1.121e+00  4.197e-01  
5.983e-01  1.282e+00  
1.102e+00  8.563e-01  
1.240e+00  1.177e-01  
6.335e-01  1.262e+00  
1.154e+00  3.975e-01  
1.101e+00  6.731e-01  
1.047e-01  1.300e+00  
1.193e+00  2.370e-01  
1.015e-01  1.359e+00  
1.302e+00  8.337e-02  
1.165e+00  2.962e-01  
1.183e+00  3.621e-01  
2.596e-01  1.275e+00  
1.100e+00  6.637e-01  
1.236e+00  4.731e-02  
1.188e+00  2.934e-01  
1.165e+00  3.402e-01  
1.175e+00  1.441e-01  
1.430e-01  1.314e+00  
2.924e-01  1.255e+00  
3.557e-01  1.293e+00  
3.221e-01  1.318e+00  
1.175e+00  2.938e-01  
1.442e+00  4.204e-02  
1.939e-01  1.328e+00  
3.779e-01  1.277e+00  
3.221e-01  1.318e+00  
3.155e-01  1.234e+00  
1.272e-01  1.305e+00  
1.185e+00  2.153e-01  
1.272e+00  1.440e-01  
1.321e-01  1.310e+00  
6.496e-01  1.261e+00  
1.165e+00  3.402e-01  
1.195e+00  1.421e-01  
5.983e-01  1.282e+00  
1.043e-01  1.289e+00  
1.825e-01  1.326e+00  
1.165e+00  2.962e-01  
1.015e-01  1.359e+00  
2.463e-01  1.322e+00  
1.240e+00  1.177e-01  
3.886e-01  1.313e+00  
1.171e+00  1.448e-01  
1.205e+00  1.357e-01  
3.155e-01  1.234e+00  
1.305e+00  7.535e-02  
4.516e-01  1.266e+00  
1.047e-01  1.300e+00  
1.200e+00  1.680e-01  
1.270e+00  4.321e-02  
1.199e-01  1.289e+00  
1.201e+00  3.273e-01  
1.199e+00  4.437e-02  
1.550e+00  3.999e-02  
1.195e+00  2.719e-02  
1.564e+00  1.299e-02  
5.278e-01  1.266e+00  
1.363e+00  4.368e-02  
1.173e+00  3.971e-01  
1.168e+00  1.134e-01  
1.168e+00  1.134e-01  
9.812e-02  1.428e+00  
1.095e+00  9.322e-01  
1.198e+00  1.068e-01  
1.195e+00  1.421e-01  
1.178e+00  2.257e-01  
1.043e-01  1.289e+00  
5.983e-01  1.282e+00  
1.043e-01  1.289e+00  
4.534e-01  1.318e+00  
1.096e+00  9.534e-01  
5.983e-01  1.282e+00  
7.864e-01  1.261e+00  
1.166e+00  1.835e-01  
1.008e-01  1.296e+00  
3.109e-01  1.277e+00  
1.202e+00  2.550e-01  
1.321e-01  1.310e+00  
1.534e-01  1.294e+00  
3.155e-01  1.234e+00  
1.172e+00  1.611e-01  
1.165e+00  3.402e-01  
4.228e-01  1.239e+00  
1.033e-01  1.454e+00  
1.382e+00  8.033e-02  
1.482e-01  1.308e+00  
1.178e-01  1.293e+00  
1.256e-01  1.292e+00  
1.139e+00  5.727e-01  
1.103e+00  7.714e-01  
1.748e-01  1.283e+00  
1.126e+00  3.766e-01  
1.183e+00  3.621e-01  
1.128e+00  9.454e-01  
1.094e+00  7.771e-01  
2.596e-01  1.275e+00  
1.166e+00  5.447e-01  
1.100e+00  7.808e-01  
1.321e-01  1.310e+00  
6.861e-01  1.262e+00  
1.183e+00  3.621e-01  
1.110e+00  6.781e-01  
1.109e+00  8.184e-01  
1.092e+00  7.006e-01  
1.173e-01  1.430e+00  
6.828e-01  1.261e+00  
1.110e+00  6.781e-01  
1.106e+00  9.455e-01  
1.454e-01  1.296e+00  
5.695e-01  1.264e+00  
1.118e+00  6.386e-01  
1.175e+00  1.441e-01  
1.256e-01  1.292e+00  
1.107e+00  7.006e-01  
1.125e+00  5.564e-01  
1.141e+00  4.880e-01  
2.596e-01  1.275e+00  
1.109e+00  6.256e-01  
1.121e+00  5.773e-01  
1.161e+00  5.366e-01  
5.050e-01  1.269e+00  
1.240e+00  1.177e-01  
5.794e-01  1.261e+00  
2.169e-01  1.307e+00  
1.299e+00  8.976e-02  
1.137e+00  3.600e-01  
1.201e+00  3.273e-01  
1.424e-01  1.289e+00  
1.092e+00  7.006e-01  
1.096e+00  9.534e-01  
1.094e+00  7.771e-01  
1.482e-01  1.308e+00  
5.695e-01  1.264e+00  
6.472e-01  1.261e+00  
1.118e+00  5.406e-01  
1.194e+00  1.349e-01  
1.100e+00  1.158e+00  
3.823e-01  1.332e+00  
1.137e+00  3.600e-01  
3.155e-01  1.234e+00  
1.100e+00  7.797e-01  
1.112e+00  6.921e-01  
2.596e-01  1.275e+00  
1.191e+00  1.967e-01  
2.488e-01  1.313e+00  
1.123e+00  6.201e-01  
2.923e-01  1.282e+00  
1.094e+00  7.771e-01  
1.100e+00  7.808e-01  
1.771e-01  1.285e+00  
4.700e-01  1.251e+00  
1.207e+00  2.035e-01  
8.815e-01  1.262e+00  
7.864e-01  1.261e+00  
1.125e+00  5.564e-01  
8.156e-01  1.261e+00  
7.344e-01  1.261e+00  
1.123e+00  7.538e-01  
1.655e-01  1.320e+00  
1.106e+00  9.455e-01  
1.106e+00  9.455e-01  
1.030e-01  1.411e+00  
8.815e-01  1.262e+00  
6.861e-01  1.262e+00  
1.359e+00  1.258e-01  
1.125e+00  5.564e-01  
1.111e+00  5.069e-01  
1.154e+00  3.648e-01  
7.783e-01  1.261e+00  
6.861e-01  1.262e+00  
3.220e-01  1.285e+00  
1.117e+00  5.519e-01  
1.185e+00  4.026e-01  
1.101e+00  6.189e-01  
1.178e+00  2.257e-01  
3.890e-01  1.279e+00  
1.247e+00  9.183e-02  
1.898e-01  1.310e+00  
1.131e+00  4.591e-01  
1.101e+00  6.189e-01  
6.828e-01  1.261e+00  
1.155e+00  6.906e-01  
2.463e-01  1.322e+00  
1.100e+00  6.637e-01  
8.815e-01  1.262e+00  
1.099e+00  7.133e-01  
1.209e+00  3.085e-02  
1.180e+00  1.661e-01  
1.125e+00  5.564e-01  
1.898e-01  1.310e+00  
9.134e-02  1.325e+00  
7.483e-01  1.263e+00  
1.196e+00  2.037e-01  
1.014e+00  1.261e+00  
1.180e+00  1.661e-01  
1.321e-01  1.310e+00  
1.420e+00  2.700e-02  
1.101e+00  6.731e-01  
3.155e-01  1.234e+00  
1.180e+00  1.661e-01  
1.030e-01  1.411e+00  
1.186e+00  8.386e-02  
1.175e+00  1.441e-01  
9.993e-02  1.323e+00  
4.194e-01  1.262e+00  
6.828e-01  1.261e+00  
1.096e+00  9.534e-01  
1.302e+00  8.337e-02  
1.186e+00  2.089e-01  
3.537e-01  1.311e+00  
1.205e+00  1.357e-01  
1.188e+00  2.934e-01  
8.396e-01  1.263e+00  
1.101e+00  6.731e-01  
2.940e-01  1.224e+00  
1.094e+00  7.771e-01  
1.112e+00  6.921e-01  
3.592e-01  1.273e+00  
1.173e+00  3.971e-01  
2.838e-01  1.281e+00  
1.223e+00  8.546e-02  
5.983e-01  1.282e+00  
1.092e+00  7.006e-01  
5.983e-01  1.282e+00  
3.557e-01  1.293e+00  
2.851e-01  1.272e+00  
1.105e+00  4.998e-01  
1.154e+00  3.975e-01  
1.201e+00  3.273e-01  
7.344e-01  1.261e+00  
1.121e+00  4.895e-01  
1.194e+00  4.927e-01  
1.370e-01  1.307e+00  
1.164e+00  3.062e-01  
1.240e+00  1.177e-01  
2.923e-01  1.282e+00  
1.454e-01  1.296e+00  
5.794e-01  1.261e+00  
1.123e+00  7.538e-01  
3.886e-01  1.313e+00  
2.838e-01  1.281e+00  
5.794e-01  1.261e+00  
6.138e-01  1.265e+00  
1.105e+00  7.740e-01  
1.188e+00  2.934e-01  
1.430e-01  1.314e+00  
1.175e+00  1.441e-01  
1.096e+00  9.534e-01  
1.748e-01  1.283e+00  
2.503e-01  1.289e+00  
1.175e+00  1.441e-01  
5.695e-01  1.264e+00  
3.678e-01  1.325e+00  
4.194e-01  1.262e+00  
1.358e+00  2.806e-02  
1.191e+00  1.106e-01  
3.155e-01  1.234e+00  
1.369e+00  1.717e-02  
1.131e+00  4.591e-01  
2.924e-01  1.255e+00  
1.267e+00  8.031e-02  
3.557e-01  1.293e+00  
1.178e-01  1.293e+00  
1.550e+00  3.999e-02  
4.986e-01  1.298e+00  
2.997e-01  1.320e+00  
1.205e+00  1.357e-01  
1.351e+00  5.166e-02  
1.154e+00  3.975e-01  
1.221e+00  1.639e-01  
1.363e+00  4.368e-02  
2.923e-01  1.282e+00  
1.800e-01  1.301e+00  
1.201e+00  3.273e-01  
1.183e+00  3.621e-01  
1.321e+00  2.948e-02  
1.118e+00  5.391e-01  
1.173e+00  3.971e-01  
1.359e+00  1.258e-01  
1.351e+00  5.166e-02  
1.550e+00  3.999e-02  
1.199e-01  1.289e+00  
2.503e-01  1.289e+00  
1.174e+00  2.453e-01  
2.139e-01  1.322e+00  
1.239e+00  1.700e-01  
3.155e-01  1.234e+00  
1.263e-01  1.415e+00  
8.396e-01  1.263e+00  
1.424e-01  1.289e+00  
3.886e-01  1.313e+00  
1.173e-01  1.430e+00  
1.171e+00  1.448e-01  
1.270e+00  4.321e-02  
1.289e+00  3.089e-02  
1.178e-01  1.293e+00  
1.030e-01  1.411e+00  
1.186e+00  1.223e-01  
1.898e-01  1.310e+00  
1.259e+00  7.077e-02  
1.225e+00  2.766e-02  
1.259e+00  7.077e-02  
1.178e-01  1.293e+00  
1.204e+00  3.077e-02  
9.993e-02  1.323e+00  
1.420e+00  2.700e-02  
1.351e+00  5.166e-02  
2.122e-01  1.316e+00  
1.200e+00  1.920e-01  
1.550e+00  3.999e-02  
1.748e-01  1.283e+00  
1.358e+00  2.806e-02  
1.363e+00  4.368e-02  
1.175e+00  1.441e-01  
1.043e-01  1.289e+00  
1.186e+00  1.223e-01  
1.299e+00  8.976e-02  
1.358e+00  2.806e-02  
1.365e+00  4.382e-02  
4.446e-01  1.265e+00  
1.482e-01  1.308e+00  
1.299e+00  8.976e-02  
1.380e-01  1.342e+00  
1.771e-01  1.285e+00  
9.993e-02  1.323e+00  
1.201e+00  3.273e-01  
1.200e+00  1.680e-01  
2.100e-01  1.303e+00  
1.205e+00  1.357e-01  
1.564e+00  1.299e-02  
4.788e-01  1.301e+00  
5.999e-01  1.270e+00  
5.794e-01  1.261e+00  
1.110e+00  6.737e-01  
1.291e+00  8.706e-02  
1.030e-01  1.366e+00  
4.700e-01  1.251e+00  
1.382e+00  8.033e-02  
1.165e+00  1.482e-01  
1.143e-01  1.315e+00  
1.216e+00  4.142e-02  
1.110e+00  6.737e-01  
7.016e-01  1.261e+00  
1.550e+00  3.999e-02  
1.165e+00  2.962e-01  
1.184e+00  2.907e-01  
6.496e-01  1.261e+00  
5.999e-01  1.270e+00  
2.122e-01  1.316e+00  
1.143e-01  1.315e+00  
3.557e-01  1.293e+00  
3.592e-01  1.273e+00  
1.107e+00  7.006e-01  
1.100e+00  5.660e-01  
8.156e-01  1.261e+00  
1.207e+00  2.035e-01  
8.156e-01  1.261e+00  
1.107e+00  7.006e-01  
1.302e+00  8.337e-02  
2.139e-01  1.322e+00  
1.184e+00  2.907e-01  
4.931e-01  1.271e+00  
6.981e-01  1.261e+00  
1.228e+00  2.212e-02  
6.981e-01  1.261e+00  
3.109e-01  1.277e+00  
6.138e-01  1.265e+00  
5.374e-01  1.262e+00  
1.131e+00  4.591e-01  
3.890e-01  1.279e+00  
7.876e-01  1.261e+00  
1.369e+00  1.717e-02  
1.184e+00  2.907e-01  
4.140e-01  1.302e+00  
1.420e+00  2.700e-02  
2.114e-01  1.287e+00  
1.121e+00  4.895e-01  
1.106e+00  9.455e-01  
1.424e-01  1.289e+00  
1.112e+00  4.999e-01  
1.270e+00  4.321e-02  
1.393e+00  5.626e-02  
1.096e+00  9.534e-01  
1.825e-01  1.326e+00  
1.102e+00  8.563e-01  
4.242e-01  1.262e+00  
1.030e-01  1.366e+00  
1.601e-01  1.302e+00  
1.100e+00  7.485e-01  
1.165e+00  3.402e-01  
1.121e+00  6.113e-01  
1.033e-01  1.454e+00  
1.033e-01  1.454e+00  
1.100e+00  7.808e-01  
1.102e+00  8.563e-01  
1.130e+00  3.989e-01  
1.256e-01  1.292e+00  
1.095e+00  9.322e-01  
