2.583e-02  1.022e+00  
1.034e+00  2.482e-02  
4.005e-01  4.235e-01  
6.296e-01  2.401e-01  
1.983e-01  6.197e-01  
5.524e-01  3.066e-01  
9.961e-02  7.745e-01  
2.939e-01  5.120e-01  
8.728e-01  1.202e-01  
9.734e-01  5.553e-02  
4.715e-02  8.384e-01  
4.570e-01  3.627e-01  
6.038e-01  2.693e-01  
2.544e-01  5.426e-01  
3.197e-01  4.619e-01  
7.359e-01  1.769e-01  
1.406e-01  6.678e-01  
1.421e-01  6.965e-01  
5.827e-01  2.720e-01  
7.490e-01  1.764e-01  
2.559e-01  5.439e-01  
4.461e-01  3.870e-01  
3.799e-01  4.390e-01  
8.679e-01  9.750e-02  
5.024e-01  3.588e-01  
9.980e-01  4.113e-02  
2.294e-01  6.053e-01  
2.605e-02  8.755e-01  
3.013e-01  4.879e-01  
6.147e-02  8.124e-01  
5.942e-01  2.552e-01  
7.248e-01  2.159e-01  
1.751e-01  6.278e-01  
7.280e-01  1.856e-01  
9.892e-01  4.505e-02  
4.346e-02  8.689e-01  
2.939e-01  5.120e-01  
1.140e-01  7.624e-01  
9.588e-02  7.649e-01  
5.420e-01  3.151e-01  
3.558e-01  4.261e-01  
4.485e-01  3.932e-01  
2.929e-01  4.931e-01  
2.499e-01  5.741e-01  
1.356e-01  6.815e-01  
6.276e-01  2.496e-01  
4.711e-01  3.690e-01  
9.415e-01  6.190e-02  
4.461e-01  3.870e-01  
1.952e-01  5.921e-01  
3.791e-01  4.257e-01  
2.862e-01  5.003e-01  
2.352e-02  8.933e-01  
5.754e-01  2.868e-01  
6.019e-02  8.061e-01  
4.366e-01  4.174e-01  
6.038e-01  2.693e-01  
1.006e+00  3.058e-02  
1.849e-01  6.297e-01  
8.728e-01  1.202e-01  
8.650e-01  1.132e-01  
3.198e-01  4.920e-01  
7.388e-01  1.667e-01  
7.224e-01  2.081e-01  
1.651e-01  6.426e-01  
7.359e-01  1.769e-01  
8.699e-02  8.211e-01  
6.276e-01  2.496e-01  
4.005e-01  4.235e-01  
4.594e-01  3.691e-01  
7.285e-01  2.026e-01  
1.569e-01  6.417e-01  
5.825e-01  2.677e-01  
2.576e-01  5.325e-01  
3.866e-01  4.355e-01  
1.375e-01  6.808e-01  
1.140e-01  7.624e-01  
6.111e-01  2.472e-01  
5.524e-01  3.066e-01  
8.705e-01  1.053e-01  
5.827e-01  2.720e-01  
2.577e-01  5.389e-01  
3.574e-01  4.506e-01  
4.731e-01  3.559e-01  
3.493e-01  4.447e-01  
5.466e-01  3.535e-01  
1.413e-01  6.921e-01  
5.734e-02  8.051e-01  
3.198e-01  4.661e-01  
4.745e-01  3.535e-01  
2.294e-01  6.053e-01  
6.111e-01  2.472e-01  
9.982e-01  3.238e-02  
3.645e-02  8.806e-01  
8.705e-01  1.053e-01  
2.764e-01  6.422e-01  
3.797e-01  4.367e-01  
5.825e-01  2.677e-01  
2.605e-01  5.653e-01  
5.075e-01  3.593e-01  
4.890e-02  8.144e-01  
1.311e-01  7.402e-01  
4.683e-01  3.625e-01  
8.699e-02  8.211e-01  
5.935e-01  2.626e-01  
7.431e-01  1.636e-01  
2.605e-02  8.755e-01  
4.236e-01  4.120e-01  
5.935e-01  2.626e-01  
7.285e-01  2.026e-01  
3.198e-01  4.661e-01  
1.753e-01  6.603e-01  
2.939e-01  5.120e-01  
3.198e-01  4.661e-01  
2.346e-01  5.827e-01  
8.666e-01  1.140e-01  
1.356e-01  6.815e-01  
7.578e-01  1.720e-01  
8.148e-02  7.962e-01  
8.742e-01  1.206e-01  
9.982e-01  3.238e-02  
2.056e-01  5.918e-01  
9.604e-01  8.921e-02  
1.406e-01  6.678e-01  
7.327e-01  1.730e-01  
2.583e-02  1.022e+00  
8.993e-01  9.810e-02  
2.906e-01  4.887e-01  
1.028e+00  2.689e-02  
3.013e-01  4.879e-01  
8.733e-01  9.487e-02  
1.311e-01  7.402e-01  
1.329e-01  7.623e-01  
9.961e-02  7.745e-01  
1.028e+00  2.689e-02  
8.729e-01  1.085e-01  
1.028e+00  2.689e-02  
2.605e-01  5.653e-01  
7.333e-01  1.712e-01  
2.119e-01  6.144e-01  
3.655e-02  8.557e-01  
6.038e-01  2.693e-01  
6.111e-01  2.472e-01  
2.862e-01  5.003e-01  
3.013e-01  4.879e-01  
3.965e-01  4.018e-01  
1.659e-01  6.253e-01  
4.738e-01  3.673e-01  
1.140e-01  7.624e-01  
2.425e-01  5.637e-01  
2.862e-01  5.003e-01  
7.333e-01  1.712e-01  
2.897e-01  5.058e-01  
4.342e-01  3.898e-01  
1.569e-01  6.417e-01  
5.567e-01  3.005e-01  
1.356e-01  6.815e-01  
2.119e-01  6.144e-01  
4.374e-01  3.827e-01  
5.524e-01  3.066e-01  
5.837e-01  2.677e-01  
2.544e-01  5.426e-01  
5.632e-01  2.879e-01  
1.411e-01  6.545e-01  
3.649e-01  4.436e-01  
3.013e-01  4.879e-01  
3.574e-01  4.506e-01  
4.831e-01  3.710e-01  
9.969e-01  3.531e-02  
5.075e-01  3.593e-01  
3.965e-01  4.018e-01  
6.035e-01  3.036e-01  
2.098e-02  9.290e-01  
4.683e-01  3.625e-01  
4.715e-02  8.384e-01  
4.485e-01  3.932e-01  
1.031e-01  7.577e-01  
4.141e-01  4.402e-01  
1.071e-01  7.907e-01  
4.833e-01  3.783e-01  
6.260e-01  2.394e-01  
2.499e-01  5.407e-01  
3.707e-01  4.263e-01  
3.493e-01  4.447e-01  
8.666e-01  1.140e-01  
7.508e-01  1.764e-01  
1.569e-01  6.417e-01  
3.686e-01  4.558e-01  
5.155e-01  4.191e-01  
3.197e-01  4.619e-01  
4.445e-01  3.930e-01  
4.738e-01  3.673e-01  
3.965e-01  4.018e-01  
3.791e-01  4.257e-01  
9.640e-01  6.192e-02  
7.231e-01  1.977e-01  
2.879e-01  5.001e-01  
5.942e-01  2.552e-01  
3.320e-01  4.729e-01  
1.234e-01  7.794e-01  
5.732e-01  3.511e-01  
2.448e-01  5.619e-01  
4.366e-01  4.174e-01  
8.625e-01  1.098e-01  
2.897e-01  5.058e-01  
5.837e-01  2.677e-01  
4.485e-01  3.932e-01  
7.259e-02  7.954e-01  
7.327e-01  1.730e-01  
3.665e-02  8.916e-01  
8.705e-01  1.053e-01  
5.825e-01  2.677e-01  
5.825e-01  2.677e-01  
1.747e-01  6.249e-01  
4.366e-01  4.174e-01  
9.573e-01  7.372e-02  
7.285e-01  2.026e-01  
6.276e-01  2.496e-01  
7.371e-01  1.901e-01  
8.787e-02  8.776e-01  
2.098e-01  6.048e-01  
1.778e-01  6.738e-01  
1.462e-01  6.766e-01  
7.315e-01  2.536e-01  
1.003e+00  4.162e-02  
1.797e-01  6.215e-01  
1.552e-01  6.505e-01  
1.666e-01  6.426e-01  
2.576e-01  5.325e-01  
7.342e-02  8.331e-01  
7.394e-01  1.623e-01  
8.706e-01  1.094e-01  
2.098e-02  9.290e-01  
3.197e-01  4.619e-01  
6.260e-01  2.394e-01  
7.359e-01  1.769e-01  
2.999e-01  4.848e-01  
6.173e-02  8.112e-01  
9.555e-02  7.783e-01  
5.935e-01  2.626e-01  
2.098e-02  9.290e-01  
7.179e-02  8.013e-01  
8.798e-01  1.099e-01  
1.756e-01  6.603e-01  
8.705e-01  1.053e-01  
7.333e-01  1.712e-01  
2.056e-01  5.918e-01  
1.001e+00  4.631e-02  
2.425e-01  5.637e-01  
2.098e-02  9.290e-01  
8.666e-01  1.140e-01  
8.728e-01  1.202e-01  
4.715e-02  8.384e-01  
7.285e-01  2.026e-01  
9.712e-01  4.838e-02  
1.025e+00  2.151e-02  
9.980e-01  4.113e-02  
1.006e+00  3.058e-02  
2.605e-01  5.653e-01  
1.003e+00  4.162e-02  
7.280e-01  1.856e-01  
7.248e-01  2.159e-01  
8.625e-01  1.098e-01  
2.797e-02  9.000e-01  
3.866e-01  4.355e-01  
8.742e-01  1.206e-01  
7.373e-01  1.700e-01  
7.280e-01  1.856e-01  
4.715e-02  8.384e-01  
2.605e-01  5.653e-01  
5.734e-02  8.051e-01  
2.294e-01  6.053e-01  
4.252e-01  3.967e-01  
2.954e-01  4.897e-01  
2.954e-01  4.897e-01  
7.359e-01  1.769e-01  
1.031e-01  7.577e-01  
1.751e-01  6.278e-01  
6.276e-01  2.496e-01  
8.148e-02  7.962e-01  
7.253e-02  7.774e-01  
2.346e-01  5.827e-01  
5.821e-01  2.843e-01  
6.577e-01  2.539e-01  
1.797e-01  6.215e-01  
2.289e-02  9.382e-01  
8.798e-01  1.099e-01  
1.406e-01  6.678e-01  
7.342e-02  8.331e-01  
1.298e-01  7.723e-01  
5.825e-01  2.677e-01  
4.771e-01  3.953e-01  
7.253e-02  7.774e-01  
5.935e-01  2.626e-01  
5.837e-01  2.677e-01  
3.540e-01  4.434e-01  
3.791e-01  4.257e-01  
2.425e-01  5.637e-01  
5.825e-01  2.677e-01  
3.917e-01  4.115e-01  
2.583e-02  1.022e+00  
3.605e-01  4.454e-01  
6.038e-01  2.693e-01  
4.594e-01  3.691e-01  
3.605e-01  4.454e-01  
4.461e-01  3.870e-01  
2.352e-02  8.933e-01  
3.619e-01  4.500e-01  
4.551e-01  3.675e-01  
3.605e-01  4.454e-01  
1.413e-01  6.921e-01  
2.329e-01  6.043e-01  
4.485e-01  3.932e-01  
7.333e-01  1.712e-01  
1.329e-01  7.623e-01  
4.582e-01  3.904e-01  
5.827e-01  2.720e-01  
6.035e-01  3.036e-01  
2.418e-01  5.397e-01  
4.485e-01  3.932e-01  
5.632e-01  2.879e-01  
5.567e-01  3.005e-01  
2.572e-01  5.490e-01  
8.746e-01  1.224e-01  
2.879e-01  5.001e-01  
1.311e-01  7.402e-01  
9.422e-01  1.118e-01  
6.069e-01  2.590e-01  
6.038e-01  2.693e-01  
1.298e-01  7.723e-01  
4.328e-01  3.761e-01  
4.005e-01  4.235e-01  
3.866e-01  4.355e-01  
1.462e-01  6.766e-01  
2.329e-01  6.043e-01  
3.686e-01  4.558e-01  
5.825e-01  2.677e-01  
8.746e-01  1.224e-01  
3.649e-01  4.436e-01  
2.056e-01  5.918e-01  
6.191e-01  2.593e-01  
1.991e-01  5.930e-01  
4.005e-01  4.235e-01  
5.567e-01  3.005e-01  
1.991e-01  5.930e-01  
8.666e-01  1.140e-01  
1.485e-01  6.593e-01  
5.075e-01  3.593e-01  
1.749e-01  6.320e-01  
3.791e-01  4.257e-01  
4.342e-01  3.898e-01  
1.700e-01  6.442e-01  
1.778e-01  6.738e-01  
7.385e-01  1.651e-01  
3.079e-01  4.796e-01  
3.320e-01  4.729e-01  
5.672e-01  2.890e-01  
3.197e-01  4.619e-01  
3.056e-01  4.843e-01  
3.558e-01  4.261e-01  
8.787e-02  8.776e-01  
4.019e-01  4.026e-01  
4.005e-01  4.235e-01  
7.342e-02  8.331e-01  
3.540e-01  4.434e-01  
2.879e-01  5.001e-01  
7.333e-01  1.712e-01  
5.825e-01  2.677e-01  
5.968e-01  3.046e-01  
6.069e-01  2.590e-01  
3.013e-01  4.879e-01  
2.999e-01  5.342e-01  
2.557e-01  5.384e-01  
4.683e-01  3.625e-01  
6.276e-01  2.496e-01  
5.075e-01  3.593e-01  
7.280e-01  1.856e-01  
1.797e-01  6.215e-01  
9.356e-01  8.886e-02  
8.148e-02  7.962e-01  
5.488e-01  3.093e-01  
4.991e-01  3.564e-01  
3.056e-01  4.843e-01  
5.024e-01  3.588e-01  
1.140e-01  7.624e-01  
4.594e-01  3.691e-01  
3.056e-01  4.843e-01  
4.745e-01  3.535e-01  
9.962e-01  8.815e-02  
6.779e-01  2.690e-01  
5.838e-01  3.155e-01  
1.485e-01  6.707e-01  
2.583e-02  1.022e+00  
2.939e-01  5.120e-01  
7.578e-01  1.720e-01  
3.605e-01  4.454e-01  
7.490e-01  1.764e-01  
2.098e-02  9.290e-01  
1.006e+00  3.058e-02  
4.633e-01  3.559e-01  
2.499e-01  5.741e-01  
6.111e-01  2.472e-01  
3.655e-02  8.557e-01  
8.650e-01  1.132e-01  
8.793e-01  1.280e-01  
5.734e-02  8.051e-01  
2.609e-01  5.311e-01  
3.493e-01  4.447e-01  
3.791e-01  4.257e-01  
8.666e-01  1.140e-01  
7.280e-01  1.856e-01  
1.569e-01  6.417e-01  
7.280e-01  1.856e-01  
6.254e-01  2.394e-01  
3.013e-01  4.879e-01  
4.594e-01  3.691e-01  
2.807e-01  5.290e-01  
3.866e-01  4.355e-01  
4.632e-01  3.488e-01  
2.098e-01  6.048e-01  
7.400e-01  1.986e-01  
1.983e-01  6.197e-01  
8.705e-01  1.053e-01  
3.013e-01  4.879e-01  
4.366e-01  4.174e-01  
3.574e-01  4.506e-01  
1.651e-01  6.426e-01  
1.849e-01  6.297e-01  
4.551e-01  3.675e-01  
5.825e-01  2.677e-01  
6.230e-01  2.542e-01  
3.013e-01  4.879e-01  
5.827e-01  2.720e-01  
5.825e-01  2.677e-01  
6.019e-02  8.061e-01  
7.400e-01  1.986e-01  
8.706e-01  1.094e-01  
1.651e-01  6.426e-01  
1.389e-01  6.831e-01  
2.954e-01  4.897e-01  
3.922e-01  4.442e-01  
1.797e-01  6.215e-01  
1.700e-01  6.442e-01  
3.056e-01  4.843e-01  
2.544e-01  5.426e-01  
4.594e-01  3.691e-01  
7.290e-01  2.142e-01  
7.259e-02  7.954e-01  
7.394e-01  1.623e-01  
3.605e-01  4.454e-01  
4.890e-02  8.144e-01  
1.140e-01  7.624e-01  
6.111e-01  2.472e-01  
2.294e-01  6.053e-01  
2.294e-01  6.053e-01  
2.577e-01  5.389e-01  
1.003e+00  4.162e-02  
8.746e-01  1.224e-01  
2.583e-01  5.428e-01  
1.010e+00  2.492e-02  
4.991e-01  3.564e-01  
2.605e-01  5.653e-01  
8.793e-01  1.280e-01  
1.406e-01  6.678e-01  
4.086e-02  8.988e-01  
1.010e+00  2.492e-02  
1.569e-01  6.417e-01  
1.311e-01  7.402e-01  
7.280e-01  1.856e-01  
1.004e+00  4.006e-02  
6.191e-01  2.593e-01  
8.769e-01  1.139e-01  
1.011e+00  3.403e-02  
1.462e-01  6.766e-01  
2.294e-01  6.053e-01  
7.247e-01  2.067e-01  
5.821e-01  2.843e-01  
1.028e+00  2.689e-02  
5.075e-01  3.593e-01  
5.827e-01  2.720e-01  
7.325e-01  1.697e-01  
1.003e+00  4.162e-02  
1.025e+00  2.151e-02  
6.147e-02  8.124e-01  
1.462e-01  6.766e-01  
7.290e-01  2.142e-01  
6.147e-02  8.124e-01  
8.665e-01  1.127e-01  
2.425e-01  5.637e-01  
6.147e-02  8.124e-01  
2.954e-01  4.897e-01  
1.234e-01  7.794e-01  
1.406e-01  6.678e-01  
3.198e-02  8.802e-01  
8.746e-01  1.224e-01  
9.587e-01  8.396e-02  
1.006e+00  3.587e-02  
8.699e-02  8.211e-01  
2.352e-02  8.933e-01  
8.769e-01  1.139e-01  
7.342e-02  8.331e-01  
1.006e+00  3.587e-02  
9.956e-01  4.761e-02  
9.962e-01  8.815e-02  
3.645e-02  8.806e-01  
9.892e-01  4.505e-02  
2.352e-02  8.933e-01  
1.006e+00  3.587e-02  
9.874e-01  4.115e-02  
7.342e-02  8.331e-01  
7.304e-01  1.895e-01  
1.034e+00  2.482e-02  
1.234e-01  7.794e-01  
9.712e-01  4.838e-02  
9.573e-01  7.372e-02  
7.522e-01  1.728e-01  
3.645e-02  8.806e-01  
8.728e-01  1.202e-01  
9.587e-01  8.396e-02  
1.028e+00  2.689e-02  
1.003e+00  4.162e-02  
2.906e-01  4.887e-01  
1.298e-01  7.723e-01  
9.587e-01  8.396e-02  
5.734e-02  8.051e-01  
1.185e-01  7.221e-01  
4.890e-02  8.144e-01  
7.440e-01  2.650e-01  
8.705e-01  1.053e-01  
1.140e-01  7.624e-01  
7.254e-01  1.869e-01  
1.028e+00  2.689e-02  
2.461e-01  5.422e-01  
2.499e-01  5.407e-01  
3.013e-01  4.879e-01  
4.594e-01  3.691e-01  
8.742e-01  1.206e-01  
2.661e-02  8.768e-01  
1.955e-01  6.009e-01  
9.587e-01  8.396e-02  
8.793e-01  1.280e-01  
8.148e-02  7.962e-01  
1.004e+00  4.006e-02  
4.917e-01  3.492e-01  
3.897e-01  4.458e-01  
1.010e+00  2.492e-02  
7.400e-01  1.986e-01  
7.280e-01  1.856e-01  
2.924e-01  4.895e-01  
2.576e-01  5.325e-01  
6.147e-02  8.124e-01  
4.086e-02  8.988e-01  
1.797e-01  6.215e-01  
2.119e-01  6.144e-01  
4.485e-01  3.932e-01  
4.861e-01  3.474e-01  
3.574e-01  4.506e-01  
8.625e-01  1.098e-01  
3.150e-01  4.839e-01  
4.995e-01  3.600e-01  
8.742e-01  1.206e-01  
7.342e-02  8.331e-01  
7.285e-01  2.026e-01  
2.906e-01  4.887e-01  
2.906e-01  4.887e-01  
9.956e-01  4.761e-02  
3.558e-01  4.261e-01  
1.570e-01  6.731e-01  
2.576e-01  5.325e-01  
2.929e-01  4.931e-01  
5.827e-01  2.720e-01  
1.411e-01  6.545e-01  
3.619e-01  4.500e-01  
1.006e+00  3.587e-02  
7.254e-01  1.869e-01  
2.605e-01  5.653e-01  
1.004e+00  4.006e-02  
1.413e-01  6.921e-01  
5.466e-01  3.535e-01  
4.005e-01  4.235e-01  
1.298e-01  7.723e-01  
5.754e-01  2.868e-01  
9.962e-01  8.815e-02  
9.956e-01  4.761e-02  
3.866e-01  4.355e-01  
8.148e-02  7.962e-01  
4.183e-01  4.061e-01  
2.609e-01  5.311e-01  
2.583e-02  1.022e+00  
1.298e-01  7.723e-01  
4.633e-01  3.559e-01  
7.304e-01  1.895e-01  
5.653e-01  2.854e-01  
2.583e-02  1.022e+00  
2.098e-02  9.290e-01  
4.252e-01  3.967e-01  
4.445e-01  3.930e-01  
6.276e-01  2.496e-01  
1.406e-01  6.678e-01  
3.965e-01  4.018e-01  
