2.748e-01  1.912e+00  
1.755e+00  1.162e-01  
1.053e+00  8.326e-01  
1.164e+00  3.195e-01  
4.818e-01  1.006e+00  
1.102e+00  4.535e-01  
4.175e-01  1.050e+00  
6.934e-01  9.954e-01  
1.390e+00  2.288e-01  
1.394e+00  1.611e-01  
2.882e-01  1.219e+00  
1.049e+00  6.880e-01  
1.106e+00  3.415e-01  
4.992e-01  1.020e+00  
9.193e-01  9.949e-01  
1.221e+00  3.281e-01  
3.982e-01  1.080e+00  
3.846e-01  1.129e+00  
1.086e+00  3.537e-01  
1.276e+00  3.077e-01  
7.905e-01  1.001e+00  
1.051e+00  7.904e-01  
9.055e-01  9.943e-01  
1.387e+00  1.479e-01  
1.115e+00  6.522e-01  
1.417e+00  1.325e-01  
5.286e-01  1.016e+00  
2.856e-01  1.253e+00  
7.928e-01  9.945e-01  
3.638e-01  1.046e+00  
1.129e+00  4.014e-01  
1.136e+00  3.498e-01  
5.286e-01  1.016e+00  
1.155e+00  3.011e-01  
1.410e+00  1.591e-01  
2.834e-01  1.338e+00  
6.855e-01  9.995e-01  
3.913e-01  1.091e+00  
3.739e-01  1.037e+00  
1.092e+00  5.592e-01  
8.421e-01  9.958e-01  
1.127e+00  5.018e-01  
8.125e-01  1.006e+00  
4.293e-01  1.003e+00  
3.558e-01  1.033e+00  
1.163e+00  4.206e-01  
1.099e+00  7.045e-01  
1.396e+00  1.768e-01  
1.076e+00  6.880e-01  
4.748e-01  1.006e+00  
1.058e+00  7.152e-01  
7.318e-01  9.973e-01  
2.836e-01  1.297e+00  
1.086e+00  3.537e-01  
3.511e-01  1.205e+00  
1.050e+00  7.034e-01  
1.163e+00  4.206e-01  
1.433e+00  1.723e-01  
5.286e-01  1.016e+00  
1.390e+00  2.288e-01  
1.221e+00  2.848e-01  
7.984e-01  9.939e-01  
1.155e+00  3.011e-01  
1.159e+00  3.708e-01  
4.032e-01  1.210e+00  
1.177e+00  3.200e-01  
3.791e-01  1.162e+00  
1.103e+00  4.377e-01  
1.049e+00  8.229e-01  
1.053e+00  7.299e-01  
1.221e+00  3.281e-01  
4.032e-01  1.210e+00  
1.140e+00  5.245e-01  
6.943e-01  1.024e+00  
1.058e+00  7.152e-01  
4.683e-01  1.069e+00  
3.846e-01  1.129e+00  
1.221e+00  3.281e-01  
1.088e+00  5.913e-01  
1.433e+00  1.723e-01  
1.092e+00  5.638e-01  
6.948e-01  9.984e-01  
9.334e-01  9.945e-01  
1.049e+00  8.229e-01  
7.984e-01  9.939e-01  
1.095e+00  4.061e-01  
4.175e-01  1.050e+00  
3.223e-01  1.361e+00  
7.928e-01  9.945e-01  
1.088e+00  4.968e-01  
4.748e-01  1.006e+00  
1.187e+00  3.301e-01  
1.408e+00  1.401e-01  
2.856e-01  1.253e+00  
1.404e+00  1.941e-01  
4.992e-01  1.020e+00  
1.076e+00  6.880e-01  
1.127e+00  5.018e-01  
5.001e-01  1.010e+00  
1.055e+00  7.653e-01  
2.851e-01  1.224e+00  
4.237e-01  1.110e+00  
1.053e+00  7.299e-01  
3.706e-01  1.066e+00  
1.106e+00  3.415e-01  
1.215e+00  2.974e-01  
2.975e-01  1.228e+00  
1.047e+00  7.920e-01  
1.140e+00  5.245e-01  
1.164e+00  3.195e-01  
9.055e-01  9.943e-01  
4.992e-01  1.020e+00  
6.768e-01  1.029e+00  
7.318e-01  9.973e-01  
4.992e-01  1.020e+00  
1.396e+00  2.378e-01  
4.281e-01  1.029e+00  
1.276e+00  2.962e-01  
2.834e-01  1.338e+00  
1.391e+00  1.933e-01  
1.588e+00  1.347e-01  
4.481e-01  1.023e+00  
1.400e+00  1.937e-01  
4.544e-01  1.079e+00  
1.159e+00  3.708e-01  
2.849e-01  1.510e+00  
1.396e+00  1.768e-01  
8.125e-01  1.006e+00  
1.747e+00  1.171e-01  
8.125e-01  1.006e+00  
1.387e+00  1.479e-01  
3.739e-01  1.037e+00  
4.401e-01  1.039e+00  
3.638e-01  1.046e+00  
1.440e+00  1.286e-01  
1.446e+00  2.179e-01  
1.787e+00  1.423e-01  
5.157e-01  1.022e+00  
1.164e+00  3.195e-01  
4.992e-01  1.020e+00  
3.217e-01  1.237e+00  
1.095e+00  4.061e-01  
1.128e+00  3.686e-01  
6.948e-01  9.984e-01  
7.928e-01  9.945e-01  
1.051e+00  7.904e-01  
4.293e-01  1.003e+00  
1.083e+00  4.176e-01  
3.704e-01  1.105e+00  
5.592e-01  1.037e+00  
6.934e-01  9.954e-01  
1.164e+00  3.118e-01  
6.604e-01  1.001e+00  
1.049e+00  6.880e-01  
5.630e-01  1.047e+00  
1.097e+00  4.780e-01  
4.616e-01  1.027e+00  
4.429e-01  1.017e+00  
1.066e+00  7.470e-01  
1.103e+00  4.223e-01  
1.086e+00  3.537e-01  
6.162e-01  1.011e+00  
1.092e+00  5.592e-01  
4.683e-01  1.069e+00  
9.823e-01  9.940e-01  
8.145e-01  1.001e+00  
7.612e-01  9.976e-01  
1.083e+00  4.176e-01  
1.471e+00  1.553e-01  
1.087e+00  6.439e-01  
1.053e+00  8.326e-01  
1.110e+00  5.693e-01  
2.849e-01  1.272e+00  
1.045e+00  6.900e-01  
3.212e-01  1.181e+00  
1.135e+00  6.448e-01  
3.982e-01  1.080e+00  
1.053e+00  8.326e-01  
3.929e-01  1.030e+00  
1.058e+00  6.963e-01  
1.103e+00  4.377e-01  
6.979e-01  1.003e+00  
1.050e+00  8.507e-01  
9.823e-01  9.940e-01  
1.221e+00  2.848e-01  
1.168e+00  3.039e-01  
5.275e-01  1.028e+00  
9.041e-01  1.005e+00  
1.053e+00  7.299e-01  
8.421e-01  9.958e-01  
1.051e+00  7.345e-01  
1.102e+00  4.535e-01  
1.053e+00  8.326e-01  
1.076e+00  6.880e-01  
1.408e+00  1.401e-01  
1.170e+00  3.232e-01  
8.979e-01  9.938e-01  
1.207e+00  4.257e-01  
7.110e-01  1.000e+00  
3.739e-01  1.037e+00  
1.095e+00  4.061e-01  
4.481e-01  1.023e+00  
1.076e+00  6.880e-01  
1.404e+00  1.941e-01  
6.934e-01  9.954e-01  
1.106e+00  3.415e-01  
1.050e+00  7.049e-01  
3.253e-01  1.199e+00  
1.170e+00  3.232e-01  
2.963e-01  1.285e+00  
1.460e+00  1.561e-01  
1.086e+00  3.537e-01  
1.140e+00  5.245e-01  
4.871e-01  1.024e+00  
1.051e+00  7.345e-01  
1.501e+00  1.610e-01  
1.154e+00  3.224e-01  
1.151e+00  4.633e-01  
1.136e+00  3.498e-01  
3.690e-01  1.092e+00  
4.818e-01  1.006e+00  
5.078e-01  1.032e+00  
4.665e-01  1.044e+00  
1.163e+00  4.206e-01  
1.440e+00  1.286e-01  
5.232e-01  1.040e+00  
3.846e-01  1.129e+00  
4.032e-01  1.210e+00  
5.275e-01  1.028e+00  
3.756e-01  1.141e+00  
1.182e+00  2.992e-01  
1.396e+00  1.768e-01  
2.748e-01  1.912e+00  
8.421e-01  9.958e-01  
1.127e+00  3.583e-01  
1.170e+00  3.232e-01  
7.612e-01  9.976e-01  
3.378e-01  1.190e+00  
3.685e-01  1.037e+00  
1.103e+00  4.377e-01  
2.806e-01  1.302e+00  
3.511e-01  1.205e+00  
1.400e+00  2.105e-01  
5.078e-01  1.032e+00  
1.388e+00  2.059e-01  
1.157e+00  3.002e-01  
4.293e-01  1.003e+00  
1.401e+00  1.782e-01  
4.429e-01  1.017e+00  
2.851e-01  1.224e+00  
1.276e+00  2.962e-01  
1.387e+00  1.642e-01  
3.217e-01  1.237e+00  
1.136e+00  3.498e-01  
1.388e+00  2.158e-01  
1.747e+00  1.171e-01  
1.787e+00  1.423e-01  
1.588e+00  1.347e-01  
5.001e-01  1.010e+00  
1.400e+00  1.501e-01  
1.187e+00  3.301e-01  
1.154e+00  3.091e-01  
1.276e+00  3.077e-01  
2.856e-01  1.253e+00  
1.045e+00  6.900e-01  
1.388e+00  1.789e-01  
1.172e+00  2.965e-01  
1.154e+00  3.091e-01  
2.834e-01  1.338e+00  
6.979e-01  1.003e+00  
2.849e-01  1.272e+00  
4.293e-01  1.003e+00  
1.047e+00  7.920e-01  
7.928e-01  9.945e-01  
7.746e-01  9.960e-01  
1.156e+00  3.041e-01  
3.982e-01  1.080e+00  
5.286e-01  1.016e+00  
1.125e+00  4.410e-01  
3.739e-01  1.037e+00  
3.673e-01  1.128e+00  
4.481e-01  1.023e+00  
1.091e+00  4.826e-01  
1.163e+00  4.206e-01  
5.283e-01  1.098e+00  
2.843e-01  1.319e+00  
1.400e+00  2.105e-01  
3.558e-01  1.033e+00  
3.002e-01  1.233e+00  
3.558e-01  1.033e+00  
1.098e+00  5.861e-01  
1.053e+00  7.299e-01  
3.638e-01  1.046e+00  
1.125e+00  4.410e-01  
1.095e+00  4.061e-01  
9.055e-01  9.943e-01  
1.045e+00  6.900e-01  
4.992e-01  1.020e+00  
1.083e+00  4.176e-01  
1.050e+00  8.507e-01  
2.834e-01  1.338e+00  
8.145e-01  1.001e+00  
1.103e+00  4.377e-01  
1.053e+00  7.299e-01  
1.039e+00  9.937e-01  
1.076e+00  6.880e-01  
3.002e-01  1.233e+00  
9.334e-01  9.945e-01  
1.087e+00  6.439e-01  
1.050e+00  8.507e-01  
3.663e-01  1.053e+00  
5.176e-01  1.012e+00  
1.053e+00  7.299e-01  
1.154e+00  3.091e-01  
3.739e-01  1.037e+00  
1.049e+00  6.880e-01  
1.133e+00  4.637e-01  
1.115e+00  5.286e-01  
5.286e-01  1.016e+00  
1.087e+00  4.236e-01  
1.083e+00  4.176e-01  
1.103e+00  4.223e-01  
4.481e-01  1.023e+00  
1.404e+00  1.941e-01  
7.905e-01  1.001e+00  
3.846e-01  1.129e+00  
1.391e+00  1.933e-01  
1.103e+00  4.377e-01  
1.136e+00  3.498e-01  
3.929e-01  1.030e+00  
1.053e+00  7.299e-01  
1.047e+00  7.920e-01  
9.823e-01  9.940e-01  
3.558e-01  1.033e+00  
4.293e-01  1.003e+00  
7.612e-01  9.976e-01  
1.140e+00  5.245e-01  
1.392e+00  1.760e-01  
9.334e-01  9.945e-01  
5.275e-01  1.028e+00  
1.086e+00  3.537e-01  
4.748e-01  1.006e+00  
1.049e+00  6.880e-01  
1.105e+00  3.415e-01  
5.001e-01  1.010e+00  
1.276e+00  3.077e-01  
4.281e-01  1.029e+00  
1.103e+00  4.223e-01  
4.406e-01  1.090e+00  
1.049e+00  8.576e-01  
1.097e+00  7.441e-01  
5.078e-01  1.032e+00  
5.086e-01  1.040e+00  
1.221e+00  2.848e-01  
9.041e-01  1.005e+00  
6.934e-01  9.954e-01  
1.128e+00  3.686e-01  
8.145e-01  1.001e+00  
7.984e-01  9.939e-01  
9.055e-01  9.943e-01  
3.791e-01  1.162e+00  
1.058e+00  7.152e-01  
1.051e+00  7.475e-01  
2.966e-01  1.213e+00  
7.984e-01  9.939e-01  
6.934e-01  9.954e-01  
1.154e+00  3.091e-01  
1.087e+00  4.236e-01  
1.092e+00  5.592e-01  
1.151e+00  4.633e-01  
9.041e-01  1.005e+00  
7.437e-01  9.943e-01  
4.481e-01  1.023e+00  
1.053e+00  7.299e-01  
1.187e+00  3.301e-01  
1.088e+00  4.961e-01  
1.152e+00  3.052e-01  
4.760e-01  1.044e+00  
1.391e+00  1.798e-01  
3.706e-01  1.066e+00  
1.106e+00  3.415e-01  
1.110e+00  5.693e-01  
7.437e-01  9.943e-01  
1.098e+00  5.861e-01  
3.913e-01  1.091e+00  
1.049e+00  6.880e-01  
8.421e-01  9.958e-01  
1.099e+00  7.045e-01  
1.389e+00  1.647e-01  
1.129e+00  4.014e-01  
1.092e+00  5.592e-01  
4.683e-01  1.069e+00  
2.752e-01  1.750e+00  
4.429e-01  1.017e+00  
1.155e+00  3.011e-01  
9.823e-01  9.940e-01  
1.154e+00  3.091e-01  
2.809e-01  1.393e+00  
1.417e+00  1.325e-01  
1.088e+00  5.913e-01  
4.429e-01  1.017e+00  
1.163e+00  3.054e-01  
3.253e-01  1.199e+00  
1.390e+00  2.787e-01  
1.276e+00  3.077e-01  
3.253e-01  1.199e+00  
5.171e-01  1.031e+00  
9.353e-01  9.950e-01  
1.057e+00  9.216e-01  
1.387e+00  1.642e-01  
1.221e+00  3.281e-01  
4.281e-01  1.029e+00  
1.164e+00  3.118e-01  
1.102e+00  3.753e-01  
8.125e-01  1.006e+00  
1.047e+00  7.920e-01  
7.905e-01  1.001e+00  
1.049e+00  8.229e-01  
1.054e+00  6.706e-01  
5.157e-01  1.022e+00  
1.136e+00  3.498e-01  
4.293e-01  1.003e+00  
1.400e+00  2.105e-01  
7.612e-01  9.976e-01  
1.053e+00  8.326e-01  
9.055e-01  9.943e-01  
5.078e-01  1.032e+00  
5.078e-01  1.032e+00  
1.103e+00  7.552e-01  
1.103e+00  4.223e-01  
1.132e+00  3.557e-01  
8.125e-01  1.006e+00  
1.083e+00  4.176e-01  
1.116e+00  3.865e-01  
3.002e-01  1.233e+00  
1.163e+00  4.206e-01  
1.409e+00  2.147e-01  
4.406e-01  1.004e+00  
4.263e-01  1.184e+00  
7.950e-01  9.955e-01  
1.017e+00  9.963e-01  
5.001e-01  1.010e+00  
5.232e-01  1.040e+00  
7.612e-01  9.976e-01  
6.955e-01  9.965e-01  
1.050e+00  7.049e-01  
1.211e+00  4.153e-01  
3.511e-01  1.205e+00  
1.170e+00  3.232e-01  
1.061e+00  8.262e-01  
3.379e-01  1.273e+00  
3.663e-01  1.053e+00  
1.128e+00  3.686e-01  
5.322e-01  1.045e+00  
4.818e-01  1.006e+00  
6.943e-01  1.024e+00  
1.410e+00  1.495e-01  
1.404e+00  1.941e-01  
4.638e-01  1.011e+00  
1.417e+00  1.325e-01  
1.103e+00  4.223e-01  
5.001e-01  1.010e+00  
1.425e+00  1.651e-01  
5.630e-01  1.047e+00  
2.849e-01  1.272e+00  
1.539e+00  1.281e-01  
4.481e-01  1.023e+00  
3.846e-01  1.129e+00  
1.136e+00  3.498e-01  
1.390e+00  1.687e-01  
1.105e+00  3.415e-01  
1.388e+00  2.158e-01  
1.460e+00  1.561e-01  
3.558e-01  1.033e+00  
5.155e-01  1.085e+00  
1.159e+00  3.708e-01  
1.087e+00  4.236e-01  
1.433e+00  1.723e-01  
1.088e+00  5.913e-01  
1.187e+00  3.301e-01  
1.159e+00  3.000e-01  
1.411e+00  1.621e-01  
1.417e+00  1.325e-01  
2.975e-01  1.228e+00  
3.982e-01  1.080e+00  
1.164e+00  3.195e-01  
3.929e-01  1.030e+00  
1.389e+00  1.647e-01  
5.865e-01  1.006e+00  
3.739e-01  1.037e+00  
8.125e-01  1.006e+00  
3.846e-01  1.129e+00  
5.155e-01  1.085e+00  
2.849e-01  1.272e+00  
1.389e+00  1.647e-01  
1.433e+00  1.723e-01  
1.437e+00  1.422e-01  
3.638e-01  1.046e+00  
2.748e-01  1.912e+00  
1.276e+00  2.962e-01  
3.747e-01  1.099e+00  
1.433e+00  1.723e-01  
1.425e+00  1.651e-01  
1.390e+00  1.890e-01  
2.975e-01  1.228e+00  
1.471e+00  1.553e-01  
2.851e-01  1.224e+00  
1.501e+00  1.610e-01  
1.401e+00  1.782e-01  
3.810e-01  1.117e+00  
1.170e+00  3.232e-01  
1.787e+00  1.423e-01  
3.704e-01  1.105e+00  
1.456e+00  1.331e-01  
1.396e+00  1.768e-01  
1.154e+00  3.091e-01  
2.849e-01  1.272e+00  
1.389e+00  1.647e-01  
1.433e+00  1.723e-01  
1.460e+00  1.561e-01  
1.387e+00  1.479e-01  
7.612e-01  9.976e-01  
4.198e-01  1.034e+00  
1.389e+00  1.647e-01  
2.832e-01  1.235e+00  
3.791e-01  1.162e+00  
2.851e-01  1.224e+00  
1.187e+00  3.301e-01  
1.391e+00  2.882e-01  
3.816e-01  1.016e+00  
1.156e+00  3.041e-01  
1.460e+00  1.561e-01  
6.778e-01  1.014e+00  
4.293e-01  1.003e+00  
7.437e-01  9.943e-01  
1.087e+00  6.439e-01  
1.388e+00  2.158e-01  
2.975e-01  1.228e+00  
4.293e-01  1.003e+00  
1.425e+00  1.651e-01  
1.164e+00  3.118e-01  
3.002e-01  1.233e+00  
1.411e+00  1.621e-01  
1.087e+00  4.236e-01  
9.041e-01  1.005e+00  
1.408e+00  1.401e-01  
1.132e+00  3.557e-01  
1.168e+00  3.039e-01  
7.318e-01  9.973e-01  
7.018e-01  1.006e+00  
3.704e-01  1.105e+00  
3.223e-01  1.361e+00  
5.232e-01  1.040e+00  
5.283e-01  1.098e+00  
1.054e+00  6.706e-01  
1.088e+00  5.416e-01  
7.110e-01  1.000e+00  
1.168e+00  3.039e-01  
8.264e-01  9.951e-01  
1.089e+00  4.731e-01  
1.390e+00  1.898e-01  
3.913e-01  1.091e+00  
1.171e+00  3.506e-01  
6.943e-01  1.024e+00  
7.437e-01  9.943e-01  
1.410e+00  1.495e-01  
8.035e-01  9.949e-01  
4.900e-01  1.031e+00  
4.324e-01  1.042e+00  
6.855e-01  9.995e-01  
1.095e+00  4.061e-01  
4.032e-01  1.210e+00  
7.746e-01  9.960e-01  
1.417e+00  1.325e-01  
1.177e+00  3.200e-01  
5.322e-01  1.045e+00  
1.462e+00  1.451e-01  
4.544e-01  1.079e+00  
1.083e+00  4.176e-01  
1.050e+00  8.507e-01  
3.913e-01  1.091e+00  
1.095e+00  4.061e-01  
1.391e+00  1.933e-01  
1.408e+00  1.401e-01  
1.045e+00  6.900e-01  
2.882e-01  1.219e+00  
1.049e+00  8.229e-01  
7.318e-01  9.973e-01  
2.849e-01  1.272e+00  
3.982e-01  1.080e+00  
1.076e+00  6.880e-01  
1.128e+00  3.686e-01  
1.140e+00  5.245e-01  
2.834e-01  1.338e+00  
2.809e-01  1.393e+00  
1.047e+00  7.920e-01  
1.049e+00  6.880e-01  
1.086e+00  3.537e-01  
3.558e-01  1.033e+00  
1.055e+00  8.777e-01  
