1.244e-02  1.010e+00  
1.000e+00  1.060e-07  
4.353e-01  4.367e-01  
6.566e-01  2.373e-01  
2.111e-01  6.649e-01  
5.133e-01  3.361e-01  
8.656e-02  1.007e+00  
2.957e-01  5.158e-01  
9.072e-01  1.003e-01  
9.540e-01  3.683e-02  
3.605e-02  9.922e-01  
4.721e-01  3.989e-01  
6.364e-01  2.985e-01  
2.759e-01  5.766e-01  
3.858e-01  5.099e-01  
7.502e-01  1.819e-01  
1.442e-01  7.573e-01  
1.449e-01  7.511e-01  
5.959e-01  3.069e-01  
7.995e-01  1.433e-01  
2.925e-01  5.575e-01  
4.560e-01  4.019e-01  
4.230e-01  4.755e-01  
8.874e-01  9.215e-02  
5.219e-01  3.414e-01  
9.565e-01  2.878e-02  
1.852e-01  6.497e-01  
9.587e-03  1.000e+00  
3.349e-01  4.949e-01  
1.024e-01  1.000e+00  
6.271e-01  2.419e-01  
6.900e-01  1.976e-01  
1.883e-01  6.351e-01  
7.033e-01  1.827e-01  
9.508e-01  4.512e-02  
4.864e-02  9.973e-01  
2.907e-01  5.916e-01  
1.390e-01  8.068e-01  
7.689e-02  9.926e-01  
5.594e-01  3.250e-01  
3.858e-01  5.099e-01  
5.219e-01  3.414e-01  
3.399e-01  5.238e-01  
2.301e-01  6.077e-01  
1.467e-01  7.410e-01  
6.566e-01  2.373e-01  
4.971e-01  3.533e-01  
9.881e-01  6.787e-03  
4.882e-01  3.400e-01  
2.307e-01  6.467e-01  
4.353e-01  4.367e-01  
3.298e-01  5.530e-01  
1.153e-02  1.007e+00  
6.607e-01  2.746e-01  
2.111e-02  9.899e-01  
4.571e-01  4.578e-01  
6.381e-01  2.370e-01  
9.881e-01  6.787e-03  
2.111e-01  6.649e-01  
8.527e-01  1.021e-01  
8.304e-01  1.392e-01  
3.721e-01  5.239e-01  
8.036e-01  1.420e-01  
6.852e-01  1.988e-01  
1.642e-01  6.605e-01  
7.700e-01  1.605e-01  
9.208e-02  9.913e-01  
6.607e-01  2.746e-01  
4.668e-01  4.058e-01  
4.774e-01  4.036e-01  
7.341e-01  1.913e-01  
1.912e-01  6.680e-01  
6.036e-01  2.841e-01  
3.298e-01  5.530e-01  
4.571e-01  4.578e-01  
1.447e-01  7.376e-01  
1.390e-01  8.068e-01  
7.791e-01  1.484e-01  
5.233e-01  3.432e-01  
9.578e-01  4.232e-02  
5.615e-01  3.291e-01  
2.915e-01  5.735e-01  
4.119e-01  4.857e-01  
4.882e-01  3.400e-01  
3.070e-01  5.058e-01  
5.375e-01  3.362e-01  
1.539e-01  6.763e-01  
1.384e-02  9.927e-01  
3.308e-01  5.732e-01  
5.133e-01  3.361e-01  
2.939e-01  6.532e-01  
6.566e-01  2.373e-01  
9.565e-01  2.878e-02  
1.384e-02  9.927e-01  
8.527e-01  1.021e-01  
2.562e-01  6.444e-01  
4.252e-01  4.544e-01  
6.211e-01  2.912e-01  
2.925e-01  5.538e-01  
4.774e-01  4.036e-01  
2.173e-02  9.918e-01  
1.442e-01  7.573e-01  
4.864e-01  3.885e-01  
1.203e-01  9.884e-01  
6.446e-01  2.532e-01  
8.579e-01  1.314e-01  
5.522e-03  1.002e+00  
4.376e-01  4.189e-01  
6.409e-01  2.517e-01  
7.621e-01  1.869e-01  
3.519e-01  5.166e-01  
1.625e-01  7.051e-01  
2.886e-01  5.475e-01  
3.512e-01  5.085e-01  
3.069e-01  5.764e-01  
9.072e-01  1.003e-01  
1.447e-01  7.376e-01  
8.036e-01  1.420e-01  
7.689e-02  9.926e-01  
8.527e-01  1.021e-01  
9.841e-01  1.607e-02  
2.051e-01  6.224e-01  
9.190e-01  6.113e-02  
1.417e-01  6.699e-01  
6.838e-01  1.937e-01  
1.760e-02  1.132e+00  
9.152e-01  7.091e-02  
3.484e-01  5.325e-01  
1.000e+00  1.193e-07  
3.148e-01  5.433e-01  
9.024e-01  8.601e-02  
1.390e-01  8.068e-01  
1.539e-01  6.763e-01  
2.827e-02  9.911e-01  
9.680e-01  1.874e-02  
8.399e-01  1.113e-01  
9.680e-01  1.874e-02  
2.312e-01  6.096e-01  
7.608e-01  1.546e-01  
1.615e-01  8.546e-01  
2.315e-02  9.899e-01  
6.036e-01  2.841e-01  
6.381e-01  2.370e-01  
3.070e-01  5.058e-01  
3.713e-01  5.046e-01  
4.230e-01  4.755e-01  
2.054e-01  7.096e-01  
5.375e-01  3.362e-01  
1.449e-01  7.511e-01  
2.360e-01  6.805e-01  
3.069e-01  5.764e-01  
7.900e-01  1.608e-01  
3.131e-01  5.519e-01  
4.679e-01  3.902e-01  
1.875e-01  6.510e-01  
5.677e-01  3.410e-01  
1.543e-01  6.945e-01  
2.374e-01  6.693e-01  
4.606e-01  3.659e-01  
5.566e-01  3.602e-01  
6.566e-01  2.373e-01  
3.069e-01  5.764e-01  
5.594e-01  3.250e-01  
1.539e-01  6.763e-01  
4.119e-01  4.857e-01  
3.293e-01  5.138e-01  
3.495e-01  5.070e-01  
5.133e-01  3.361e-01  
9.565e-01  2.878e-02  
5.252e-01  3.471e-01  
4.553e-01  4.049e-01  
5.952e-01  2.590e-01  
5.522e-03  1.002e+00  
4.824e-01  3.405e-01  
4.864e-02  9.973e-01  
4.882e-01  3.400e-01  
1.419e-01  8.960e-01  
4.634e-01  4.145e-01  
3.605e-02  9.922e-01  
4.971e-01  3.533e-01  
6.512e-01  2.523e-01  
2.715e-01  5.662e-01  
4.175e-01  4.523e-01  
3.858e-01  5.099e-01  
8.258e-01  1.488e-01  
8.148e-01  1.736e-01  
2.214e-01  6.173e-01  
3.512e-01  5.085e-01  
5.408e-01  3.385e-01  
3.202e-01  5.032e-01  
4.721e-01  3.989e-01  
5.615e-01  3.291e-01  
4.553e-01  4.049e-01  
4.353e-01  4.367e-01  
9.344e-01  4.714e-02  
7.621e-01  1.869e-01  
3.228e-01  5.171e-01  
6.409e-01  2.517e-01  
3.511e-01  5.163e-01  
1.345e-01  7.357e-01  
5.327e-01  3.258e-01  
3.069e-01  5.764e-01  
4.230e-01  4.755e-01  
8.874e-01  9.215e-02  
2.760e-01  5.584e-01  
4.519e-01  4.097e-01  
4.687e-01  3.708e-01  
4.986e-02  9.895e-01  
7.369e-01  1.651e-01  
2.173e-02  9.918e-01  
9.190e-01  6.113e-02  
6.409e-01  2.517e-01  
6.948e-01  2.802e-01  
2.054e-01  7.096e-01  
4.571e-01  4.578e-01  
9.667e-01  5.746e-02  
7.341e-01  1.913e-01  
6.876e-01  2.271e-01  
7.033e-01  1.827e-01  
4.329e-02  9.976e-01  
2.374e-01  6.693e-01  
1.417e-01  6.699e-01  
1.342e-01  7.575e-01  
6.876e-01  2.271e-01  
9.795e-01  2.535e-02  
2.056e-01  6.818e-01  
1.421e-01  7.256e-01  
1.864e-01  7.352e-01  
3.298e-01  5.530e-01  
4.329e-02  9.976e-01  
7.791e-01  1.484e-01  
9.031e-01  8.076e-02  
5.522e-03  1.002e+00  
3.511e-01  5.163e-01  
6.409e-01  2.517e-01  
7.509e-01  1.861e-01  
3.484e-01  5.325e-01  
2.173e-02  9.918e-01  
7.689e-02  9.926e-01  
6.350e-01  2.828e-01  
1.902e-02  1.001e+00  
4.329e-02  9.976e-01  
9.031e-01  8.076e-02  
1.883e-01  6.351e-01  
8.542e-01  1.193e-01  
8.231e-01  1.497e-01  
2.312e-01  6.096e-01  
9.601e-01  3.625e-02  
2.981e-01  5.397e-01  
9.587e-03  1.000e+00  
8.304e-01  1.392e-01  
9.072e-01  1.003e-01  
4.986e-02  9.895e-01  
6.989e-01  2.139e-01  
9.183e-01  8.010e-02  
9.974e-01  3.233e-03  
9.680e-01  1.874e-02  
9.881e-01  6.787e-03  
2.811e-01  5.537e-01  
9.680e-01  2.729e-02  
7.806e-01  2.094e-01  
7.341e-01  1.913e-01  
8.304e-01  1.392e-01  
1.244e-02  1.010e+00  
4.553e-01  4.049e-01  
8.527e-01  1.021e-01  
7.650e-01  1.524e-01  
7.621e-01  1.869e-01  
4.015e-02  1.004e+00  
2.925e-01  5.538e-01  
5.718e-02  1.009e+00  
2.054e-01  7.096e-01  
4.864e-01  3.885e-01  
3.228e-01  5.171e-01  
3.131e-01  5.519e-01  
7.608e-01  1.546e-01  
4.329e-02  9.976e-01  
1.883e-01  6.351e-01  
6.752e-01  2.440e-01  
4.329e-02  9.976e-01  
9.208e-02  9.913e-01  
3.298e-01  5.530e-01  
6.350e-01  2.828e-01  
6.381e-01  2.370e-01  
2.051e-01  6.224e-01  
7.790e-03  9.932e-01  
8.874e-01  9.215e-02  
1.342e-01  7.575e-01  
7.790e-03  9.932e-01  
1.345e-01  7.357e-01  
5.594e-01  3.250e-01  
4.687e-01  3.708e-01  
3.605e-02  9.922e-01  
6.258e-01  2.845e-01  
6.729e-01  3.903e-01  
4.208e-01  4.355e-01  
4.119e-01  4.857e-01  
2.595e-01  6.034e-01  
6.752e-01  2.440e-01  
4.553e-01  4.049e-01  
2.052e-02  9.953e-01  
3.883e-01  5.189e-01  
6.409e-01  2.517e-01  
5.408e-01  3.385e-01  
4.230e-01  4.755e-01  
4.971e-01  3.624e-01  
2.817e-02  1.007e+00  
3.713e-01  5.046e-01  
4.824e-01  3.432e-01  
4.354e-01  4.535e-01  
1.390e-01  8.068e-01  
2.527e-01  6.686e-01  
4.864e-01  3.885e-01  
7.332e-01  1.721e-01  
1.447e-01  7.376e-01  
4.499e-01  3.938e-01  
5.522e-01  3.269e-01  
6.258e-01  2.845e-01  
3.298e-01  5.530e-01  
5.219e-01  3.414e-01  
5.615e-01  3.291e-01  
5.408e-01  3.385e-01  
2.760e-01  5.584e-01  
8.542e-01  1.193e-01  
2.925e-01  5.538e-01  
1.390e-01  8.068e-01  
9.031e-01  8.076e-02  
6.607e-01  2.746e-01  
6.261e-01  2.471e-01  
1.402e-01  7.738e-01  
4.634e-01  4.145e-01  
4.571e-01  4.578e-01  
4.230e-01  4.755e-01  
1.421e-01  7.256e-01  
2.374e-01  6.693e-01  
3.858e-01  5.099e-01  
5.900e-01  3.130e-01  
8.649e-01  9.939e-02  
3.511e-01  5.163e-01  
3.069e-01  5.764e-01  
6.752e-01  2.440e-01  
2.939e-01  6.532e-01  
4.721e-01  3.989e-01  
5.677e-01  3.410e-01  
2.312e-01  6.096e-01  
8.036e-01  1.420e-01  
1.417e-01  6.699e-01  
5.408e-01  3.385e-01  
1.718e-01  6.611e-01  
4.353e-01  4.367e-01  
5.233e-01  3.432e-01  
1.615e-01  8.546e-01  
2.009e-01  6.671e-01  
8.036e-01  1.420e-01  
3.148e-01  5.433e-01  
3.601e-01  5.347e-01  
6.148e-01  3.002e-01  
3.399e-01  5.238e-01  
3.572e-01  5.188e-01  
4.119e-01  4.857e-01  
9.208e-02  9.913e-01  
4.249e-01  4.416e-01  
4.571e-01  4.578e-01  
2.315e-02  9.899e-01  
3.858e-01  5.099e-01  
2.715e-01  5.662e-01  
7.900e-01  1.608e-01  
5.594e-01  3.250e-01  
5.594e-01  3.250e-01  
6.350e-01  2.628e-01  
3.511e-01  5.163e-01  
2.808e-01  5.322e-01  
2.715e-01  5.662e-01  
4.971e-01  3.624e-01  
6.271e-01  2.419e-01  
5.178e-01  3.291e-01  
7.621e-01  1.869e-01  
2.307e-01  6.467e-01  
9.770e-01  1.358e-02  
2.111e-02  9.899e-01  
5.705e-01  3.254e-01  
5.219e-01  3.414e-01  
3.148e-01  5.433e-01  
5.233e-01  3.432e-01  
2.173e-02  9.918e-01  
4.721e-01  3.989e-01  
3.202e-01  5.032e-01  
5.566e-01  3.602e-01  
9.680e-01  1.874e-02  
6.566e-01  2.373e-01  
5.677e-01  3.410e-01  
1.543e-01  6.945e-01  
4.864e-02  9.973e-01  
2.989e-01  5.641e-01  
7.995e-01  1.433e-01  
3.148e-01  5.433e-01  
8.148e-01  1.736e-01  
1.244e-02  1.010e+00  
9.810e-01  1.669e-02  
5.566e-01  3.602e-01  
1.883e-01  6.351e-01  
6.989e-01  2.139e-01  
4.329e-02  9.976e-01  
8.399e-01  1.113e-01  
8.231e-01  1.497e-01  
4.986e-02  9.895e-01  
2.715e-01  5.662e-01  
3.713e-01  5.046e-01  
4.353e-01  4.367e-01  
8.649e-01  9.939e-02  
7.791e-01  1.484e-01  
1.447e-01  7.376e-01  
7.376e-01  1.853e-01  
6.910e-01  1.963e-01  
3.070e-01  5.058e-01  
4.634e-01  4.145e-01  
2.808e-01  5.322e-01  
4.614e-01  4.240e-01  
4.533e-01  3.620e-01  
2.111e-01  6.649e-01  
6.852e-01  1.988e-01  
2.374e-01  6.693e-01  
9.068e-01  9.115e-02  
2.981e-01  5.397e-01  
4.329e-01  3.995e-01  
3.742e-01  5.077e-01  
1.518e-01  6.760e-01  
1.912e-01  6.680e-01  
4.971e-01  3.533e-01  
6.471e-01  2.823e-01  
6.900e-01  1.976e-01  
3.601e-01  5.347e-01  
6.607e-01  2.746e-01  
6.350e-01  2.628e-01  
4.986e-02  9.895e-01  
6.876e-01  2.271e-01  
8.874e-01  9.215e-02  
1.816e-01  7.121e-01  
1.558e-01  6.929e-01  
2.981e-01  5.397e-01  
4.463e-01  4.318e-01  
2.100e-01  6.708e-01  
1.883e-01  6.351e-01  
3.228e-01  5.171e-01  
2.925e-01  5.538e-01  
4.774e-01  4.036e-01  
6.876e-01  2.271e-01  
2.211e-02  9.919e-01  
7.650e-01  1.524e-01  
4.259e-01  4.327e-01  
2.211e-02  9.919e-01  
1.292e-01  7.437e-01  
6.769e-01  2.139e-01  
2.374e-01  6.693e-01  
1.615e-01  8.546e-01  
2.715e-01  5.662e-01  
9.565e-01  2.878e-02  
9.031e-01  8.076e-02  
2.759e-01  5.766e-01  
1.005e+00  2.284e-02  
5.252e-01  3.471e-01  
2.811e-01  5.537e-01  
9.031e-01  8.076e-02  
2.054e-01  7.096e-01  
2.173e-02  9.918e-01  
1.000e+00  4.745e-04  
1.962e-01  6.795e-01  
1.442e-01  7.573e-01  
6.876e-01  2.271e-01  
9.399e-01  5.710e-02  
6.564e-01  2.375e-01  
8.542e-01  1.193e-01  
9.565e-01  2.878e-02  
1.864e-01  7.352e-01  
1.543e-01  6.945e-01  
6.769e-01  2.139e-01  
6.372e-01  2.952e-01  
9.770e-01  1.358e-02  
5.594e-01  3.250e-01  
6.731e-01  2.314e-01  
7.426e-01  1.574e-01  
9.556e-01  5.712e-02  
9.770e-01  1.358e-02  
5.478e-03  9.919e-01  
1.447e-01  7.376e-01  
7.219e-01  2.060e-01  
2.173e-02  9.918e-01  
8.542e-01  1.193e-01  
2.301e-01  6.077e-01  
1.397e-02  9.947e-01  
3.148e-01  5.433e-01  
1.447e-01  7.376e-01  
1.883e-01  6.351e-01  
1.384e-02  9.927e-01  
8.542e-01  1.193e-01  
9.152e-01  7.091e-02  
9.795e-01  2.535e-02  
8.893e-02  9.911e-01  
5.522e-03  1.002e+00  
8.165e-01  1.279e-01  
8.656e-02  1.007e+00  
1.005e+00  2.284e-02  
9.680e-01  1.874e-02  
9.576e-01  3.373e-02  
1.244e-02  1.010e+00  
9.680e-01  2.729e-02  
5.240e-03  1.001e+00  
1.000e+00  1.060e-07  
9.556e-01  5.712e-02  
4.986e-02  9.895e-01  
7.621e-01  1.869e-01  
1.000e+00  4.745e-04  
1.390e-01  8.068e-01  
9.881e-01  6.787e-03  
9.601e-01  3.625e-02  
7.791e-01  1.484e-01  
1.820e-02  9.983e-01  
8.742e-01  9.283e-02  
9.031e-01  8.076e-02  
9.680e-01  1.874e-02  
9.576e-01  3.373e-02  
3.364e-01  5.356e-01  
1.428e-01  8.504e-01  
9.524e-01  4.569e-02  
1.900e-02  9.917e-01  
1.426e-01  8.391e-01  
2.817e-02  1.007e+00  
6.876e-01  2.271e-01  
8.542e-01  1.193e-01  
1.024e-01  1.000e+00  
7.208e-01  1.736e-01  
9.881e-01  6.787e-03  
2.236e-01  6.081e-01  
2.730e-01  6.694e-01  
3.070e-01  5.058e-01  
5.133e-01  3.361e-01  
9.072e-01  1.003e-01  
1.244e-02  1.010e+00  
1.865e-01  6.432e-01  
9.183e-01  8.010e-02  
7.332e-01  1.721e-01  
2.211e-02  9.919e-01  
9.968e-01  1.119e-02  
5.065e-01  3.316e-01  
3.713e-01  5.046e-01  
9.770e-01  1.358e-02  
6.945e-01  1.961e-01  
7.208e-01  1.736e-01  
3.228e-01  5.171e-01  
2.759e-01  5.766e-01  
8.656e-02  1.007e+00  
2.502e-02  9.963e-01  
1.962e-01  6.795e-01  
2.069e-01  6.384e-01  
4.687e-01  3.708e-01  
5.252e-01  3.471e-01  
3.713e-01  5.046e-01  
8.304e-01  1.392e-01  
3.506e-01  5.132e-01  
4.882e-01  3.400e-01  
8.447e-01  1.212e-01  
3.605e-02  9.922e-01  
6.900e-01  1.976e-01  
3.069e-01  5.764e-01  
3.148e-01  5.433e-01  
9.540e-01  3.683e-02  
4.230e-01  4.755e-01  
1.345e-01  7.357e-01  
2.759e-01  5.766e-01  
3.111e-01  5.683e-01  
6.223e-01  2.952e-01  
1.537e-01  6.790e-01  
3.349e-01  4.949e-01  
9.810e-01  1.669e-02  
7.033e-01  1.827e-01  
2.715e-01  5.662e-01  
9.839e-01  1.024e-02  
1.417e-01  6.699e-01  
5.178e-01  3.291e-01  
4.230e-01  4.755e-01  
1.543e-01  6.945e-01  
6.350e-01  2.828e-01  
9.601e-01  3.625e-02  
9.369e-01  4.356e-02  
4.571e-01  4.578e-01  
9.208e-02  9.913e-01  
4.230e-01  4.755e-01  
3.298e-01  5.530e-01  
8.447e-03  1.002e+00  
1.402e-01  7.738e-01  
4.882e-01  3.400e-01  
6.769e-01  2.139e-01  
5.522e-01  3.269e-01  
9.587e-03  1.000e+00  
3.133e-03  1.003e+00  
4.329e-01  3.995e-01  
4.634e-01  4.145e-01  
6.381e-01  2.370e-01  
1.730e-01  6.954e-01  
4.329e-01  3.995e-01  
