6.355e-02  1.111e+00  
1.115e+00  4.918e-02  
6.843e-01  7.449e-01  
9.901e-01  2.158e-01  
3.428e-01  1.040e+00  
8.307e-01  4.475e-01  
1.465e-01  1.046e+00  
4.953e-01  8.707e-01  
1.002e+00  1.843e-01  
1.095e+00  1.046e-01  
6.846e-02  1.102e+00  
7.402e-01  5.839e-01  
8.430e-01  4.575e-01  
4.638e-01  9.192e-01  
5.667e-01  8.186e-01  
9.867e-01  2.444e-01  
1.394e-01  1.048e+00  
1.315e-01  1.048e+00  
8.260e-01  4.531e-01  
9.901e-01  2.195e-01  
4.999e-01  9.046e-01  
7.071e-01  6.237e-01  
6.799e-01  7.839e-01  
1.041e+00  1.387e-01  
7.754e-01  5.655e-01  
1.095e+00  6.929e-02  
4.267e-01  9.174e-01  
5.888e-02  1.100e+00  
5.224e-01  8.570e-01  
6.661e-02  1.102e+00  
8.722e-01  4.047e-01  
9.887e-01  2.381e-01  
1.218e-01  1.047e+00  
9.887e-01  2.381e-01  
1.090e+00  5.201e-02  
6.709e-02  1.098e+00  
4.558e-01  9.164e-01  
1.336e-01  1.048e+00  
1.404e-01  1.045e+00  
8.420e-01  4.293e-01  
6.799e-01  7.839e-01  
8.439e-01  4.328e-01  
5.521e-01  8.374e-01  
4.003e-01  9.347e-01  
1.715e-01  1.047e+00  
8.722e-01  4.047e-01  
7.468e-01  5.786e-01  
1.048e+00  1.197e-01  
7.028e-01  6.325e-01  
3.600e-01  9.961e-01  
6.843e-01  7.449e-01  
4.638e-01  9.192e-01  
7.575e-02  1.131e+00  
8.343e-01  4.346e-01  
4.544e-02  1.100e+00  
6.954e-01  6.583e-01  
9.985e-01  2.213e-01  
1.115e+00  4.918e-02  
1.394e-01  1.048e+00  
1.012e+00  1.606e-01  
1.027e+00  1.558e-01  
5.667e-01  8.186e-01  
9.875e-01  2.406e-01  
9.867e-01  2.444e-01  
1.321e-01  1.047e+00  
9.927e-01  2.318e-01  
1.501e-01  1.046e+00  
8.522e-01  4.168e-01  
7.005e-01  6.474e-01  
6.843e-01  7.449e-01  
1.012e+00  2.336e-01  
1.320e-01  1.046e+00  
8.308e-01  4.696e-01  
4.938e-01  8.762e-01  
6.885e-01  6.828e-01  
1.315e-01  1.048e+00  
1.522e-01  1.046e+00  
9.887e-01  2.681e-01  
8.243e-01  4.814e-01  
1.095e+00  1.046e-01  
8.430e-01  4.575e-01  
4.953e-01  8.707e-01  
6.799e-01  7.839e-01  
8.240e-01  5.694e-01  
5.923e-01  8.125e-01  
8.437e-01  4.323e-01  
1.352e-01  1.048e+00  
7.069e-02  1.099e+00  
5.667e-01  8.186e-01  
8.534e-01  4.225e-01  
1.194e-01  1.049e+00  
9.959e-01  2.547e-01  
1.110e+00  8.439e-02  
7.245e-02  1.101e+00  
1.001e+00  1.753e-01  
4.609e-01  1.005e+00  
6.885e-01  7.009e-01  
8.522e-01  4.168e-01  
4.178e-01  9.260e-01  
7.107e-01  6.208e-01  
1.098e-01  1.050e+00  
8.548e-02  1.105e+00  
6.843e-01  7.449e-01  
1.260e-01  1.046e+00  
9.959e-01  2.547e-01  
1.027e+00  1.558e-01  
7.575e-02  1.131e+00  
6.914e-01  6.720e-01  
9.933e-01  2.364e-01  
9.875e-01  2.406e-01  
6.075e-01  8.104e-01  
1.218e-01  1.047e+00  
4.945e-01  8.842e-01  
5.716e-01  8.242e-01  
4.267e-01  9.174e-01  
1.021e+00  1.500e-01  
1.509e-01  1.049e+00  
9.950e-01  2.176e-01  
5.529e-02  1.101e+00  
1.002e+00  1.843e-01  
1.102e+00  6.875e-02  
3.428e-01  1.040e+00  
1.145e+00  1.028e-01  
1.472e-01  1.048e+00  
9.914e-01  2.898e-01  
4.523e-02  1.151e+00  
1.047e+00  1.071e-01  
5.224e-01  8.570e-01  
1.119e+00  5.164e-02  
4.926e-01  8.955e-01  
1.002e+00  1.843e-01  
1.401e-01  1.049e+00  
1.315e-01  1.048e+00  
1.523e-01  1.051e+00  
1.121e+00  4.940e-02  
1.021e+00  1.500e-01  
1.117e+00  5.577e-02  
3.859e-01  9.542e-01  
9.887e-01  2.681e-01  
3.734e-01  1.048e+00  
6.901e-02  1.100e+00  
8.420e-01  4.293e-01  
1.044e+00  9.241e-02  
4.938e-01  8.762e-01  
6.358e-01  8.086e-01  
6.892e-01  6.912e-01  
3.611e-01  9.982e-01  
8.338e-01  4.443e-01  
1.350e-01  1.046e+00  
4.106e-01  9.335e-01  
4.926e-01  8.955e-01  
1.044e+00  9.241e-02  
4.990e-01  8.788e-01  
7.078e-01  6.382e-01  
1.269e-01  1.048e+00  
8.420e-01  4.293e-01  
1.274e-01  1.045e+00  
3.826e-01  9.713e-01  
7.078e-01  6.382e-01  
8.415e-01  4.307e-01  
8.343e-01  4.346e-01  
4.638e-01  9.192e-01  
8.304e-01  4.445e-01  
1.352e-01  1.048e+00  
6.785e-01  7.627e-01  
5.292e-01  8.480e-01  
6.358e-01  8.086e-01  
8.290e-01  5.480e-01  
1.092e+00  7.510e-02  
8.480e-01  4.138e-01  
6.967e-01  6.616e-01  
8.478e-01  4.418e-01  
4.931e-02  1.118e+00  
7.549e-01  5.795e-01  
4.668e-02  1.100e+00  
8.437e-01  4.323e-01  
1.288e-01  1.045e+00  
6.885e-01  6.828e-01  
1.401e-01  1.049e+00  
7.078e-01  6.382e-01  
9.870e-01  2.298e-01  
4.926e-01  8.955e-01  
6.949e-01  7.360e-01  
6.785e-01  7.627e-01  
9.975e-01  1.822e-01  
9.880e-01  2.544e-01  
3.809e-01  1.050e+00  
5.641e-01  8.286e-01  
8.534e-01  4.225e-01  
5.224e-01  8.570e-01  
7.183e-01  6.143e-01  
8.307e-01  4.475e-01  
6.955e-01  6.685e-01  
6.952e-01  6.522e-01  
1.101e+00  9.624e-02  
9.908e-01  2.248e-01  
5.716e-01  8.242e-01  
9.092e-01  3.744e-01  
5.716e-01  8.242e-01  
1.336e-01  1.048e+00  
8.307e-01  4.475e-01  
4.638e-01  9.192e-01  
7.028e-01  6.325e-01  
1.047e+00  1.071e-01  
4.926e-01  8.955e-01  
8.308e-01  4.696e-01  
7.402e-01  5.839e-01  
7.130e-02  1.098e+00  
1.017e+00  1.652e-01  
6.464e-02  1.098e+00  
1.047e+00  1.071e-01  
8.343e-01  4.346e-01  
8.343e-01  4.346e-01  
1.394e-01  1.048e+00  
6.952e-01  6.522e-01  
1.145e+00  1.028e-01  
9.908e-01  2.248e-01  
1.041e+00  1.123e-01  
9.947e-01  3.036e-01  
1.449e-01  1.050e+00  
3.650e-01  9.980e-01  
1.315e-01  1.048e+00  
1.509e-01  1.049e+00  
9.925e-01  1.964e-01  
1.095e+00  6.929e-02  
1.472e-01  1.048e+00  
1.554e-01  1.047e+00  
1.269e-01  1.048e+00  
4.660e-01  9.221e-01  
7.575e-02  1.131e+00  
9.975e-01  1.822e-01  
1.017e+00  1.652e-01  
4.294e-02  1.128e+00  
5.641e-01  8.286e-01  
9.907e-01  2.465e-01  
9.907e-01  2.465e-01  
4.999e-01  9.046e-01  
6.459e-02  1.101e+00  
1.303e-01  1.053e+00  
8.560e-01  4.061e-01  
4.663e-02  1.106e+00  
7.069e-02  1.099e+00  
1.031e+00  1.441e-01  
1.432e-01  1.047e+00  
9.941e-01  1.944e-01  
9.908e-01  2.248e-01  
3.803e-01  1.033e+00  
1.095e+00  1.046e-01  
4.178e-01  9.260e-01  
7.575e-02  1.131e+00  
9.940e-01  1.960e-01  
1.003e+00  1.705e-01  
7.245e-02  1.101e+00  
9.925e-01  1.964e-01  
1.047e+00  1.071e-01  
1.115e+00  4.918e-02  
1.092e+00  7.510e-02  
1.105e+00  5.865e-02  
3.780e-01  9.746e-01  
1.095e+00  6.929e-02  
1.044e+00  9.241e-02  
9.870e-01  2.298e-01  
1.002e+00  1.843e-01  
6.460e-02  1.150e+00  
6.974e-01  6.525e-01  
1.012e+00  1.606e-01  
9.901e-01  2.195e-01  
9.875e-01  2.406e-01  
7.245e-02  1.101e+00  
4.638e-01  9.192e-01  
6.661e-02  1.102e+00  
1.281e-01  1.049e+00  
6.949e-01  7.360e-01  
5.628e-01  8.301e-01  
5.208e-01  8.507e-01  
9.899e-01  2.361e-01  
1.465e-01  1.046e+00  
1.602e-01  1.047e+00  
9.896e-01  2.420e-01  
6.709e-02  1.098e+00  
1.490e-01  1.047e+00  
1.345e-01  1.049e+00  
8.635e-01  4.171e-01  
9.907e-01  2.465e-01  
1.345e-01  1.049e+00  
4.574e-02  1.112e+00  
1.026e+00  1.357e-01  
1.501e-01  1.046e+00  
7.084e-02  1.136e+00  
1.509e-01  1.049e+00  
8.437e-01  4.323e-01  
7.909e-01  5.743e-01  
7.084e-02  1.136e+00  
8.560e-01  4.061e-01  
8.534e-01  4.225e-01  
6.358e-01  8.086e-01  
6.952e-01  6.522e-01  
4.609e-01  1.005e+00  
8.427e-01  4.515e-01  
6.885e-01  7.009e-01  
5.529e-02  1.101e+00  
6.075e-01  8.104e-01  
8.722e-01  4.047e-01  
8.240e-01  5.694e-01  
5.224e-01  8.570e-01  
7.491e-01  5.781e-01  
7.130e-02  1.098e+00  
6.075e-01  8.104e-01  
7.754e-01  5.655e-01  
6.914e-01  6.720e-01  
1.382e-01  1.049e+00  
4.130e-01  9.305e-01  
7.294e-01  6.130e-01  
9.870e-01  2.298e-01  
1.604e-01  1.047e+00  
7.294e-01  6.130e-01  
8.439e-01  4.328e-01  
8.343e-01  4.346e-01  
4.203e-01  9.614e-01  
8.437e-01  4.323e-01  
8.295e-01  5.118e-01  
8.569e-01  4.408e-01  
4.594e-01  9.160e-01  
9.934e-01  1.797e-01  
4.999e-01  9.046e-01  
1.715e-01  1.047e+00  
9.950e-01  2.176e-01  
8.661e-01  3.941e-01  
8.722e-01  4.047e-01  
1.274e-01  1.045e+00  
7.055e-01  6.265e-01  
6.952e-01  6.522e-01  
6.914e-01  6.720e-01  
1.465e-01  1.046e+00  
1.269e-01  1.048e+00  
5.518e-01  8.413e-01  
8.231e-01  4.753e-01  
1.047e+00  1.071e-01  
6.949e-01  7.360e-01  
4.130e-01  9.305e-01  
9.963e-01  2.032e-01  
4.226e-01  9.209e-01  
7.183e-01  6.143e-01  
8.307e-01  4.475e-01  
3.428e-01  1.040e+00  
9.975e-01  1.822e-01  
1.218e-01  1.047e+00  
8.295e-01  5.118e-01  
1.432e-01  1.047e+00  
6.914e-01  6.720e-01  
6.952e-01  6.522e-01  
1.715e-01  1.047e+00  
3.452e-01  1.065e+00  
9.950e-01  2.176e-01  
5.885e-01  8.159e-01  
5.207e-01  8.536e-01  
8.534e-01  4.225e-01  
5.518e-01  8.413e-01  
5.502e-01  8.335e-01  
6.179e-01  8.116e-01  
1.465e-01  1.046e+00  
6.954e-01  6.583e-01  
6.885e-01  6.828e-01  
6.024e-02  1.102e+00  
6.075e-01  8.104e-01  
5.237e-01  8.535e-01  
9.870e-01  2.569e-01  
8.295e-01  5.118e-01  
8.430e-01  4.575e-01  
8.722e-01  4.047e-01  
5.641e-01  8.286e-01  
5.095e-01  8.563e-01  
4.178e-01  9.260e-01  
7.549e-01  5.795e-01  
9.870e-01  2.298e-01  
8.439e-01  4.328e-01  
9.870e-01  2.569e-01  
1.472e-01  1.048e+00  
1.041e+00  1.229e-01  
1.401e-01  1.049e+00  
8.420e-01  4.293e-01  
7.758e-01  5.628e-01  
4.926e-01  8.955e-01  
7.927e-01  5.585e-01  
1.509e-01  1.049e+00  
7.080e-01  6.221e-01  
5.641e-01  8.286e-01  
7.468e-01  5.786e-01  
1.087e+00  1.279e-01  
9.907e-01  2.465e-01  
8.480e-01  4.138e-01  
1.394e-01  1.048e+00  
4.523e-02  1.151e+00  
5.031e-01  8.897e-01  
9.889e-01  2.207e-01  
5.716e-01  8.242e-01  
1.002e+00  1.843e-01  
4.685e-02  1.110e+00  
1.117e+00  5.577e-02  
8.290e-01  5.480e-01  
4.195e-01  9.409e-01  
1.041e+00  1.123e-01  
6.067e-02  1.102e+00  
9.975e-01  1.822e-01  
9.950e-01  2.176e-01  
5.529e-02  1.101e+00  
4.638e-01  9.192e-01  
6.179e-01  8.116e-01  
7.028e-01  6.325e-01  
1.052e+00  9.871e-02  
9.870e-01  2.569e-01  
1.394e-01  1.048e+00  
9.896e-01  2.420e-01  
9.867e-01  2.444e-01  
5.224e-01  8.570e-01  
7.040e-01  6.331e-01  
4.957e-01  9.099e-01  
6.954e-01  6.583e-01  
7.468e-01  5.786e-01  
3.575e-01  1.031e+00  
9.887e-01  2.381e-01  
3.600e-01  9.961e-01  
1.041e+00  1.269e-01  
5.015e-01  8.625e-01  
6.952e-01  6.522e-01  
6.358e-01  8.086e-01  
1.545e-01  1.048e+00  
1.715e-01  1.047e+00  
8.480e-01  4.138e-01  
8.661e-01  3.941e-01  
9.927e-01  2.318e-01  
4.999e-01  9.046e-01  
8.522e-01  4.168e-01  
8.307e-01  4.475e-01  
7.069e-02  1.099e+00  
9.907e-01  2.465e-01  
1.002e+00  1.843e-01  
1.315e-01  1.048e+00  
1.715e-01  1.047e+00  
4.990e-01  8.788e-01  
6.966e-01  6.635e-01  
1.407e-01  1.047e+00  
1.715e-01  1.047e+00  
5.224e-01  8.570e-01  
4.926e-01  8.955e-01  
8.480e-01  4.138e-01  
8.722e-01  4.047e-01  
4.544e-02  1.100e+00  
9.975e-01  1.822e-01  
6.984e-01  7.235e-01  
8.548e-02  1.105e+00  
1.509e-01  1.049e+00  
9.927e-01  2.318e-01  
4.031e-01  9.460e-01  
1.545e-01  1.048e+00  
4.558e-01  9.164e-01  
1.090e+00  5.201e-02  
1.041e+00  1.387e-01  
4.130e-01  9.305e-01  
1.114e+00  5.381e-02  
8.240e-01  5.694e-01  
4.178e-01  9.260e-01  
1.027e+00  1.558e-01  
1.472e-01  1.048e+00  
7.575e-02  1.131e+00  
1.119e+00  5.164e-02  
3.498e-01  1.026e+00  
1.218e-01  1.047e+00  
9.870e-01  2.298e-01  
1.083e+00  6.396e-02  
8.308e-01  4.696e-01  
1.027e+00  1.558e-01  
1.072e+00  8.259e-02  
1.503e-01  1.048e+00  
1.507e-01  1.047e+00  
9.984e-01  3.300e-01  
8.439e-01  4.328e-01  
1.128e+00  5.693e-02  
8.307e-01  4.475e-01  
9.870e-01  2.298e-01  
9.895e-01  2.514e-01  
1.095e+00  1.046e-01  
1.139e+00  5.020e-02  
6.661e-02  1.102e+00  
1.352e-01  1.048e+00  
9.880e-01  2.544e-01  
1.303e-01  1.053e+00  
9.975e-01  1.822e-01  
9.768e-02  1.050e+00  
6.024e-02  1.102e+00  
5.207e-01  8.536e-01  
1.504e-01  1.047e+00  
1.472e-01  1.048e+00  
5.836e-02  1.099e+00  
1.058e+00  1.380e-01  
1.048e+00  1.197e-01  
1.109e+00  7.226e-02  
1.401e-01  1.049e+00  
4.523e-02  1.151e+00  
1.017e+00  1.652e-01  
8.548e-02  1.105e+00  
1.117e+00  5.577e-02  
1.105e+00  5.865e-02  
1.145e+00  1.028e-01  
7.575e-02  1.131e+00  
1.109e+00  7.226e-02  
5.311e-02  1.102e+00  
1.105e+00  5.865e-02  
1.088e+00  6.900e-02  
1.382e-01  1.045e+00  
9.867e-01  2.444e-01  
1.117e+00  4.985e-02  
1.382e-01  1.045e+00  
1.092e+00  7.510e-02  
1.091e+00  1.035e-01  
9.880e-01  2.544e-01  
4.544e-02  1.100e+00  
1.012e+00  1.606e-01  
1.105e+00  5.865e-02  
1.128e+00  5.693e-02  
1.109e+00  7.226e-02  
5.457e-01  8.390e-01  
1.465e-01  1.046e+00  
1.041e+00  1.229e-01  
6.709e-02  1.098e+00  
1.522e-01  1.046e+00  
7.084e-02  1.136e+00  
9.867e-01  2.444e-01  
9.941e-01  1.944e-01  
1.534e-01  1.045e+00  
1.044e+00  9.241e-02  
1.117e+00  5.577e-02  
4.178e-01  9.260e-01  
4.178e-01  9.260e-01  
5.207e-01  8.536e-01  
8.059e-01  5.544e-01  
1.017e+00  1.652e-01  
6.460e-02  1.150e+00  
1.269e-01  1.048e+00  
1.034e+00  1.046e-01  
9.907e-01  2.465e-01  
1.310e-01  1.046e+00  
1.128e+00  5.693e-02  
8.338e-01  4.443e-01  
5.667e-01  8.186e-01  
1.113e+00  5.027e-02  
9.896e-01  2.420e-01  
9.901e-01  2.158e-01  
5.237e-01  8.535e-01  
3.780e-01  9.746e-01  
1.404e-01  1.045e+00  
6.464e-02  1.098e+00  
1.472e-01  1.048e+00  
1.345e-01  1.049e+00  
8.480e-01  4.138e-01  
8.240e-01  5.694e-01  
6.799e-01  7.839e-01  
1.041e+00  1.387e-01  
5.667e-01  8.186e-01  
7.705e-01  5.625e-01  
1.025e+00  1.534e-01  
1.383e-01  1.046e+00  
9.875e-01  2.406e-01  
4.990e-01  8.788e-01  
4.999e-01  9.046e-01  
1.105e+00  5.865e-02  
6.334e-01  8.037e-01  
1.321e-01  1.047e+00  
4.938e-01  8.762e-01  
5.098e-01  8.728e-01  
8.534e-01  4.225e-01  
1.545e-01  1.048e+00  
6.179e-01  8.116e-01  
1.113e+00  5.027e-02  
9.927e-01  2.318e-01  
4.609e-01  1.005e+00  
1.117e+00  5.577e-02  
1.554e-01  1.047e+00  
8.534e-01  4.225e-01  
6.949e-01  7.360e-01  
1.260e-01  1.046e+00  
8.412e-01  4.304e-01  
1.070e+00  9.187e-02  
1.117e+00  5.577e-02  
6.914e-01  6.720e-01  
5.529e-02  1.101e+00  
6.966e-01  6.635e-01  
4.953e-01  8.707e-01  
4.946e-02  1.102e+00  
1.509e-01  1.049e+00  
7.491e-01  5.781e-01  
1.044e+00  9.241e-02  
8.415e-01  4.307e-01  
6.460e-02  1.150e+00  
6.460e-02  1.150e+00  
6.998e-01  6.405e-01  
7.028e-01  6.325e-01  
1.041e+00  1.123e-01  
1.269e-01  1.048e+00  
6.961e-01  6.697e-01  
