4.173e-02  1.147e+00  
1.155e+00  4.141e-02  
6.949e-01  7.029e-01  
9.126e-01  3.284e-01  
1.161e-01  1.046e+00  
9.282e-01  3.029e-01  
1.306e-01  1.045e+00  
5.950e-01  7.717e-01  
1.031e+00  1.466e-01  
1.042e+00  8.898e-02  
9.618e-02  1.052e+00  
7.591e-01  5.765e-01  
8.968e-01  3.634e-01  
4.413e-01  9.741e-01  
5.869e-01  7.711e-01  
1.046e+00  9.497e-02  
8.563e-02  1.053e+00  
1.306e-01  1.045e+00  
8.683e-01  4.256e-01  
1.032e+00  1.419e-01  
5.311e-01  1.025e+00  
7.196e-01  6.242e-01  
5.669e-01  7.880e-01  
1.032e+00  1.346e-01  
7.791e-01  5.599e-01  
1.116e+00  7.191e-02  
1.161e-01  1.046e+00  
4.472e-02  1.161e+00  
5.566e-01  8.082e-01  
1.182e-01  1.047e+00  
8.968e-01  3.634e-01  
9.500e-01  2.818e-01  
1.549e-01  1.046e+00  
9.394e-01  3.095e-01  
1.054e+00  8.347e-02  
3.966e-02  1.145e+00  
4.178e-01  9.506e-01  
1.383e-01  1.042e+00  
1.377e-01  1.043e+00  
8.683e-01  4.256e-01  
6.184e-01  7.564e-01  
7.720e-01  5.624e-01  
5.419e-01  8.344e-01  
4.155e-01  9.892e-01  
1.468e-01  1.044e+00  
9.126e-01  3.284e-01  
7.555e-01  5.759e-01  
1.034e+00  1.234e-01  
7.945e-01  7.135e-01  
3.912e-01  1.024e+00  
6.819e-01  7.371e-01  
5.256e-01  9.068e-01  
4.588e-02  1.158e+00  
8.680e-01  4.243e-01  
1.189e-01  1.043e+00  
7.305e-01  5.929e-01  
8.782e-01  3.811e-01  
1.183e+00  5.667e-02  
1.180e-01  1.051e+00  
1.031e+00  1.466e-01  
9.394e-01  3.095e-01  
5.814e-01  7.920e-01  
1.038e+00  1.489e-01  
1.038e+00  1.489e-01  
1.390e-01  1.045e+00  
1.046e+00  9.345e-02  
9.689e-02  1.047e+00  
8.946e-01  3.644e-01  
7.034e-01  6.485e-01  
7.352e-01  5.906e-01  
9.672e-01  2.784e-01  
1.549e-01  1.046e+00  
8.633e-01  4.487e-01  
5.265e-01  8.729e-01  
6.986e-01  6.769e-01  
1.362e-01  1.043e+00  
1.377e-01  1.043e+00  
9.562e-01  2.973e-01  
8.680e-01  4.243e-01  
1.042e+00  8.898e-02  
8.581e-01  4.724e-01  
5.242e-01  9.450e-01  
6.267e-01  7.516e-01  
7.603e-01  5.723e-01  
6.060e-01  7.602e-01  
7.950e-01  5.479e-01  
1.190e-01  1.044e+00  
4.588e-02  1.158e+00  
5.659e-01  7.958e-01  
7.603e-01  5.723e-01  
3.154e-01  1.014e+00  
9.231e-01  3.442e-01  
1.120e+00  6.346e-02  
4.588e-02  1.158e+00  
1.032e+00  1.419e-01  
1.241e-01  1.045e+00  
6.564e-01  7.426e-01  
8.713e-01  4.241e-01  
4.680e-01  9.330e-01  
7.352e-01  5.906e-01  
1.051e-01  1.050e+00  
1.161e-01  1.046e+00  
7.318e-01  6.026e-01  
1.383e-01  1.042e+00  
8.720e-01  4.093e-01  
9.394e-01  3.095e-01  
4.462e-02  1.161e+00  
7.023e-01  6.726e-01  
8.968e-01  3.634e-01  
9.453e-01  3.000e-01  
5.659e-01  7.958e-01  
1.241e-01  1.045e+00  
4.815e-01  9.235e-01  
5.566e-01  8.082e-01  
4.178e-01  9.506e-01  
1.041e+00  9.824e-02  
1.438e-01  1.043e+00  
9.394e-01  3.095e-01  
1.342e-01  1.044e+00  
1.032e+00  1.346e-01  
1.144e+00  5.099e-02  
1.510e-01  1.043e+00  
1.041e+00  9.824e-02  
1.255e-01  1.045e+00  
9.262e-01  3.195e-01  
3.496e-02  1.148e+00  
1.041e+00  9.824e-02  
5.390e-01  8.400e-01  
1.129e+00  4.613e-02  
5.407e-01  8.517e-01  
1.044e+00  9.330e-02  
1.543e-01  1.044e+00  
1.356e-01  1.043e+00  
1.422e-01  1.042e+00  
1.104e+00  5.699e-02  
1.028e+00  1.596e-01  
1.149e+00  4.373e-02  
1.241e-01  1.045e+00  
9.734e-01  2.728e-01  
1.241e-01  1.045e+00  
4.173e-02  1.147e+00  
8.968e-01  3.634e-01  
9.126e-01  3.284e-01  
5.407e-01  8.517e-01  
5.985e-01  7.724e-01  
7.555e-01  5.762e-01  
1.325e-01  1.043e+00  
7.603e-01  5.723e-01  
1.427e-01  1.045e+00  
4.044e-01  1.011e+00  
4.649e-01  9.248e-01  
1.046e+00  9.345e-02  
5.345e-01  8.752e-01  
7.127e-01  6.284e-01  
1.525e-01  1.050e+00  
8.633e-01  4.487e-01  
1.356e-01  1.043e+00  
4.044e-01  1.011e+00  
7.555e-01  5.762e-01  
8.606e-01  4.790e-01  
9.250e-01  3.082e-01  
4.315e-01  9.368e-01  
8.910e-01  3.779e-01  
1.462e-01  1.044e+00  
6.379e-01  7.451e-01  
5.492e-01  8.252e-01  
6.024e-01  7.689e-01  
7.591e-01  5.765e-01  
1.106e+00  8.473e-02  
7.603e-01  5.723e-01  
7.001e-01  6.751e-01  
8.946e-01  3.644e-01  
3.986e-02  1.143e+00  
7.352e-01  5.906e-01  
3.966e-02  1.145e+00  
8.638e-01  4.501e-01  
1.554e-01  1.042e+00  
7.352e-01  5.906e-01  
1.554e-01  1.042e+00  
7.591e-01  5.765e-01  
8.961e-01  3.511e-01  
5.311e-01  1.025e+00  
5.985e-01  7.724e-01  
6.267e-01  7.516e-01  
1.030e+00  1.377e-01  
9.016e-01  3.426e-01  
3.912e-01  1.024e+00  
6.171e-01  7.552e-01  
7.729e-01  5.648e-01  
5.761e-01  7.864e-01  
7.153e-01  6.231e-01  
9.720e-01  6.143e-01  
6.986e-01  6.769e-01  
6.819e-01  7.371e-01  
1.072e+00  9.055e-02  
9.453e-01  3.000e-01  
5.753e-01  7.862e-01  
8.873e-01  3.714e-01  
5.566e-01  8.082e-01  
1.189e-01  1.043e+00  
8.636e-01  4.520e-01  
3.154e-01  1.014e+00  
7.179e-01  6.150e-01  
1.032e+00  1.278e-01  
4.649e-01  9.248e-01  
8.660e-01  4.184e-01  
7.472e-01  5.837e-01  
1.189e-01  1.043e+00  
9.016e-01  3.426e-01  
4.462e-02  1.161e+00  
1.046e+00  1.071e-01  
8.782e-01  3.811e-01  
8.713e-01  4.241e-01  
1.390e-01  1.045e+00  
7.945e-01  7.135e-01  
1.042e+00  8.898e-02  
9.562e-01  2.973e-01  
9.250e-01  3.082e-01  
9.250e-01  3.082e-01  
1.189e-01  1.043e+00  
1.549e-01  1.046e+00  
1.525e-01  1.051e+00  
1.297e-01  1.042e+00  
9.231e-01  3.442e-01  
1.121e+00  6.401e-02  
1.600e-01  1.043e+00  
1.525e-01  1.051e+00  
1.273e-01  1.044e+00  
4.155e-01  9.892e-01  
5.402e-02  1.152e+00  
1.027e+00  2.181e-01  
1.032e+00  1.419e-01  
4.622e-02  1.159e+00  
5.419e-01  8.344e-01  
9.500e-01  2.818e-01  
9.562e-01  2.973e-01  
5.419e-01  8.344e-01  
4.653e-02  1.156e+00  
1.399e-01  1.042e+00  
8.720e-01  4.093e-01  
4.622e-02  1.159e+00  
1.088e-01  1.045e+00  
1.032e+00  1.381e-01  
1.390e-01  1.063e+00  
1.035e+00  1.199e-01  
9.403e-01  2.970e-01  
4.155e-01  9.892e-01  
1.046e+00  1.064e-01  
4.413e-01  9.741e-01  
4.622e-02  1.159e+00  
9.403e-01  2.970e-01  
1.031e+00  1.483e-01  
9.510e-02  1.048e+00  
9.126e-01  3.284e-01  
1.032e+00  1.278e-01  
1.155e+00  4.251e-02  
1.072e+00  7.650e-02  
1.155e+00  4.251e-02  
4.372e-01  9.163e-01  
1.183e+00  5.667e-02  
9.385e-01  2.963e-01  
9.431e-01  2.912e-01  
1.030e+00  1.466e-01  
4.173e-02  1.147e+00  
7.055e-01  6.479e-01  
1.032e+00  1.419e-01  
9.016e-01  3.426e-01  
1.046e+00  9.345e-02  
4.588e-02  1.158e+00  
5.242e-01  9.450e-01  
9.195e-02  1.051e+00  
1.549e-01  1.046e+00  
7.055e-01  6.479e-01  
5.538e-01  8.176e-01  
5.351e-01  8.612e-01  
1.027e+00  2.181e-01  
1.387e-01  1.042e+00  
1.510e-01  1.043e+00  
8.968e-01  3.634e-01  
1.182e-01  1.047e+00  
7.834e-02  1.175e+00  
4.054e-01  1.002e+00  
8.697e-01  4.111e-01  
9.250e-01  3.082e-01  
1.252e-01  1.043e+00  
3.986e-02  1.143e+00  
1.034e+00  1.234e-01  
1.190e-01  1.044e+00  
3.966e-02  1.145e+00  
1.189e-01  1.043e+00  
8.654e-01  4.410e-01  
7.305e-01  5.929e-01  
1.471e-01  1.044e+00  
8.697e-01  4.111e-01  
8.660e-01  4.184e-01  
6.171e-01  7.552e-01  
5.669e-01  7.880e-01  
4.155e-01  9.892e-01  
8.636e-01  4.520e-01  
6.966e-01  6.891e-01  
4.174e-02  1.150e+00  
5.931e-01  7.765e-01  
8.968e-01  3.634e-01  
7.555e-01  5.759e-01  
5.669e-01  7.880e-01  
7.603e-01  5.723e-01  
4.173e-02  1.147e+00  
5.814e-01  7.920e-01  
7.595e-01  5.884e-01  
6.986e-01  6.769e-01  
1.614e-01  1.051e+00  
4.109e-01  1.004e+00  
7.200e-01  6.197e-01  
9.734e-01  2.728e-01  
1.422e-01  1.042e+00  
7.201e-01  6.237e-01  
8.654e-01  4.410e-01  
8.657e-01  4.239e-01  
3.154e-01  1.014e+00  
7.956e-01  5.494e-01  
8.654e-01  4.410e-01  
8.606e-01  4.586e-01  
4.674e-01  9.175e-01  
1.035e+00  1.199e-01  
5.008e-01  9.167e-01  
1.615e-01  1.042e+00  
1.035e+00  1.199e-01  
8.807e-01  3.833e-01  
8.968e-01  3.634e-01  
1.554e-01  1.042e+00  
7.091e-01  6.705e-01  
6.913e-01  7.327e-01  
6.819e-01  7.371e-01  
1.356e-01  1.043e+00  
4.025e-01  1.004e+00  
5.814e-01  7.920e-01  
8.581e-01  4.724e-01  
1.030e+00  1.377e-01  
6.184e-01  7.564e-01  
4.012e-01  1.022e+00  
8.946e-01  3.644e-01  
3.996e-01  9.843e-01  
7.318e-01  6.026e-01  
8.683e-01  4.256e-01  
3.912e-01  1.024e+00  
1.032e+00  1.419e-01  
1.356e-01  1.043e+00  
8.986e-01  3.352e-01  
3.154e-01  1.014e+00  
6.986e-01  6.769e-01  
7.318e-01  6.026e-01  
1.510e-01  1.043e+00  
1.252e-01  1.043e+00  
1.034e+00  1.619e-01  
5.985e-01  7.724e-01  
5.737e-01  7.877e-01  
8.680e-01  4.243e-01  
5.950e-01  7.717e-01  
5.675e-01  8.065e-01  
6.267e-01  7.516e-01  
1.161e-01  1.046e+00  
6.982e-01  6.745e-01  
6.171e-01  7.552e-01  
3.966e-02  1.145e+00  
6.096e-01  7.606e-01  
5.293e-01  9.018e-01  
1.037e+00  1.559e-01  
8.636e-01  4.520e-01  
8.910e-01  3.779e-01  
8.968e-01  3.634e-01  
5.753e-01  7.862e-01  
5.950e-01  7.717e-01  
4.198e-01  9.360e-01  
7.368e-01  5.940e-01  
9.672e-01  2.830e-01  
7.791e-01  5.599e-01  
9.453e-01  3.000e-01  
1.306e-01  1.045e+00  
1.046e+00  1.071e-01  
1.387e-01  1.043e+00  
8.654e-01  4.410e-01  
7.603e-01  5.723e-01  
5.407e-01  8.517e-01  
7.555e-01  5.759e-01  
1.496e-01  1.042e+00  
7.555e-01  5.759e-01  
5.675e-01  8.065e-01  
7.591e-01  5.765e-01  
1.036e+00  1.225e-01  
9.453e-01  3.000e-01  
8.606e-01  4.790e-01  
1.180e-01  1.044e+00  
3.966e-02  1.145e+00  
5.249e-01  9.214e-01  
1.027e+00  2.181e-01  
6.379e-01  7.451e-01  
1.027e+00  2.181e-01  
3.911e-02  1.147e+00  
1.104e+00  5.699e-02  
7.555e-01  5.759e-01  
4.315e-01  9.368e-01  
9.562e-01  2.973e-01  
4.588e-02  1.158e+00  
1.028e+00  1.596e-01  
1.038e+00  1.489e-01  
9.618e-02  1.052e+00  
4.647e-01  9.249e-01  
6.184e-01  7.564e-01  
6.706e-01  7.398e-01  
1.047e+00  8.517e-02  
9.453e-01  3.000e-01  
1.390e-01  1.045e+00  
9.672e-01  2.784e-01  
9.262e-01  3.195e-01  
5.390e-01  8.400e-01  
7.196e-01  6.255e-01  
5.256e-01  9.068e-01  
6.993e-01  6.702e-01  
7.715e-01  5.644e-01  
1.272e-01  1.043e+00  
9.453e-01  3.000e-01  
1.525e-01  1.051e+00  
1.030e+00  1.377e-01  
5.277e-01  8.687e-01  
7.091e-01  6.705e-01  
5.985e-01  7.724e-01  
1.455e-01  1.044e+00  
1.190e-01  1.044e+00  
7.356e-01  5.901e-01  
8.910e-01  3.779e-01  
9.262e-01  3.195e-01  
5.566e-01  8.082e-01  
8.680e-01  4.243e-01  
8.782e-01  3.811e-01  
3.838e-02  1.141e+00  
9.250e-01  3.082e-01  
1.038e+00  1.057e-01  
1.549e-01  1.046e+00  
1.438e-01  1.043e+00  
5.390e-01  8.400e-01  
6.819e-01  7.371e-01  
1.301e-01  1.044e+00  
1.510e-01  1.043e+00  
5.566e-01  8.082e-01  
5.256e-01  9.068e-01  
7.352e-01  5.906e-01  
9.067e-01  3.312e-01  
1.182e-01  1.047e+00  
1.034e+00  1.619e-01  
5.669e-01  7.880e-01  
9.510e-02  1.048e+00  
1.189e-01  1.043e+00  
9.054e-01  3.274e-01  
3.996e-01  9.843e-01  
1.471e-01  1.044e+00  
4.649e-01  9.248e-01  
1.042e+00  8.898e-02  
1.028e+00  1.596e-01  
4.315e-01  9.368e-01  
1.147e+00  5.507e-02  
7.968e-01  5.482e-01  
4.413e-01  9.741e-01  
1.160e+00  1.130e-01  
1.600e-01  1.043e+00  
5.402e-02  1.152e+00  
1.171e+00  4.789e-02  
3.154e-01  1.014e+00  
1.471e-01  1.044e+00  
9.756e-01  2.759e-01  
1.049e+00  9.551e-02  
9.672e-01  2.830e-01  
1.032e+00  1.723e-01  
1.042e+00  8.898e-02  
1.525e-01  1.051e+00  
1.600e-01  1.043e+00  
8.968e-01  3.634e-01  
8.713e-01  4.241e-01  
1.058e+00  8.395e-02  
7.689e-01  5.696e-01  
9.176e-01  3.334e-01  
1.036e+00  1.324e-01  
1.051e+00  1.001e-01  
1.171e+00  4.789e-02  
8.172e-02  1.174e+00  
1.252e-01  1.043e+00  
9.284e-01  3.008e-01  
1.471e-01  1.044e+00  
1.046e+00  9.345e-02  
4.178e-01  9.506e-01  
7.834e-02  1.175e+00  
5.345e-01  8.752e-01  
1.377e-01  1.043e+00  
1.525e-01  1.051e+00  
5.402e-02  1.152e+00  
1.028e+00  1.596e-01  
1.038e+00  1.057e-01  
1.144e+00  5.099e-02  
1.182e-01  1.047e+00  
4.588e-02  1.158e+00  
1.034e+00  1.619e-01  
1.431e-01  1.044e+00  
1.160e+00  1.130e-01  
1.043e+00  8.417e-02  
1.046e+00  1.064e-01  
4.472e-02  1.161e+00  
1.153e+00  4.283e-02  
3.986e-02  1.143e+00  
1.153e+00  4.283e-02  
1.041e+00  9.824e-02  
1.431e-01  1.044e+00  
9.763e-01  2.673e-01  
1.144e+00  5.099e-02  
1.161e-01  1.046e+00  
1.104e+00  5.699e-02  
1.106e+00  8.473e-02  
1.016e+00  2.505e-01  
5.152e-02  1.163e+00  
1.032e+00  1.346e-01  
1.041e+00  9.824e-02  
1.144e+00  5.099e-02  
1.153e+00  4.283e-02  
5.566e-01  8.082e-01  
1.543e-01  1.044e+00  
1.038e+00  1.156e-01  
7.834e-02  1.175e+00  
1.427e-01  1.045e+00  
4.622e-02  1.159e+00  
9.176e-01  3.334e-01  
1.034e+00  1.234e-01  
1.387e-01  1.043e+00  
1.016e+00  2.505e-01  
1.141e+00  4.618e-02  
4.178e-01  9.506e-01  
4.315e-01  9.368e-01  
5.265e-01  8.729e-01  
7.950e-01  5.479e-01  
1.035e+00  1.199e-01  
3.838e-02  1.141e+00  
3.154e-01  1.014e+00  
1.045e+00  9.452e-02  
1.046e+00  9.345e-02  
1.377e-01  1.043e+00  
1.146e+00  7.280e-02  
8.654e-01  4.410e-01  
5.985e-01  7.724e-01  
1.144e+00  5.099e-02  
9.284e-01  3.008e-01  
9.500e-01  2.818e-01  
5.351e-01  8.612e-01  
4.476e-01  9.310e-01  
1.383e-01  1.042e+00  
4.173e-02  1.147e+00  
1.600e-01  1.043e+00  
1.510e-01  1.043e+00  
7.555e-01  5.762e-01  
7.956e-01  5.494e-01  
6.171e-01  7.552e-01  
9.403e-01  2.970e-01  
5.603e-01  8.029e-01  
7.807e-01  5.515e-01  
1.030e+00  1.549e-01  
1.377e-01  1.043e+00  
9.562e-01  2.973e-01  
5.256e-01  9.068e-01  
5.317e-01  8.836e-01  
1.047e+00  8.517e-02  
5.985e-01  7.724e-01  
1.390e-01  1.045e+00  
4.649e-01  9.248e-01  
5.950e-01  7.717e-01  
8.713e-01  4.241e-01  
1.306e-01  1.045e+00  
6.104e-01  7.582e-01  
1.147e+00  5.507e-02  
9.562e-01  2.973e-01  
4.178e-01  9.506e-01  
1.123e+00  6.298e-02  
1.471e-01  1.044e+00  
7.939e-01  5.422e-01  
5.814e-01  7.920e-01  
1.306e-01  1.045e+00  
8.657e-01  4.239e-01  
1.045e+00  9.812e-02  
1.042e+00  8.898e-02  
6.986e-01  6.769e-01  
8.172e-02  1.174e+00  
7.555e-01  5.762e-01  
5.950e-01  7.717e-01  
3.986e-02  1.143e+00  
1.377e-01  1.043e+00  
7.555e-01  5.762e-01  
9.016e-01  3.426e-01  
8.946e-01  3.644e-01  
3.986e-02  1.143e+00  
3.986e-02  1.143e+00  
7.055e-01  6.479e-01  
7.352e-01  5.906e-01  
9.176e-01  3.334e-01  
1.255e-01  1.045e+00  
7.091e-01  6.705e-01  
