5.817e-04  1.031e+00  
1.009e+00  1.379e-02  
4.250e-01  4.201e-01  
6.890e-01  2.292e-01  
2.039e-01  6.100e-01  
5.544e-01  3.002e-01  
1.025e-01  7.867e-01  
3.082e-01  5.046e-01  
8.641e-01  1.165e-01  
9.999e-01  4.551e-02  
5.249e-03  9.998e-01  
4.708e-01  3.700e-01  
6.026e-01  2.816e-01  
2.631e-01  5.816e-01  
3.973e-01  4.908e-01  
7.978e-01  1.777e-01  
1.163e-01  7.134e-01  
1.360e-01  7.592e-01  
5.860e-01  3.019e-01  
8.990e-01  1.105e-01  
2.961e-01  5.491e-01  
4.708e-01  3.700e-01  
3.702e-01  4.430e-01  
9.136e-01  6.802e-02  
5.521e-01  3.782e-01  
9.926e-01  1.712e-02  
2.180e-01  6.042e-01  
3.638e-03  9.999e-01  
3.571e-01  5.021e-01  
9.645e-02  8.124e-01  
6.549e-01  2.566e-01  
6.720e-01  1.932e-01  
1.877e-01  6.437e-01  
7.337e-01  1.813e-01  
9.775e-01  2.731e-02  
9.945e-03  1.000e+00  
2.937e-01  5.325e-01  
1.086e-01  7.251e-01  
9.398e-02  7.851e-01  
5.860e-01  3.019e-01  
3.856e-01  4.473e-01  
5.293e-01  3.214e-01  
3.300e-01  5.346e-01  
2.469e-01  5.899e-01  
1.336e-01  6.939e-01  
6.779e-01  2.467e-01  
4.974e-01  3.562e-01  
9.667e-01  7.489e-02  
4.518e-01  3.694e-01  
2.348e-01  5.677e-01  
3.705e-01  4.684e-01  
2.925e-01  5.004e-01  
9.945e-03  1.000e+00  
5.860e-01  3.019e-01  
7.112e-02  8.068e-01  
4.159e-01  4.849e-01  
6.216e-01  2.673e-01  
1.006e+00  8.434e-03  
1.774e-01  6.988e-01  
8.716e-01  9.136e-02  
8.615e-01  1.376e-01  
3.973e-01  4.908e-01  
7.930e-01  1.322e-01  
6.956e-01  2.195e-01  
1.609e-01  7.267e-01  
7.729e-01  1.653e-01  
8.373e-02  7.851e-01  
6.779e-01  2.467e-01  
4.364e-01  3.954e-01  
4.341e-01  3.968e-01  
7.264e-01  1.908e-01  
2.320e-01  7.163e-01  
5.727e-01  3.095e-01  
3.201e-01  5.456e-01  
3.636e-01  4.525e-01  
1.336e-01  6.939e-01  
1.062e-01  7.398e-01  
7.663e-01  1.739e-01  
5.667e-01  3.153e-01  
9.473e-01  4.424e-02  
5.876e-01  3.330e-01  
2.961e-01  5.491e-01  
3.636e-01  4.525e-01  
5.545e-01  3.662e-01  
3.705e-01  4.684e-01  
5.532e-01  3.553e-01  
1.261e-01  7.179e-01  
9.852e-03  9.999e-01  
3.305e-01  4.587e-01  
5.293e-01  3.214e-01  
1.834e-01  6.351e-01  
6.779e-01  2.467e-01  
9.938e-01  2.106e-02  
2.250e-02  9.997e-01  
8.666e-01  1.161e-01  
2.645e-01  6.092e-01  
3.571e-01  4.489e-01  
6.026e-01  2.816e-01  
2.645e-01  6.092e-01  
4.974e-01  3.562e-01  
2.250e-02  9.997e-01  
1.253e-01  6.944e-01  
5.855e-01  3.356e-01  
1.009e-01  8.015e-01  
6.139e-01  2.629e-01  
8.890e-01  1.099e-01  
9.852e-03  9.999e-01  
5.172e-01  3.761e-01  
6.549e-01  2.566e-01  
7.443e-01  1.978e-01  
3.636e-01  4.525e-01  
2.056e-01  7.237e-01  
3.219e-01  5.591e-01  
3.359e-01  4.724e-01  
2.414e-01  6.276e-01  
8.994e-01  9.815e-02  
1.335e-01  6.946e-01  
8.394e-01  1.105e-01  
9.945e-03  1.000e+00  
8.666e-01  1.161e-01  
9.934e-01  1.199e-02  
1.551e-01  6.317e-01  
9.455e-01  6.815e-02  
1.163e-01  7.134e-01  
6.677e-01  2.226e-01  
6.885e-03  9.999e-01  
9.988e-01  4.250e-02  
3.459e-01  4.928e-01  
1.005e+00  2.336e-02  
3.459e-01  4.928e-01  
9.455e-01  6.815e-02  
1.062e-01  7.398e-01  
1.062e-01  7.398e-01  
8.451e-02  7.900e-01  
9.946e-01  1.789e-02  
8.641e-01  1.165e-01  
1.000e+00  9.049e-06  
2.180e-01  6.042e-01  
7.171e-01  1.792e-01  
2.241e-01  6.637e-01  
3.880e-03  9.999e-01  
5.727e-01  3.095e-01  
6.549e-01  2.566e-01  
3.219e-01  5.591e-01  
3.599e-01  4.788e-01  
3.571e-01  4.489e-01  
1.551e-01  6.317e-01  
4.548e-01  3.540e-01  
1.025e-01  7.867e-01  
2.332e-01  5.866e-01  
3.219e-01  5.591e-01  
7.755e-01  1.702e-01  
3.121e-01  5.305e-01  
4.341e-01  3.968e-01  
1.623e-01  6.760e-01  
5.803e-01  3.103e-01  
1.650e-01  7.597e-01  
2.180e-01  6.042e-01  
5.187e-01  3.890e-01  
5.860e-01  3.019e-01  
6.216e-01  2.673e-01  
3.321e-01  5.752e-01  
5.860e-01  3.019e-01  
1.650e-01  7.597e-01  
3.793e-01  4.547e-01  
3.252e-01  4.841e-01  
3.341e-01  4.548e-01  
5.545e-01  3.662e-01  
9.473e-01  4.424e-02  
5.353e-01  3.191e-01  
3.907e-01  4.214e-01  
5.803e-01  3.103e-01  
6.885e-03  9.999e-01  
5.250e-01  3.921e-01  
9.945e-03  1.000e+00  
5.293e-01  3.214e-01  
1.107e-01  7.781e-01  
4.134e-01  4.550e-01  
1.128e-01  7.828e-01  
5.250e-01  3.921e-01  
6.470e-01  2.360e-01  
2.710e-01  5.556e-01  
3.997e-01  4.409e-01  
4.461e-01  4.189e-01  
8.002e-01  1.407e-01  
7.700e-01  1.568e-01  
2.238e-01  6.008e-01  
3.793e-01  4.547e-01  
4.974e-01  3.562e-01  
3.793e-01  4.547e-01  
4.827e-01  4.296e-01  
5.855e-01  3.356e-01  
3.849e-01  4.222e-01  
4.116e-01  4.289e-01  
9.988e-01  4.250e-02  
8.052e-01  2.288e-01  
3.636e-01  4.525e-01  
6.677e-01  2.226e-01  
3.383e-01  4.868e-01  
1.360e-01  7.592e-01  
5.379e-01  3.367e-01  
2.569e-01  6.041e-01  
4.364e-01  3.954e-01  
9.014e-01  9.071e-02  
2.937e-01  5.325e-01  
6.026e-01  2.816e-01  
4.548e-01  3.540e-01  
8.655e-02  8.200e-01  
7.729e-01  1.653e-01  
7.658e-03  9.998e-01  
9.251e-01  5.367e-02  
6.956e-01  2.195e-01  
6.599e-01  2.951e-01  
1.579e-01  6.524e-01  
5.250e-01  3.921e-01  
9.473e-01  4.424e-02  
7.566e-01  2.014e-01  
7.103e-01  2.361e-01  
7.438e-01  2.015e-01  
9.645e-02  8.124e-01  
2.258e-01  6.619e-01  
1.829e-01  7.409e-01  
1.555e-01  7.758e-01  
6.579e-01  2.197e-01  
9.926e-01  1.712e-02  
1.163e-01  7.134e-01  
1.277e-01  7.008e-01  
1.594e-01  6.558e-01  
3.219e-01  5.591e-01  
1.128e-01  7.828e-01  
7.947e-01  1.407e-01  
8.666e-01  1.161e-01  
3.880e-03  9.999e-01  
3.305e-01  4.587e-01  
6.956e-01  2.195e-01  
7.443e-01  1.978e-01  
3.264e-01  5.045e-01  
1.371e-02  9.999e-01  
9.767e-02  8.123e-01  
6.369e-01  2.667e-01  
9.852e-03  9.999e-01  
7.630e-02  9.497e-01  
8.716e-01  9.136e-02  
1.428e-01  6.647e-01  
8.452e-01  1.310e-01  
7.994e-01  1.668e-01  
2.180e-01  6.042e-01  
9.317e-01  6.326e-02  
2.645e-01  6.092e-01  
7.658e-03  9.998e-01  
8.230e-01  1.416e-01  
8.890e-01  1.099e-01  
1.056e-02  9.998e-01  
7.140e-01  2.193e-01  
8.921e-01  8.148e-02  
1.009e+00  1.379e-02  
1.006e+00  8.434e-03  
1.000e+00  9.049e-06  
2.645e-01  6.092e-01  
9.999e-01  4.551e-02  
7.438e-01  2.015e-01  
7.185e-01  2.064e-01  
8.027e-01  1.300e-01  
2.057e-02  9.999e-01  
4.336e-01  4.567e-01  
8.394e-01  1.105e-01  
8.353e-01  1.672e-01  
7.663e-01  1.739e-01  
8.962e-03  1.002e+00  
2.961e-01  5.491e-01  
8.962e-03  1.002e+00  
1.544e-01  6.481e-01  
5.248e-01  4.222e-01  
3.359e-01  4.724e-01  
3.264e-01  5.045e-01  
7.755e-01  1.702e-01  
1.025e-01  7.867e-01  
1.626e-01  7.330e-01  
7.103e-01  2.361e-01  
9.645e-02  8.124e-01  
9.656e-02  8.773e-01  
2.238e-01  6.008e-01  
6.195e-01  2.696e-01  
5.860e-01  3.019e-01  
2.238e-01  6.008e-01  
1.137e-03  9.999e-01  
8.716e-01  9.136e-02  
1.277e-01  7.008e-01  
6.885e-03  9.999e-01  
1.336e-01  6.939e-01  
5.734e-01  2.992e-01  
5.250e-01  3.921e-01  
9.398e-02  7.851e-01  
6.195e-01  2.696e-01  
5.940e-01  2.957e-01  
3.705e-01  4.684e-01  
3.997e-01  4.409e-01  
2.546e-01  5.402e-01  
6.549e-01  2.566e-01  
4.000e-01  4.522e-01  
2.089e-02  9.998e-01  
3.557e-01  4.552e-01  
6.369e-01  2.667e-01  
5.172e-01  3.761e-01  
3.571e-01  4.489e-01  
4.714e-01  3.466e-01  
9.945e-03  1.000e+00  
3.973e-01  4.908e-01  
4.974e-01  3.562e-01  
3.973e-01  4.908e-01  
1.128e-01  7.828e-01  
2.415e-01  6.337e-01  
4.430e-01  3.924e-01  
7.663e-01  1.739e-01  
1.128e-01  7.828e-01  
4.364e-01  3.954e-01  
5.803e-01  3.103e-01  
6.195e-01  2.696e-01  
2.469e-01  5.899e-01  
5.293e-01  3.214e-01  
5.734e-01  2.992e-01  
5.602e-01  3.173e-01  
2.645e-01  6.092e-01  
8.491e-01  1.133e-01  
3.201e-01  5.456e-01  
1.281e-01  7.088e-01  
9.014e-01  9.071e-02  
6.258e-01  2.615e-01  
6.195e-01  2.696e-01  
1.211e-01  7.433e-01  
4.323e-01  4.234e-01  
3.705e-01  4.684e-01  
3.856e-01  4.473e-01  
1.335e-01  6.946e-01  
2.238e-01  6.008e-01  
3.636e-01  4.525e-01  
5.855e-01  3.356e-01  
8.517e-01  9.984e-02  
3.793e-01  4.547e-01  
2.310e-01  6.128e-01  
6.614e-01  2.226e-01  
2.645e-01  6.092e-01  
4.518e-01  3.694e-01  
5.803e-01  3.103e-01  
2.348e-01  5.677e-01  
7.947e-01  1.407e-01  
1.609e-01  7.267e-01  
5.532e-01  3.553e-01  
1.877e-01  6.437e-01  
4.302e-01  4.166e-01  
4.592e-01  3.508e-01  
1.829e-01  7.409e-01  
2.071e-01  6.056e-01  
8.230e-01  1.416e-01  
3.459e-01  4.928e-01  
3.257e-01  5.059e-01  
5.879e-01  2.970e-01  
3.628e-01  5.515e-01  
3.264e-01  5.045e-01  
3.633e-01  4.563e-01  
8.420e-02  7.909e-01  
3.973e-01  4.908e-01  
3.907e-01  4.214e-01  
1.600e-02  9.997e-01  
3.597e-01  4.678e-01  
3.171e-01  5.351e-01  
8.396e-01  1.663e-01  
5.544e-01  3.002e-01  
5.734e-01  2.992e-01  
6.195e-01  2.696e-01  
3.599e-01  4.788e-01  
3.201e-01  5.456e-01  
2.844e-01  5.659e-01  
5.172e-01  3.761e-01  
6.549e-01  2.566e-01  
4.974e-01  3.562e-01  
7.337e-01  1.813e-01  
2.180e-01  6.042e-01  
9.455e-01  6.815e-02  
9.645e-02  8.124e-01  
6.023e-01  3.235e-01  
5.855e-01  3.356e-01  
3.793e-01  4.547e-01  
5.293e-01  3.214e-01  
1.034e-01  7.306e-01  
4.341e-01  3.968e-01  
3.459e-01  4.928e-01  
4.708e-01  3.700e-01  
9.136e-01  6.802e-02  
6.618e-01  2.352e-01  
5.544e-01  3.002e-01  
1.261e-01  7.179e-01  
8.874e-03  1.269e+00  
3.219e-01  5.591e-01  
7.930e-01  1.411e-01  
3.571e-01  4.489e-01  
8.666e-01  1.161e-01  
3.880e-03  9.999e-01  
9.956e-01  1.238e-02  
5.545e-01  3.662e-01  
3.321e-01  5.752e-01  
6.956e-01  2.195e-01  
2.057e-02  9.999e-01  
8.394e-01  1.105e-01  
8.405e-01  1.174e-01  
4.286e-02  9.999e-01  
2.546e-01  5.402e-01  
3.691e-01  4.558e-01  
3.571e-01  4.489e-01  
8.994e-01  9.815e-02  
7.539e-01  1.567e-01  
1.278e-01  7.043e-01  
7.443e-01  1.978e-01  
6.876e-01  2.077e-01  
3.527e-01  5.427e-01  
4.441e-01  3.893e-01  
2.718e-01  5.395e-01  
4.336e-01  4.567e-01  
5.172e-01  3.761e-01  
1.877e-01  6.437e-01  
7.107e-01  2.024e-01  
1.877e-01  6.437e-01  
9.612e-01  7.893e-02  
3.201e-01  5.456e-01  
4.323e-01  4.234e-01  
3.691e-01  4.558e-01  
1.551e-01  6.317e-01  
1.782e-01  6.918e-01  
5.172e-01  3.761e-01  
6.355e-01  2.745e-01  
6.614e-01  2.226e-01  
3.571e-01  5.021e-01  
6.599e-01  2.951e-01  
6.599e-01  2.951e-01  
4.286e-02  9.999e-01  
7.103e-01  2.361e-01  
9.014e-01  9.071e-02  
1.829e-01  7.409e-01  
1.261e-01  7.179e-01  
3.082e-01  5.046e-01  
4.116e-01  4.289e-01  
1.782e-01  6.918e-01  
1.782e-01  6.918e-01  
3.628e-01  5.515e-01  
2.961e-01  5.491e-01  
4.341e-01  3.968e-01  
6.892e-01  2.060e-01  
7.112e-02  8.068e-01  
7.994e-01  1.668e-01  
3.849e-01  4.222e-01  
7.856e-02  7.934e-01  
1.251e-01  7.772e-01  
6.876e-01  2.077e-01  
2.301e-01  6.129e-01  
1.336e-01  6.939e-01  
2.631e-01  5.816e-01  
9.816e-01  3.593e-02  
8.716e-01  9.136e-02  
2.438e-01  6.673e-01  
1.006e+00  1.531e-02  
4.974e-01  3.562e-01  
2.348e-01  5.677e-01  
9.667e-01  7.489e-02  
1.163e-01  7.134e-01  
3.390e-02  9.998e-01  
9.999e-01  7.305e-03  
2.241e-01  6.637e-01  
1.229e-01  7.008e-01  
7.566e-01  2.014e-01  
1.006e+00  1.531e-02  
6.952e-01  2.391e-01  
8.890e-01  1.099e-01  
9.517e-01  4.460e-02  
1.594e-01  6.558e-01  
1.551e-01  6.317e-01  
6.956e-01  2.195e-01  
6.026e-01  2.816e-01  
9.938e-01  2.106e-02  
5.818e-01  3.552e-01  
6.952e-01  2.391e-01  
8.666e-01  1.161e-01  
9.999e-01  4.551e-02  
1.009e+00  1.379e-02  
2.946e-02  9.997e-01  
1.594e-01  6.558e-01  
7.566e-01  2.014e-01  
9.763e-02  7.462e-01  
9.963e-01  1.433e-01  
2.576e-01  5.897e-01  
7.658e-03  9.998e-01  
3.046e-01  5.073e-01  
9.531e-02  7.650e-01  
1.551e-01  6.317e-01  
7.658e-03  9.998e-01  
8.394e-01  1.105e-01  
9.667e-01  7.489e-02  
9.872e-01  1.420e-02  
9.767e-02  8.123e-01  
5.817e-04  1.031e+00  
8.394e-01  1.105e-01  
1.009e-01  8.015e-01  
9.999e-01  4.551e-02  
9.601e-01  3.118e-02  
9.999e-01  4.551e-02  
2.057e-02  9.999e-01  
9.938e-01  2.106e-02  
6.051e-03  9.998e-01  
1.016e+00  3.043e-02  
1.016e+00  3.043e-02  
9.645e-02  8.124e-01  
7.663e-01  1.739e-01  
9.938e-01  2.106e-02  
9.767e-02  8.123e-01  
1.005e+00  2.336e-02  
9.988e-01  4.250e-02  
7.663e-01  1.739e-01  
3.638e-03  9.999e-01  
8.666e-01  1.161e-01  
9.461e-01  3.435e-02  
9.926e-01  1.712e-02  
9.517e-01  4.460e-02  
3.257e-01  5.059e-01  
1.128e-01  7.828e-01  
9.667e-01  7.489e-02  
2.089e-02  9.998e-01  
1.360e-01  7.592e-01  
2.057e-02  9.999e-01  
6.956e-01  2.195e-01  
8.405e-01  1.174e-01  
9.767e-02  8.123e-01  
7.539e-01  1.921e-01  
9.938e-01  2.106e-02  
2.645e-01  6.092e-01  
2.576e-01  5.897e-01  
3.201e-01  5.456e-01  
4.548e-01  3.537e-01  
8.716e-01  9.136e-02  
1.910e-02  9.998e-01  
2.003e-01  6.402e-01  
9.667e-01  7.489e-02  
7.663e-01  1.739e-01  
9.311e-02  8.522e-01  
9.775e-01  2.731e-02  
5.379e-01  3.367e-01  
3.793e-01  4.547e-01  
9.934e-01  1.199e-02  
7.103e-01  2.361e-01  
7.553e-01  2.165e-01  
3.257e-01  5.059e-01  
2.742e-01  5.939e-01  
8.655e-02  8.200e-01  
3.197e-02  9.998e-01  
1.877e-01  6.437e-01  
2.111e-01  6.708e-01  
4.708e-01  3.700e-01  
5.068e-01  3.407e-01  
3.973e-01  4.908e-01  
8.002e-01  1.407e-01  
3.252e-01  4.841e-01  
5.172e-01  3.761e-01  
8.641e-01  1.165e-01  
9.914e-02  7.425e-01  
7.539e-01  1.921e-01  
3.219e-01  5.591e-01  
3.257e-01  5.059e-01  
9.473e-01  4.424e-02  
3.691e-01  4.558e-01  
1.519e-01  6.879e-01  
3.321e-01  5.752e-01  
3.046e-01  5.073e-01  
6.232e-01  3.193e-01  
1.336e-01  6.939e-01  
3.557e-01  4.552e-01  
1.016e+00  3.043e-02  
7.171e-01  1.792e-01  
2.332e-01  5.866e-01  
9.964e-01  2.090e-02  
1.336e-01  6.939e-01  
5.421e-01  3.436e-01  
4.116e-01  4.289e-01  
1.128e-01  7.828e-01  
5.734e-01  2.992e-01  
9.136e-01  6.802e-02  
9.999e-01  4.551e-02  
4.134e-01  4.550e-01  
4.286e-02  9.999e-01  
4.134e-01  4.550e-01  
2.916e-01  5.869e-01  
9.945e-03  1.000e+00  
9.767e-02  8.123e-01  
4.688e-01  3.694e-01  
8.242e-01  2.278e-01  
5.855e-01  3.356e-01  
1.168e-02  9.998e-01  
5.599e-03  9.998e-01  
4.302e-01  4.166e-01  
4.364e-01  3.954e-01  
6.470e-01  2.360e-01  
1.609e-01  7.267e-01  
3.571e-01  4.489e-01  
