2.610e-02  1.063e+00  
1.063e+00  2.396e-02  
3.820e-01  3.996e-01  
6.980e-01  1.931e-01  
1.559e-01  6.764e-01  
5.608e-01  2.982e-01  
1.060e-01  7.774e-01  
3.033e-01  5.122e-01  
8.955e-01  1.024e-01  
9.125e-01  7.080e-02  
5.706e-02  8.457e-01  
4.606e-01  3.897e-01  
5.875e-01  2.779e-01  
2.290e-01  5.695e-01  
3.509e-01  4.746e-01  
7.012e-01  1.881e-01  
1.514e-01  6.798e-01  
1.435e-01  7.736e-01  
5.565e-01  3.087e-01  
8.927e-01  1.258e-01  
2.265e-01  5.669e-01  
4.143e-01  3.841e-01  
3.736e-01  4.329e-01  
9.026e-01  1.017e-01  
5.026e-01  3.565e-01  
1.062e+00  7.201e-02  
2.149e-01  5.936e-01  
3.323e-02  9.042e-01  
3.094e-01  4.990e-01  
7.433e-02  7.786e-01  
6.309e-01  2.625e-01  
7.027e-01  1.930e-01  
1.699e-01  6.184e-01  
7.012e-01  1.881e-01  
9.707e-01  5.552e-02  
5.445e-02  9.059e-01  
2.274e-01  5.648e-01  
5.863e-02  9.076e-01  
7.785e-02  8.273e-01  
5.565e-01  3.087e-01  
3.783e-01  4.106e-01  
4.666e-01  3.585e-01  
3.182e-01  4.967e-01  
2.371e-01  5.508e-01  
1.514e-01  7.087e-01  
6.319e-01  2.625e-01  
4.838e-01  3.660e-01  
1.017e+00  6.861e-02  
4.390e-01  3.712e-01  
1.903e-01  7.034e-01  
3.736e-01  4.329e-01  
3.033e-01  5.122e-01  
7.956e-02  8.484e-01  
5.925e-01  2.737e-01  
7.148e-02  8.004e-01  
3.998e-01  3.992e-01  
6.059e-01  2.578e-01  
1.053e+00  3.277e-02  
1.758e-01  6.268e-01  
8.986e-01  8.706e-02  
8.944e-01  9.526e-02  
3.509e-01  4.746e-01  
7.087e-01  1.930e-01  
6.995e-01  1.887e-01  
1.990e-01  6.408e-01  
7.087e-01  1.930e-01  
6.790e-02  8.130e-01  
5.981e-01  2.730e-01  
4.127e-01  3.784e-01  
4.606e-01  3.897e-01  
7.022e-01  1.982e-01  
1.878e-01  6.096e-01  
5.627e-01  2.980e-01  
3.247e-01  5.342e-01  
3.783e-01  4.106e-01  
1.393e-01  7.184e-01  
1.143e-01  7.899e-01  
7.012e-01  1.881e-01  
5.358e-01  3.100e-01  
9.918e-01  7.025e-02  
5.627e-01  2.980e-01  
2.591e-01  5.332e-01  
3.707e-01  4.126e-01  
4.754e-01  3.544e-01  
3.533e-01  4.545e-01  
5.602e-01  3.418e-01  
1.520e-01  6.485e-01  
5.416e-02  8.550e-01  
3.237e-01  4.958e-01  
4.894e-01  3.619e-01  
2.179e-01  5.935e-01  
6.932e-01  2.196e-01  
1.004e+00  3.041e-02  
3.975e-02  8.862e-01  
9.092e-01  8.889e-02  
2.274e-01  5.648e-01  
3.689e-01  4.296e-01  
5.597e-01  2.858e-01  
2.496e-01  5.463e-01  
4.314e-01  3.989e-01  
5.530e-02  8.401e-01  
1.060e-01  7.774e-01  
4.543e-01  3.678e-01  
8.962e-02  7.708e-01  
5.962e-01  2.652e-01  
8.921e-01  1.109e-01  
2.567e-02  9.678e-01  
3.998e-01  3.992e-01  
5.977e-01  2.692e-01  
6.980e-01  1.931e-01  
3.220e-01  4.936e-01  
1.600e-01  6.226e-01  
2.295e-01  5.691e-01  
3.224e-01  4.800e-01  
2.398e-01  5.992e-01  
9.040e-01  1.067e-01  
1.491e-01  6.502e-01  
8.932e-01  1.298e-01  
7.265e-02  7.984e-01  
9.040e-01  1.067e-01  
9.918e-01  7.025e-02  
2.031e-01  6.119e-01  
9.910e-01  8.227e-02  
1.700e-01  6.390e-01  
6.993e-01  1.889e-01  
2.077e-02  1.034e+00  
9.118e-01  9.127e-02  
3.162e-01  5.066e-01  
1.090e+00  4.445e-02  
3.094e-01  4.990e-01  
9.092e-01  8.889e-02  
1.077e-01  7.538e-01  
1.458e-01  7.269e-01  
7.583e-02  8.152e-01  
1.063e+00  2.396e-02  
8.932e-01  1.406e-01  
1.053e+00  3.277e-02  
2.290e-01  5.695e-01  
7.059e-01  1.935e-01  
2.114e-01  6.211e-01  
5.120e-02  9.209e-01  
5.608e-01  2.982e-01  
7.034e-01  1.946e-01  
3.182e-01  4.967e-01  
3.220e-01  4.936e-01  
3.996e-01  4.104e-01  
1.758e-01  6.268e-01  
4.606e-01  3.897e-01  
1.060e-01  7.468e-01  
2.274e-01  5.648e-01  
3.004e-01  5.560e-01  
7.069e-01  1.946e-01  
3.094e-01  4.990e-01  
4.135e-01  3.790e-01  
1.815e-01  6.138e-01  
5.999e-01  2.886e-01  
1.313e-01  6.989e-01  
1.990e-01  6.408e-01  
4.314e-01  3.989e-01  
5.669e-01  3.375e-01  
5.977e-01  2.692e-01  
2.305e-01  5.689e-01  
5.568e-01  2.983e-01  
1.712e-01  6.560e-01  
3.768e-01  4.378e-01  
3.220e-01  4.999e-01  
3.555e-01  4.538e-01  
5.026e-01  3.565e-01  
9.513e-01  5.623e-02  
5.026e-01  3.565e-01  
3.936e-01  3.961e-01  
5.669e-01  3.375e-01  
1.784e-02  9.706e-01  
4.838e-01  3.660e-01  
4.762e-02  8.813e-01  
4.754e-01  3.544e-01  
7.583e-02  8.152e-01  
3.881e-01  4.072e-01  
7.148e-02  8.004e-01  
4.583e-01  4.037e-01  
6.309e-01  2.625e-01  
2.583e-01  5.335e-01  
3.736e-01  4.329e-01  
3.707e-01  4.126e-01  
9.092e-01  8.889e-02  
7.069e-01  1.791e-01  
2.031e-01  6.119e-01  
3.416e-01  4.777e-01  
4.390e-01  3.712e-01  
3.325e-01  4.656e-01  
4.390e-01  3.712e-01  
5.314e-01  3.367e-01  
4.314e-01  3.989e-01  
3.736e-01  4.329e-01  
9.513e-01  5.623e-02  
6.980e-01  1.931e-01  
3.533e-01  4.545e-01  
6.006e-01  2.679e-01  
3.230e-01  4.761e-01  
7.785e-02  8.273e-01  
5.382e-01  3.009e-01  
2.305e-01  5.689e-01  
4.329e-01  3.947e-01  
8.998e-01  1.187e-01  
2.815e-01  5.337e-01  
5.981e-01  2.730e-01  
4.754e-01  3.544e-01  
7.265e-02  7.984e-01  
7.169e-01  1.884e-01  
7.378e-02  8.295e-01  
9.334e-01  8.304e-02  
5.932e-01  2.652e-01  
5.925e-01  2.737e-01  
1.600e-01  6.226e-01  
4.184e-01  3.785e-01  
1.063e+00  2.396e-02  
7.012e-01  1.881e-01  
6.323e-01  2.586e-01  
7.022e-01  1.982e-01  
7.187e-02  8.244e-01  
1.694e-01  6.241e-01  
1.699e-01  6.184e-01  
1.514e-01  6.798e-01  
7.069e-01  1.946e-01  
1.025e+00  3.979e-02  
1.600e-01  6.226e-01  
1.516e-01  6.413e-01  
1.597e-01  6.423e-01  
2.265e-01  5.669e-01  
7.378e-02  8.295e-01  
8.963e-01  1.608e-01  
9.354e-01  9.642e-02  
1.812e-02  1.004e+00  
3.416e-01  4.777e-01  
6.932e-01  2.196e-01  
7.069e-01  1.946e-01  
3.247e-01  5.342e-01  
6.537e-02  8.431e-01  
8.666e-02  8.402e-01  
5.925e-01  2.737e-01  
2.610e-02  1.063e+00  
5.681e-02  8.474e-01  
8.986e-01  8.706e-02  
1.520e-01  6.485e-01  
8.932e-01  1.406e-01  
7.291e-01  1.905e-01  
2.265e-01  5.669e-01  
9.037e-01  7.332e-02  
2.274e-01  5.648e-01  
3.021e-02  9.348e-01  
8.921e-01  1.109e-01  
9.040e-01  1.067e-01  
5.416e-02  8.550e-01  
7.012e-01  1.912e-01  
9.118e-01  9.127e-02  
1.063e+00  2.396e-02  
1.015e+00  3.753e-02  
1.049e+00  3.435e-02  
2.031e-01  6.119e-01  
1.022e+00  4.743e-02  
6.932e-01  2.196e-01  
6.995e-01  1.887e-01  
9.354e-01  9.642e-02  
2.567e-02  9.678e-01  
3.783e-01  4.106e-01  
8.989e-01  1.076e-01  
7.086e-01  1.847e-01  
7.022e-01  1.982e-01  
5.416e-02  8.550e-01  
2.594e-01  5.834e-01  
7.148e-02  8.004e-01  
1.758e-01  6.268e-01  
4.390e-01  3.712e-01  
3.509e-01  4.746e-01  
3.182e-01  4.967e-01  
7.087e-01  1.930e-01  
7.378e-02  8.295e-01  
1.699e-01  6.184e-01  
6.059e-01  2.578e-01  
7.187e-02  8.244e-01  
8.668e-02  7.989e-01  
2.290e-01  5.695e-01  
5.999e-01  2.886e-01  
7.043e-01  2.597e-01  
1.758e-01  6.268e-01  
3.975e-02  8.862e-01  
9.246e-01  1.177e-01  
1.313e-01  6.989e-01  
7.378e-02  8.295e-01  
1.514e-01  6.798e-01  
5.528e-01  3.218e-01  
4.543e-01  3.678e-01  
8.668e-02  7.989e-01  
5.981e-01  2.730e-01  
5.866e-01  2.896e-01  
3.642e-01  4.962e-01  
3.881e-01  4.072e-01  
2.265e-01  5.669e-01  
5.631e-01  3.071e-01  
3.820e-01  3.996e-01  
2.017e-02  9.522e-01  
3.653e-01  4.808e-01  
5.932e-01  2.652e-01  
4.319e-01  3.729e-01  
3.999e-01  4.325e-01  
4.666e-01  3.585e-01  
3.975e-02  8.862e-01  
3.325e-01  4.656e-01  
4.754e-01  3.544e-01  
3.881e-01  4.072e-01  
1.514e-01  7.087e-01  
2.031e-01  6.119e-01  
4.390e-01  3.712e-01  
7.088e-01  1.834e-01  
1.184e-01  7.990e-01  
4.184e-01  3.785e-01  
5.866e-01  2.896e-01  
5.608e-01  2.982e-01  
2.239e-01  5.874e-01  
5.376e-01  3.492e-01  
5.568e-01  2.983e-01  
5.574e-01  3.177e-01  
2.398e-01  5.992e-01  
9.354e-01  9.642e-02  
2.780e-01  5.283e-01  
7.785e-02  8.273e-01  
9.141e-01  9.197e-02  
5.669e-01  3.375e-01  
6.309e-01  2.625e-01  
1.143e-01  7.899e-01  
4.297e-01  3.853e-01  
3.783e-01  4.106e-01  
3.601e-01  4.259e-01  
1.514e-01  7.087e-01  
1.991e-01  6.440e-01  
3.416e-01  4.777e-01  
5.608e-01  2.982e-01  
8.998e-01  1.187e-01  
3.601e-01  4.259e-01  
2.149e-01  5.936e-01  
5.925e-01  2.737e-01  
2.305e-01  5.689e-01  
4.319e-01  3.729e-01  
5.568e-01  2.983e-01  
2.179e-01  5.935e-01  
8.918e-01  1.599e-01  
1.514e-01  6.798e-01  
5.631e-01  3.071e-01  
1.600e-01  6.226e-01  
4.184e-01  3.785e-01  
4.543e-01  3.678e-01  
1.687e-01  6.421e-01  
2.005e-01  6.099e-01  
9.354e-01  9.642e-02  
3.416e-01  4.777e-01  
3.220e-01  4.936e-01  
5.568e-01  2.983e-01  
3.247e-01  5.342e-01  
3.642e-01  4.962e-01  
3.601e-01  4.259e-01  
8.417e-02  8.115e-01  
3.881e-01  4.072e-01  
3.941e-01  4.164e-01  
5.416e-02  8.550e-01  
3.631e-01  4.414e-01  
2.295e-01  5.691e-01  
7.013e-01  1.876e-01  
5.568e-01  2.983e-01  
5.608e-01  2.982e-01  
6.115e-01  2.498e-01  
3.220e-01  4.936e-01  
2.534e-01  5.763e-01  
2.149e-01  5.936e-01  
4.838e-01  3.660e-01  
5.925e-01  2.737e-01  
4.543e-01  3.678e-01  
7.086e-01  1.847e-01  
2.149e-01  5.936e-01  
9.092e-01  8.889e-02  
8.743e-02  7.787e-01  
5.965e-01  2.816e-01  
4.666e-01  3.585e-01  
3.094e-01  4.990e-01  
4.924e-01  3.521e-01  
1.060e-01  7.468e-01  
4.184e-01  3.785e-01  
3.416e-01  4.777e-01  
4.314e-01  3.989e-01  
9.824e-01  9.200e-02  
6.192e-01  2.510e-01  
5.631e-01  3.071e-01  
1.397e-01  6.805e-01  
1.784e-02  9.706e-01  
3.247e-01  5.342e-01  
8.955e-01  1.024e-01  
3.220e-01  4.936e-01  
7.077e-01  1.785e-01  
1.784e-02  9.706e-01  
1.063e+00  2.396e-02  
5.376e-01  3.492e-01  
2.290e-01  5.695e-01  
7.022e-01  1.982e-01  
4.762e-02  8.813e-01  
9.354e-01  9.642e-02  
9.426e-01  1.054e-01  
7.148e-02  8.004e-01  
2.305e-01  5.689e-01  
3.533e-01  4.545e-01  
3.820e-01  3.996e-01  
9.040e-01  1.067e-01  
7.059e-01  1.935e-01  
1.703e-01  6.665e-01  
6.990e-01  1.874e-01  
6.980e-01  1.931e-01  
3.330e-01  5.479e-01  
4.179e-01  3.862e-01  
2.756e-01  5.300e-01  
3.820e-01  3.996e-01  
4.894e-01  3.619e-01  
2.031e-01  6.119e-01  
6.990e-01  1.874e-01  
2.149e-01  5.936e-01  
8.986e-01  8.706e-02  
3.098e-01  5.121e-01  
4.063e-01  3.874e-01  
3.647e-01  4.322e-01  
1.721e-01  6.333e-01  
1.699e-01  6.184e-01  
4.631e-01  3.914e-01  
5.981e-01  2.730e-01  
7.027e-01  1.930e-01  
3.398e-01  5.042e-01  
5.999e-01  2.886e-01  
5.962e-01  2.652e-01  
3.975e-02  8.862e-01  
7.041e-01  2.513e-01  
9.026e-01  1.017e-01  
1.699e-01  6.184e-01  
1.435e-01  7.736e-01  
3.076e-01  4.859e-01  
3.736e-01  4.329e-01  
1.758e-01  6.268e-01  
1.721e-01  6.333e-01  
3.258e-01  5.071e-01  
2.265e-01  5.669e-01  
4.239e-01  3.784e-01  
6.980e-01  1.931e-01  
7.200e-02  8.053e-01  
7.086e-01  1.847e-01  
3.881e-01  4.072e-01  
7.378e-02  8.295e-01  
1.357e-01  7.581e-01  
6.932e-01  2.196e-01  
2.398e-01  5.992e-01  
1.143e-01  7.899e-01  
2.828e-01  5.377e-01  
1.030e+00  9.165e-02  
8.921e-01  1.109e-01  
3.182e-01  4.967e-01  
1.032e+00  3.465e-02  
4.543e-01  3.678e-01  
2.295e-01  5.691e-01  
9.354e-01  9.642e-02  
1.699e-01  6.184e-01  
3.266e-02  8.810e-01  
1.084e+00  2.349e-02  
1.937e-01  6.117e-01  
1.393e-01  7.184e-01  
7.018e-01  1.917e-01  
9.122e-01  7.044e-02  
6.309e-01  2.625e-01  
8.932e-01  1.298e-01  
9.707e-01  5.552e-02  
1.602e-01  6.275e-01  
1.602e-01  6.275e-01  
7.012e-01  1.881e-01  
5.901e-01  2.683e-01  
1.025e+00  3.979e-02  
5.326e-01  3.534e-01  
6.990e-01  1.874e-01  
7.088e-01  1.834e-01  
9.707e-01  5.552e-02  
1.063e+00  2.396e-02  
3.975e-02  8.862e-01  
1.514e-01  6.798e-01  
6.980e-01  1.931e-01  
7.378e-02  8.295e-01  
8.955e-01  1.024e-01  
2.305e-01  5.689e-01  
5.706e-02  8.457e-01  
3.094e-01  4.990e-01  
1.060e-01  7.774e-01  
1.815e-01  6.138e-01  
3.323e-02  9.042e-01  
8.986e-01  8.706e-02  
9.910e-01  8.227e-02  
1.003e+00  2.941e-02  
6.790e-02  8.130e-01  
2.077e-02  1.034e+00  
8.932e-01  1.298e-01  
1.052e-01  7.957e-01  
9.118e-01  9.127e-02  
1.007e+00  5.392e-02  
1.032e+00  8.268e-02  
2.646e-02  9.774e-01  
9.743e-01  4.282e-02  
2.017e-02  9.522e-01  
9.707e-01  5.552e-02  
9.918e-01  7.025e-02  
7.265e-02  7.984e-01  
7.044e-01  1.886e-01  
1.049e+00  3.435e-02  
7.265e-02  7.984e-01  
1.022e+00  4.743e-02  
9.959e-01  7.715e-02  
7.040e-01  1.932e-01  
2.077e-02  1.034e+00  
8.955e-01  1.024e-01  
8.986e-01  8.706e-02  
1.004e+00  3.041e-02  
1.025e+00  5.175e-02  
3.033e-01  5.122e-01  
1.143e-01  7.899e-01  
9.467e-01  8.592e-02  
3.975e-02  8.862e-01  
1.077e-01  7.538e-01  
5.863e-02  9.076e-01  
6.932e-01  2.196e-01  
8.921e-01  1.109e-01  
8.743e-02  7.787e-01  
7.034e-01  1.804e-01  
9.918e-01  7.025e-02  
2.467e-01  5.627e-01  
2.290e-01  5.695e-01  
3.162e-01  5.066e-01  
5.314e-01  3.367e-01  
8.986e-01  8.706e-02  
2.769e-02  1.062e+00  
1.600e-01  6.226e-01  
9.548e-01  1.000e-01  
7.022e-01  1.982e-01  
7.148e-02  8.004e-01  
9.777e-01  5.145e-02  
4.577e-01  3.483e-01  
3.653e-01  4.808e-01  
1.053e+00  3.277e-02  
6.993e-01  1.889e-01  
7.022e-01  1.982e-01  
3.033e-01  5.122e-01  
2.594e-01  5.834e-01  
5.863e-02  9.076e-01  
4.042e-02  8.739e-01  
1.758e-01  6.268e-01  
2.005e-01  6.099e-01  
4.666e-01  3.585e-01  
4.666e-01  3.585e-01  
3.783e-01  4.106e-01  
8.932e-01  1.406e-01  
3.220e-01  4.936e-01  
5.026e-01  3.565e-01  
9.200e-01  1.167e-01  
7.265e-02  7.984e-01  
7.062e-01  1.966e-01  
2.882e-01  5.191e-01  
3.182e-01  4.967e-01  
9.707e-01  5.552e-02  
3.631e-01  4.414e-01  
1.559e-01  6.764e-01  
2.710e-01  5.315e-01  
2.932e-01  5.262e-01  
5.727e-01  2.871e-01  
1.514e-01  6.798e-01  
3.533e-01  4.545e-01  
1.053e+00  3.277e-02  
6.995e-01  1.887e-01  
2.290e-01  5.695e-01  
1.017e+00  6.861e-02  
2.198e-01  6.863e-01  
5.584e-01  3.613e-01  
3.736e-01  4.329e-01  
1.313e-01  6.989e-01  
5.627e-01  2.980e-01  
9.707e-01  5.552e-02  
1.017e+00  6.861e-02  
3.936e-01  3.961e-01  
7.265e-02  7.984e-01  
3.998e-01  3.992e-01  
2.274e-01  5.648e-01  
1.955e-02  9.458e-01  
1.143e-01  7.899e-01  
4.696e-01  3.769e-01  
6.973e-01  1.933e-01  
5.925e-01  2.737e-01  
2.769e-02  1.062e+00  
1.784e-02  9.706e-01  
4.184e-01  3.785e-01  
4.135e-01  3.790e-01  
7.043e-01  2.597e-01  
1.578e-01  6.634e-01  
3.936e-01  3.961e-01  
