1.563e-01  1.267e+00  
1.516e+00  2.042e-01  
9.424e-01  8.483e-01  
1.025e+00  4.885e-01  
2.664e-01  1.083e+00  
9.359e-01  6.229e-01  
2.779e-01  1.091e+00  
3.654e-01  1.043e+00  
1.051e+00  3.054e-01  
1.081e+00  2.468e-01  
1.850e-01  1.263e+00  
9.357e-01  6.170e-01  
9.961e-01  6.085e-01  
4.693e-01  1.125e+00  
7.390e-01  1.045e+00  
1.024e+00  4.060e-01  
3.507e-01  1.071e+00  
2.781e-01  1.090e+00  
9.562e-01  6.163e-01  
1.191e+00  3.995e-01  
3.893e-01  1.051e+00  
9.292e-01  5.719e-01  
5.486e-01  1.044e+00  
1.076e+00  2.107e-01  
9.402e-01  6.207e-01  
1.182e+00  2.234e-01  
3.303e-01  1.083e+00  
1.764e-01  1.278e+00  
3.732e-01  1.043e+00  
1.669e-01  1.262e+00  
1.012e+00  4.801e-01  
1.071e+00  4.592e-01  
3.860e-01  1.068e+00  
1.075e+00  4.158e-01  
1.082e+00  2.229e-01  
1.956e-01  1.265e+00  
5.591e-01  1.063e+00  
2.832e-01  1.177e+00  
2.779e-01  1.091e+00  
9.388e-01  6.339e-01  
8.249e-01  1.048e+00  
9.385e-01  6.364e-01  
6.552e-01  1.043e+00  
5.196e-01  1.073e+00  
2.781e-01  1.090e+00  
1.011e+00  3.243e-01  
9.276e-01  5.659e-01  
1.098e+00  2.243e-01  
9.357e-01  6.170e-01  
3.893e-01  1.051e+00  
9.317e-01  1.008e+00  
5.104e-01  1.053e+00  
1.563e-01  1.303e+00  
9.533e-01  4.395e-01  
2.100e-01  1.265e+00  
9.281e-01  8.249e-01  
9.744e-01  5.050e-01  
1.090e+00  2.289e-01  
3.860e-01  1.068e+00  
1.051e+00  3.054e-01  
1.191e+00  3.995e-01  
7.064e-01  1.045e+00  
1.043e+00  3.209e-01  
1.075e+00  4.158e-01  
2.712e-01  1.089e+00  
1.053e+00  2.963e-01  
2.664e-01  1.296e+00  
1.117e+00  4.376e-01  
9.281e-01  8.249e-01  
9.294e-01  8.221e-01  
1.017e+00  4.063e-01  
3.195e-01  1.089e+00  
9.552e-01  4.897e-01  
4.204e-01  1.044e+00  
9.326e-01  9.275e-01  
3.000e-01  1.215e+00  
2.939e-01  1.167e+00  
1.076e+00  2.773e-01  
9.359e-01  6.229e-01  
1.086e+00  2.175e-01  
9.382e-01  6.315e-01  
5.206e-01  1.053e+00  
7.247e-01  1.042e+00  
9.295e-01  5.653e-01  
7.913e-01  1.043e+00  
9.266e-01  6.398e-01  
3.601e-01  1.203e+00  
1.850e-01  1.263e+00  
3.732e-01  1.043e+00  
9.289e-01  6.643e-01  
3.038e-01  1.064e+00  
9.948e-01  4.330e-01  
1.182e+00  2.234e-01  
1.881e-01  1.266e+00  
1.038e+00  2.778e-01  
4.189e-01  1.083e+00  
8.444e-01  1.047e+00  
9.533e-01  4.395e-01  
5.598e-01  1.160e+00  
9.413e-01  6.327e-01  
1.563e-01  1.267e+00  
2.862e-01  1.067e+00  
9.291e-01  7.808e-01  
2.208e-01  1.273e+00  
9.631e-01  6.128e-01  
1.051e+00  3.304e-01  
1.747e-01  1.311e+00  
9.319e-01  9.561e-01  
1.012e+00  4.801e-01  
1.043e+00  3.209e-01  
7.157e-01  1.045e+00  
2.832e-01  1.177e+00  
5.471e-01  1.063e+00  
7.390e-01  1.045e+00  
2.664e-01  1.083e+00  
1.083e+00  2.207e-01  
3.126e-01  1.070e+00  
1.097e+00  3.397e-01  
2.110e-01  1.279e+00  
1.113e+00  2.275e-01  
1.204e+00  2.126e-01  
4.189e-01  1.083e+00  
1.077e+00  2.175e-01  
3.483e-01  1.072e+00  
1.048e+00  4.413e-01  
1.646e-01  1.546e+00  
1.090e+00  2.289e-01  
6.107e-01  1.048e+00  
1.516e+00  2.042e-01  
5.104e-01  1.053e+00  
1.034e+00  2.605e-01  
2.967e-01  1.161e+00  
3.185e-01  1.161e+00  
1.696e-01  1.257e+00  
1.204e+00  2.126e-01  
1.051e+00  3.054e-01  
1.205e+00  2.029e-01  
4.049e-01  1.111e+00  
1.024e+00  4.060e-01  
2.952e-01  1.081e+00  
1.850e-01  1.263e+00  
1.028e+00  6.294e-01  
9.472e-01  3.761e-01  
6.364e-01  1.077e+00  
7.913e-01  1.043e+00  
9.326e-01  9.275e-01  
3.303e-01  1.083e+00  
9.349e-01  6.742e-01  
2.668e-01  1.079e+00  
5.010e-01  1.054e+00  
4.881e-01  1.045e+00  
1.011e+00  3.243e-01  
5.228e-01  1.047e+00  
9.413e-01  6.327e-01  
2.952e-01  1.081e+00  
9.365e-01  5.933e-01  
2.668e-01  1.079e+00  
3.093e-01  1.063e+00  
9.280e-01  5.197e-01  
9.305e-01  5.516e-01  
9.472e-01  3.761e-01  
4.931e-01  1.094e+00  
9.354e-01  5.612e-01  
3.185e-01  1.161e+00  
7.913e-01  1.043e+00  
6.343e-01  1.050e+00  
7.247e-01  1.042e+00  
9.382e-01  7.744e-01  
1.118e+00  2.097e-01  
9.266e-01  5.972e-01  
9.310e-01  9.194e-01  
9.849e-01  6.562e-01  
1.563e-01  1.267e+00  
9.357e-01  6.170e-01  
1.592e-01  1.278e+00  
9.365e-01  5.933e-01  
2.668e-01  1.079e+00  
9.281e-01  8.249e-01  
1.820e-01  1.267e+00  
9.266e-01  5.972e-01  
1.085e+00  5.463e-01  
4.931e-01  1.094e+00  
7.655e-01  1.046e+00  
7.913e-01  1.043e+00  
1.123e+00  3.544e-01  
1.011e+00  3.243e-01  
3.393e-01  1.093e+00  
8.249e-01  1.048e+00  
9.276e-01  5.659e-01  
4.636e-01  1.042e+00  
9.357e-01  6.170e-01  
9.388e-01  6.339e-01  
9.288e-01  6.294e-01  
9.270e-01  1.023e+00  
1.114e+00  2.287e-01  
1.019e+00  3.756e-01  
4.812e-01  1.045e+00  
9.948e-01  4.330e-01  
7.695e-01  1.052e+00  
3.097e-01  1.059e+00  
9.354e-01  5.612e-01  
4.189e-01  1.083e+00  
9.295e-01  5.653e-01  
1.096e+00  2.258e-01  
4.541e-01  1.051e+00  
9.533e-01  4.395e-01  
9.295e-01  6.480e-01  
1.904e-01  1.260e+00  
1.041e+00  2.802e-01  
1.782e-01  1.260e+00  
1.112e+00  2.064e-01  
9.626e-01  5.479e-01  
9.351e-01  5.573e-01  
3.195e-01  1.089e+00  
9.281e-01  8.249e-01  
1.084e+00  2.130e-01  
1.007e+00  3.774e-01  
1.010e+00  5.069e-01  
1.053e+00  4.088e-01  
1.693e-01  1.269e+00  
2.760e-01  1.067e+00  
3.914e-01  1.070e+00  
2.779e-01  1.091e+00  
9.948e-01  4.330e-01  
1.112e+00  2.064e-01  
2.788e-01  1.067e+00  
2.664e-01  1.083e+00  
3.714e-01  1.110e+00  
4.853e-01  1.078e+00  
2.249e-01  1.262e+00  
1.030e+00  3.605e-01  
1.098e+00  2.243e-01  
1.592e-01  1.278e+00  
7.004e-01  1.052e+00  
1.017e+00  4.914e-01  
1.075e+00  4.158e-01  
6.112e-01  1.047e+00  
1.820e-01  1.267e+00  
2.781e-01  1.090e+00  
9.400e-01  5.145e-01  
1.563e-01  1.267e+00  
2.275e-01  1.253e+00  
1.096e+00  2.258e-01  
3.038e-01  1.064e+00  
1.053e+00  2.963e-01  
1.075e+00  4.158e-01  
4.903e-01  1.090e+00  
1.086e+00  2.175e-01  
4.189e-01  1.083e+00  
1.623e-01  1.264e+00  
1.024e+00  3.479e-01  
1.062e+00  3.159e-01  
1.669e-01  1.262e+00  
9.948e-01  4.330e-01  
1.081e+00  2.468e-01  
1.205e+00  2.029e-01  
1.182e+00  2.234e-01  
1.228e+00  2.079e-01  
4.049e-01  1.111e+00  
1.126e+00  2.277e-01  
1.007e+00  3.774e-01  
1.011e+00  3.243e-01  
1.041e+00  2.802e-01  
1.573e-01  1.270e+00  
9.357e-01  6.170e-01  
1.109e+00  2.311e-01  
1.009e+00  2.517e-01  
1.043e+00  3.209e-01  
1.642e-01  1.290e+00  
3.893e-01  1.051e+00  
2.249e-01  1.262e+00  
2.760e-01  1.067e+00  
9.323e-01  8.606e-01  
7.004e-01  1.052e+00  
5.475e-01  1.052e+00  
1.053e+00  2.963e-01  
2.208e-01  1.273e+00  
3.038e-01  1.064e+00  
1.012e+00  4.801e-01  
1.563e-01  1.267e+00  
1.747e-01  1.311e+00  
4.680e-01  1.107e+00  
9.400e-01  5.145e-01  
1.012e+00  4.801e-01  
4.349e-01  1.071e+00  
1.556e-01  1.265e+00  
1.052e+00  2.793e-01  
2.832e-01  1.177e+00  
2.112e-01  1.277e+00  
3.185e-01  1.161e+00  
9.359e-01  6.229e-01  
9.294e-01  8.221e-01  
1.956e-01  1.265e+00  
1.117e+00  4.376e-01  
9.365e-01  5.933e-01  
4.812e-01  1.045e+00  
6.027e-01  1.044e+00  
5.196e-01  1.073e+00  
9.354e-01  5.612e-01  
9.326e-01  9.275e-01  
1.747e-01  1.311e+00  
7.157e-01  1.045e+00  
9.849e-01  6.562e-01  
9.357e-01  6.170e-01  
7.695e-01  1.052e+00  
9.266e-01  5.972e-01  
1.592e-01  1.278e+00  
5.611e-01  1.044e+00  
9.329e-01  7.433e-01  
9.326e-01  9.275e-01  
2.781e-01  1.090e+00  
4.903e-01  1.090e+00  
9.424e-01  8.483e-01  
1.050e+00  4.059e-01  
2.779e-01  1.091e+00  
9.328e-01  8.287e-01  
9.631e-01  6.128e-01  
9.388e-01  6.339e-01  
3.038e-01  1.064e+00  
9.360e-01  5.520e-01  
9.552e-01  4.897e-01  
9.382e-01  6.315e-01  
4.931e-01  1.094e+00  
1.009e+00  2.537e-01  
6.107e-01  1.048e+00  
2.781e-01  1.090e+00  
1.081e+00  2.468e-01  
1.117e+00  4.376e-01  
1.287e+00  4.769e-01  
2.800e-01  1.117e+00  
9.413e-01  6.327e-01  
9.270e-01  1.023e+00  
4.636e-01  1.042e+00  
2.952e-01  1.081e+00  
4.242e-01  1.048e+00  
7.004e-01  1.052e+00  
9.276e-01  5.659e-01  
1.077e+00  2.175e-01  
7.817e-01  1.045e+00  
2.664e-01  1.083e+00  
9.948e-01  4.330e-01  
4.541e-01  1.051e+00  
9.385e-01  6.364e-01  
9.849e-01  6.562e-01  
3.521e-01  1.067e+00  
1.053e+00  2.963e-01  
3.195e-01  1.089e+00  
9.740e-01  6.940e-01  
3.393e-01  1.093e+00  
9.327e-01  9.020e-01  
9.288e-01  6.294e-01  
3.521e-01  1.067e+00  
3.038e-01  1.064e+00  
1.076e+00  2.773e-01  
7.434e-01  1.045e+00  
7.247e-01  1.042e+00  
9.530e-01  5.482e-01  
3.732e-01  1.043e+00  
7.157e-01  1.045e+00  
7.913e-01  1.043e+00  
2.582e-01  1.174e+00  
9.288e-01  6.294e-01  
9.288e-01  6.294e-01  
1.956e-01  1.265e+00  
4.808e-01  1.044e+00  
6.364e-01  1.077e+00  
1.100e+00  4.254e-01  
9.385e-01  6.364e-01  
9.631e-01  6.128e-01  
1.117e+00  4.376e-01  
7.695e-01  1.052e+00  
6.364e-01  1.077e+00  
5.104e-01  1.053e+00  
9.295e-01  5.653e-01  
9.354e-01  5.612e-01  
9.848e-01  7.085e-01  
1.005e+00  3.915e-01  
3.893e-01  1.051e+00  
1.029e+00  2.578e-01  
1.696e-01  1.257e+00  
9.584e-01  5.999e-01  
9.288e-01  6.294e-01  
7.004e-01  1.052e+00  
9.329e-01  7.433e-01  
2.924e-01  1.186e+00  
9.338e-01  8.590e-01  
7.390e-01  1.045e+00  
9.359e-01  6.229e-01  
1.090e+00  2.289e-01  
9.948e-01  4.330e-01  
9.388e-01  6.339e-01  
2.832e-01  1.177e+00  
1.646e-01  1.546e+00  
5.206e-01  1.053e+00  
1.043e+00  3.209e-01  
8.249e-01  1.048e+00  
1.106e+00  3.721e-01  
1.535e-01  1.354e+00  
1.118e+00  2.097e-01  
9.360e-01  5.520e-01  
4.931e-01  1.094e+00  
1.071e+00  4.592e-01  
1.652e-01  1.290e+00  
1.311e+00  2.369e-01  
1.106e+00  3.721e-01  
1.556e-01  1.265e+00  
4.049e-01  1.111e+00  
7.157e-01  1.045e+00  
9.270e-01  1.023e+00  
1.081e+00  2.468e-01  
1.024e+00  4.060e-01  
2.895e-01  1.062e+00  
1.005e+00  3.915e-01  
1.007e+00  3.774e-01  
6.473e-01  1.052e+00  
9.282e-01  6.221e-01  
4.049e-01  1.111e+00  
9.357e-01  6.170e-01  
9.282e-01  6.221e-01  
3.038e-01  1.064e+00  
1.019e+00  3.756e-01  
3.521e-01  1.067e+00  
1.104e+00  2.334e-01  
4.169e-01  1.044e+00  
9.357e-01  6.170e-01  
4.636e-01  1.042e+00  
3.601e-01  1.203e+00  
4.189e-01  1.083e+00  
9.350e-01  7.333e-01  
9.547e-01  5.573e-01  
1.009e+00  4.714e-01  
3.732e-01  1.043e+00  
9.849e-01  6.562e-01  
9.530e-01  5.482e-01  
1.904e-01  1.260e+00  
1.010e+00  5.069e-01  
1.104e+00  2.334e-01  
3.195e-01  1.089e+00  
2.781e-01  1.090e+00  
5.228e-01  1.047e+00  
7.655e-01  1.046e+00  
4.484e-01  1.136e+00  
4.111e-01  1.121e+00  
6.364e-01  1.077e+00  
4.853e-01  1.078e+00  
9.266e-01  5.972e-01  
1.009e+00  4.714e-01  
1.850e-01  1.263e+00  
1.007e+00  3.774e-01  
9.281e-01  8.249e-01  
2.110e-01  1.279e+00  
2.668e-01  1.079e+00  
1.005e+00  3.915e-01  
4.931e-01  1.094e+00  
3.507e-01  1.071e+00  
4.853e-01  1.078e+00  
1.098e+00  2.243e-01  
1.051e+00  3.054e-01  
5.598e-01  1.160e+00  
1.204e+00  2.126e-01  
9.552e-01  4.897e-01  
4.680e-01  1.107e+00  
1.018e+00  2.602e-01  
4.214e-01  1.150e+00  
1.747e-01  1.311e+00  
1.112e+00  2.064e-01  
2.952e-01  1.081e+00  
2.668e-01  1.079e+00  
1.075e+00  4.158e-01  
1.098e+00  2.243e-01  
9.354e-01  5.612e-01  
1.072e+00  2.971e-01  
1.083e+00  2.207e-01  
3.323e-01  1.230e+00  
3.521e-01  1.067e+00  
9.944e-01  3.517e-01  
9.312e-01  5.694e-01  
1.086e+00  2.273e-01  
9.357e-01  6.170e-01  
1.012e+00  4.801e-01  
1.191e+00  3.995e-01  
1.143e+00  2.421e-01  
1.516e+00  2.042e-01  
1.956e-01  1.265e+00  
3.195e-01  1.089e+00  
1.100e+00  4.254e-01  
2.779e-01  1.091e+00  
1.051e+00  3.304e-01  
3.893e-01  1.051e+00  
1.904e-01  1.260e+00  
5.643e-01  1.063e+00  
2.779e-01  1.091e+00  
3.195e-01  1.089e+00  
1.623e-01  1.264e+00  
1.077e+00  2.849e-01  
1.143e+00  2.421e-01  
1.182e+00  2.234e-01  
1.556e-01  1.265e+00  
1.563e-01  1.267e+00  
1.051e+00  3.054e-01  
2.561e-01  1.183e+00  
1.081e+00  2.468e-01  
1.090e+00  2.289e-01  
1.081e+00  2.468e-01  
1.747e-01  1.311e+00  
1.076e+00  2.107e-01  
1.623e-01  1.264e+00  
1.182e+00  2.234e-01  
1.081e+00  2.356e-01  
2.208e-01  1.273e+00  
1.055e+00  4.062e-01  
1.516e+00  2.042e-01  
2.832e-01  1.177e+00  
1.118e+00  2.097e-01  
1.086e+00  2.175e-01  
1.097e+00  3.397e-01  
1.556e-01  1.265e+00  
1.098e+00  2.243e-01  
1.182e+00  2.234e-01  
1.157e+00  2.150e-01  
1.090e+00  2.289e-01  
6.473e-01  1.052e+00  
2.781e-01  1.090e+00  
1.086e+00  2.175e-01  
1.904e-01  1.260e+00  
2.967e-01  1.161e+00  
1.589e-01  1.265e+00  
1.012e+00  4.801e-01  
1.311e+00  2.369e-01  
1.696e-01  1.257e+00  
1.075e+00  4.158e-01  
1.382e+00  2.199e-01  
4.881e-01  1.045e+00  
3.893e-01  1.051e+00  
4.204e-01  1.044e+00  
9.371e-01  7.071e-01  
1.052e+00  2.793e-01  
1.592e-01  1.276e+00  
3.763e-01  1.064e+00  
1.086e+00  2.273e-01  
1.100e+00  4.254e-01  
1.885e-01  1.257e+00  
1.114e+00  2.287e-01  
9.266e-01  5.972e-01  
7.390e-01  1.045e+00  
1.228e+00  2.079e-01  
1.033e+00  4.251e-01  
1.005e+00  3.915e-01  
8.225e-01  1.142e+00  
5.206e-01  1.053e+00  
2.572e-01  1.190e+00  
1.850e-01  1.263e+00  
3.393e-01  1.093e+00  
3.393e-01  1.093e+00  
9.357e-01  6.170e-01  
9.266e-01  5.972e-01  
6.027e-01  1.044e+00  
1.053e+00  2.963e-01  
5.643e-01  1.063e+00  
9.357e-01  6.170e-01  
1.098e+00  2.243e-01  
2.688e-01  1.361e+00  
1.015e+00  4.223e-01  
5.643e-01  1.063e+00  
6.057e-01  1.046e+00  
1.143e+00  2.421e-01  
7.064e-01  1.045e+00  
3.714e-01  1.110e+00  
4.204e-01  1.044e+00  
4.204e-01  1.044e+00  
9.533e-01  4.395e-01  
2.664e-01  1.083e+00  
8.249e-01  1.048e+00  
1.382e+00  2.199e-01  
1.003e+00  4.038e-01  
4.931e-01  1.094e+00  
1.077e+00  2.175e-01  
2.635e-01  1.109e+00  
9.385e-01  6.364e-01  
9.270e-01  1.023e+00  
3.177e-01  1.082e+00  
9.394e-01  5.689e-01  
1.090e+00  2.289e-01  
1.107e+00  2.425e-01  
9.357e-01  6.170e-01  
1.589e-01  1.265e+00  
9.295e-01  5.653e-01  
4.509e-01  1.047e+00  
1.589e-01  1.265e+00  
2.832e-01  1.177e+00  
9.280e-01  5.197e-01  
1.009e+00  4.714e-01  
9.276e-01  5.659e-01  
1.646e-01  1.546e+00  
1.646e-01  1.546e+00  
9.288e-01  6.294e-01  
9.360e-01  5.520e-01  
1.015e+00  4.223e-01  
3.507e-01  1.071e+00  
9.294e-01  8.221e-01  
