3.848e-02  1.418e+00  
1.293e+00  6.313e-02  
6.891e-01  7.303e-01  
9.838e-01  3.424e-01  
3.330e-01  1.037e+00  
9.544e-01  4.611e-01  
8.129e-02  1.116e+00  
3.391e-01  1.001e+00  
1.021e+00  1.270e-01  
1.256e+00  9.806e-02  
4.151e-02  1.245e+00  
7.160e-01  6.983e-01  
9.548e-01  4.154e-01  
3.519e-01  1.029e+00  
6.697e-01  7.833e-01  
1.011e+00  2.112e-01  
1.755e-01  1.085e+00  
9.404e-02  1.060e+00  
9.544e-01  4.611e-01  
1.016e+00  2.261e-01  
3.449e-01  1.001e+00  
7.052e-01  6.671e-01  
6.763e-01  8.048e-01  
1.039e+00  1.486e-01  
9.551e-01  4.209e-01  
1.283e+00  8.721e-02  
3.131e-01  1.040e+00  
4.561e-02  1.239e+00  
4.074e-01  1.003e+00  
8.129e-02  1.116e+00  
9.871e-01  3.953e-01  
9.940e-01  2.912e-01  
2.937e-01  1.071e+00  
1.035e+00  2.551e-01  
1.259e+00  1.032e-01  
3.467e-02  1.308e+00  
3.558e-01  1.001e+00  
1.930e-01  1.166e+00  
1.510e-01  1.213e+00  
9.545e-01  4.752e-01  
6.763e-01  8.048e-01  
9.551e-01  4.709e-01  
3.627e-01  1.002e+00  
3.601e-01  1.013e+00  
2.037e-01  1.062e+00  
9.602e-01  3.835e-01  
6.847e-01  6.748e-01  
1.079e+00  1.395e-01  
7.321e-01  6.753e-01  
3.131e-01  1.040e+00  
6.745e-01  7.497e-01  
3.467e-01  1.001e+00  
3.848e-02  1.418e+00  
9.549e-01  5.125e-01  
1.050e-01  1.044e+00  
6.702e-01  6.858e-01  
9.607e-01  4.555e-01  
1.283e+00  7.139e-02  
2.152e-01  1.063e+00  
1.061e+00  1.885e-01  
1.117e+00  1.402e-01  
6.617e-01  9.212e-01  
1.071e+00  2.795e-01  
1.005e+00  3.623e-01  
2.356e-01  1.039e+00  
1.020e+00  2.112e-01  
8.129e-02  1.116e+00  
9.853e-01  4.172e-01  
7.080e-01  7.281e-01  
6.810e-01  6.680e-01  
9.864e-01  2.373e-01  
3.295e-01  1.074e+00  
9.545e-01  4.752e-01  
3.391e-01  1.001e+00  
6.928e-01  7.828e-01  
1.836e-01  1.174e+00  
1.623e-01  1.172e+00  
9.940e-01  2.912e-01  
9.545e-01  5.205e-01  
1.103e+00  1.104e-01  
9.545e-01  5.205e-01  
3.627e-01  1.002e+00  
6.675e-01  8.154e-01  
9.567e-01  5.370e-01  
6.653e-01  8.679e-01  
9.548e-01  4.312e-01  
1.224e-01  1.033e+00  
6.767e-02  1.287e+00  
6.182e-01  9.277e-01  
7.321e-01  6.753e-01  
3.300e-01  1.007e+00  
9.922e-01  3.654e-01  
1.256e+00  9.806e-02  
5.852e-02  1.310e+00  
9.859e-01  1.464e-01  
2.911e-01  1.046e+00  
6.796e-01  7.202e-01  
9.550e-01  4.443e-01  
3.383e-01  1.001e+00  
6.862e-01  6.773e-01  
9.436e-02  1.210e+00  
2.037e-01  1.062e+00  
7.207e-01  7.124e-01  
1.050e-01  1.044e+00  
1.005e+00  3.623e-01  
1.035e+00  2.096e-01  
6.767e-02  1.287e+00  
6.944e-01  7.230e-01  
9.558e-01  4.209e-01  
9.709e-01  3.357e-01  
6.663e-01  9.299e-01  
1.930e-01  1.048e+00  
3.546e-01  1.001e+00  
6.586e-01  9.344e-01  
3.990e-01  1.004e+00  
1.037e+00  1.397e-01  
2.440e-01  1.112e+00  
1.009e+00  2.163e-01  
1.623e-01  1.172e+00  
1.046e+00  1.691e-01  
1.282e+00  9.396e-02  
3.400e-01  1.066e+00  
1.130e+00  1.116e-01  
1.755e-01  1.085e+00  
9.901e-01  3.431e-01  
3.848e-02  1.418e+00  
1.063e+00  1.507e-01  
4.164e-01  1.003e+00  
1.285e+00  7.459e-02  
3.380e-01  1.001e+00  
1.039e+00  1.486e-01  
1.726e-01  1.070e+00  
1.726e-01  1.070e+00  
1.580e-01  1.223e+00  
1.282e+00  9.396e-02  
1.033e+00  1.788e-01  
1.293e+00  6.313e-02  
4.137e-01  1.010e+00  
1.027e+00  2.989e-01  
2.479e-01  1.052e+00  
4.762e-02  1.201e+00  
9.545e-01  4.752e-01  
9.776e-01  3.943e-01  
3.546e-01  1.001e+00  
6.810e-01  8.719e-01  
6.733e-01  7.058e-01  
3.067e-01  1.018e+00  
9.592e-01  4.615e-01  
1.589e-01  1.134e+00  
3.295e-01  1.074e+00  
3.893e-01  1.004e+00  
9.960e-01  1.237e-01  
3.391e-01  1.001e+00  
6.862e-01  6.773e-01  
3.131e-01  1.040e+00  
9.558e-01  4.792e-01  
9.404e-02  1.060e+00  
3.369e-01  1.005e+00  
7.321e-01  6.753e-01  
9.549e-01  5.125e-01  
9.853e-01  4.172e-01  
3.452e-01  1.002e+00  
9.545e-01  4.752e-01  
1.755e-01  1.085e+00  
6.763e-01  8.048e-01  
4.164e-01  1.003e+00  
6.653e-01  8.679e-01  
6.984e-01  6.613e-01  
1.282e+00  9.396e-02  
9.551e-01  4.209e-01  
6.911e-01  7.598e-01  
9.567e-01  5.370e-01  
3.739e-02  1.338e+00  
6.913e-01  7.330e-01  
7.275e-02  1.178e+00  
9.545e-01  5.205e-01  
1.294e-01  1.132e+00  
6.823e-01  7.580e-01  
1.050e-01  1.044e+00  
7.241e-01  7.206e-01  
9.776e-01  3.943e-01  
3.449e-01  1.001e+00  
6.766e-01  7.385e-01  
6.766e-01  7.385e-01  
1.046e+00  1.691e-01  
1.020e+00  2.112e-01  
3.519e-01  1.029e+00  
6.958e-01  8.701e-01  
9.592e-01  4.615e-01  
6.663e-01  9.299e-01  
6.717e-01  6.666e-01  
9.545e-01  5.205e-01  
7.267e-01  7.348e-01  
6.746e-01  7.689e-01  
1.130e+00  1.116e-01  
9.867e-01  3.313e-01  
6.605e-01  9.147e-01  
9.889e-01  3.715e-01  
6.663e-01  9.299e-01  
9.404e-02  1.060e+00  
9.538e-01  4.252e-01  
3.754e-01  1.005e+00  
7.052e-01  6.671e-01  
1.046e+00  1.691e-01  
3.893e-01  1.004e+00  
9.545e-01  4.732e-01  
6.870e-01  6.656e-01  
6.204e-02  1.249e+00  
9.972e-01  2.220e-01  
9.205e-02  1.194e+00  
1.079e+00  1.395e-01  
9.549e-01  4.279e-01  
9.634e-01  4.259e-01  
1.287e-01  1.067e+00  
6.915e-01  6.822e-01  
1.294e+00  6.755e-02  
9.962e-01  3.353e-01  
9.922e-01  3.654e-01  
9.901e-01  3.431e-01  
1.214e-01  1.085e+00  
3.386e-01  1.013e+00  
2.479e-01  1.052e+00  
1.930e-01  1.166e+00  
9.864e-01  2.373e-01  
1.287e+00  6.806e-02  
2.859e-01  1.017e+00  
1.265e-01  1.058e+00  
2.527e-01  1.063e+00  
3.893e-01  1.004e+00  
9.205e-02  1.194e+00  
1.052e+00  2.335e-01  
9.908e-01  1.780e-01  
2.026e-02  1.340e+00  
6.182e-01  9.277e-01  
9.768e-01  3.579e-01  
1.041e+00  3.231e-01  
3.558e-01  1.001e+00  
6.767e-02  1.287e+00  
1.431e-01  1.030e+00  
9.568e-01  4.119e-01  
3.467e-02  1.308e+00  
4.151e-02  1.245e+00  
1.046e+00  1.468e-01  
1.755e-01  1.085e+00  
1.046e+00  1.691e-01  
1.009e+00  2.163e-01  
3.295e-01  1.074e+00  
1.103e+00  1.104e-01  
3.601e-01  1.013e+00  
3.772e-02  1.286e+00  
1.037e+00  1.397e-01  
1.046e+00  1.468e-01  
6.767e-02  1.287e+00  
9.901e-01  3.431e-01  
1.130e+00  1.116e-01  
1.294e+00  6.980e-02  
1.282e+00  9.396e-02  
1.294e+00  6.755e-02  
3.420e-01  1.001e+00  
1.294e+00  6.755e-02  
9.962e-01  3.353e-01  
1.020e+00  2.112e-01  
1.009e+00  2.163e-01  
3.746e-02  1.277e+00  
7.241e-01  7.206e-01  
1.021e+00  1.270e-01  
1.016e+00  2.261e-01  
1.020e+00  2.112e-01  
3.739e-02  1.338e+00  
3.368e-01  1.001e+00  
9.436e-02  1.210e+00  
3.321e-01  1.048e+00  
7.160e-01  6.983e-01  
4.659e-01  1.003e+00  
4.074e-01  1.003e+00  
1.009e+00  2.163e-01  
1.431e-01  1.030e+00  
1.287e-01  1.067e+00  
9.704e-01  3.685e-01  
1.893e-01  1.212e+00  
9.205e-02  1.194e+00  
3.674e-01  1.001e+00  
9.538e-01  4.252e-01  
9.704e-01  3.671e-01  
3.321e-01  1.048e+00  
2.074e-02  1.261e+00  
1.079e+00  1.395e-01  
1.631e-01  1.074e+00  
4.102e-02  1.174e+00  
1.930e-01  1.166e+00  
9.545e-01  4.732e-01  
7.321e-01  6.753e-01  
1.510e-01  1.213e+00  
9.552e-01  4.300e-01  
9.545e-01  4.732e-01  
6.911e-01  7.598e-01  
6.911e-01  7.598e-01  
3.532e-01  1.002e+00  
9.545e-01  5.205e-01  
6.847e-01  6.748e-01  
3.772e-02  1.286e+00  
6.681e-01  8.404e-01  
9.569e-01  4.421e-01  
7.321e-01  6.753e-01  
6.763e-01  8.048e-01  
6.915e-01  6.822e-01  
4.102e-02  1.174e+00  
6.663e-01  9.299e-01  
9.551e-01  4.125e-01  
6.807e-01  7.377e-01  
2.037e-01  1.062e+00  
3.321e-01  1.048e+00  
6.989e-01  6.641e-01  
9.864e-01  2.373e-01  
1.757e-01  1.056e+00  
7.321e-01  6.753e-01  
9.563e-01  5.107e-01  
9.562e-01  5.039e-01  
3.601e-01  1.013e+00  
9.563e-01  5.107e-01  
9.558e-01  4.792e-01  
9.551e-01  4.125e-01  
3.383e-01  1.001e+00  
1.033e+00  1.788e-01  
4.074e-01  1.003e+00  
1.920e-01  1.042e+00  
1.103e+00  1.189e-01  
9.569e-01  4.421e-01  
9.801e-01  3.494e-01  
1.265e-01  1.058e+00  
6.911e-01  7.598e-01  
6.706e-01  6.789e-01  
6.711e-01  6.998e-01  
1.287e-01  1.067e+00  
3.131e-01  1.040e+00  
6.605e-01  9.147e-01  
9.558e-01  4.792e-01  
1.128e+00  1.526e-01  
6.717e-01  8.226e-01  
3.610e-01  1.029e+00  
9.862e-01  4.287e-01  
3.532e-01  1.002e+00  
6.810e-01  6.680e-01  
9.551e-01  4.125e-01  
3.321e-01  1.048e+00  
1.035e+00  2.096e-01  
8.804e-02  1.039e+00  
9.543e-01  5.001e-01  
1.287e-01  1.067e+00  
7.080e-01  7.281e-01  
6.847e-01  6.748e-01  
2.479e-01  1.052e+00  
1.755e-01  1.085e+00  
1.021e+00  1.270e-01  
6.605e-01  9.147e-01  
6.632e-01  9.343e-01  
9.548e-01  4.154e-01  
3.391e-01  1.001e+00  
6.182e-01  9.277e-01  
6.763e-01  8.048e-01  
1.279e-01  1.113e+00  
6.807e-01  7.377e-01  
7.241e-01  7.206e-01  
6.767e-02  1.287e+00  
6.653e-01  8.679e-01  
3.391e-01  1.001e+00  
1.071e+00  2.795e-01  
9.551e-01  4.125e-01  
9.544e-01  4.611e-01  
9.635e-01  4.742e-01  
6.632e-01  9.343e-01  
3.368e-01  1.001e+00  
4.528e-01  1.007e+00  
6.810e-01  6.680e-01  
9.634e-01  4.259e-01  
9.558e-01  4.792e-01  
9.960e-01  1.237e-01  
3.067e-01  1.018e+00  
1.131e+00  1.361e-01  
4.151e-02  1.245e+00  
9.545e-01  5.205e-01  
6.915e-01  6.822e-01  
3.368e-01  1.001e+00  
6.984e-01  6.613e-01  
1.259e-01  1.046e+00  
7.267e-01  7.348e-01  
6.182e-01  9.277e-01  
6.832e-01  7.078e-01  
1.103e+00  1.104e-01  
9.922e-01  3.654e-01  
9.545e-01  4.732e-01  
1.656e-01  1.057e+00  
3.426e-02  1.345e+00  
3.603e-01  1.002e+00  
1.035e+00  2.096e-01  
6.810e-01  8.719e-01  
1.035e+00  2.551e-01  
3.848e-02  1.418e+00  
1.289e+00  7.112e-02  
9.558e-01  4.792e-01  
3.919e-01  1.003e+00  
9.838e-01  3.424e-01  
3.746e-02  1.277e+00  
9.943e-01  1.332e-01  
1.071e+00  2.795e-01  
1.623e-01  1.172e+00  
3.452e-01  1.002e+00  
6.833e-01  7.740e-01  
6.833e-01  7.740e-01  
1.063e+00  1.507e-01  
1.071e+00  2.795e-01  
2.527e-01  1.063e+00  
1.020e+00  2.112e-01  
9.897e-01  3.339e-01  
3.452e-01  1.002e+00  
7.160e-01  6.983e-01  
3.368e-01  1.001e+00  
6.911e-01  7.598e-01  
7.166e-01  6.640e-01  
3.400e-01  1.066e+00  
9.969e-01  3.375e-01  
3.300e-01  1.007e+00  
1.039e+00  1.486e-01  
3.409e-01  1.002e+00  
6.702e-01  6.858e-01  
6.763e-01  8.048e-01  
2.037e-01  1.062e+00  
1.265e-01  1.058e+00  
7.101e-01  6.629e-01  
9.567e-01  5.370e-01  
9.922e-01  3.654e-01  
6.182e-01  9.277e-01  
9.551e-01  4.125e-01  
9.569e-01  4.421e-01  
6.077e-02  1.300e+00  
9.659e-01  3.483e-01  
1.128e+00  1.526e-01  
2.037e-01  1.062e+00  
1.531e-01  1.073e+00  
4.164e-01  1.003e+00  
6.807e-01  7.377e-01  
2.818e-01  1.058e+00  
1.259e-01  1.046e+00  
3.380e-01  1.001e+00  
4.659e-01  1.003e+00  
6.847e-01  6.748e-01  
1.005e+00  3.623e-01  
8.129e-02  1.116e+00  
9.891e-01  1.762e-01  
6.891e-01  7.303e-01  
4.762e-02  1.201e+00  
1.930e-01  1.166e+00  
1.071e+00  2.795e-01  
3.131e-01  1.040e+00  
2.356e-01  1.039e+00  
3.391e-01  1.001e+00  
1.130e+00  1.116e-01  
1.046e+00  1.468e-01  
3.625e-01  1.002e+00  
1.289e+00  7.112e-02  
7.204e-01  6.586e-01  
3.449e-01  1.001e+00  
1.061e+00  1.885e-01  
3.067e-01  1.059e+00  
5.574e-02  1.275e+00  
1.293e+00  6.313e-02  
3.321e-01  1.048e+00  
1.920e-01  1.042e+00  
1.011e+00  2.112e-01  
1.124e+00  1.117e-01  
9.897e-01  3.339e-01  
1.033e+00  1.788e-01  
1.224e+00  9.722e-02  
2.479e-01  1.052e+00  
2.037e-01  1.062e+00  
9.897e-01  3.339e-01  
9.545e-01  4.732e-01  
1.130e+00  1.116e-01  
9.558e-01  4.792e-01  
9.838e-01  3.424e-01  
1.016e+00  2.261e-01  
1.039e+00  1.118e-01  
1.289e+00  7.112e-02  
9.436e-02  1.210e+00  
1.656e-01  1.057e+00  
9.951e-01  2.887e-01  
1.385e-01  1.150e+00  
1.035e+00  2.096e-01  
3.532e-01  1.002e+00  
6.767e-02  1.287e+00  
3.603e-01  1.002e+00  
8.804e-02  1.039e+00  
1.265e-01  1.058e+00  
4.151e-02  1.245e+00  
1.035e+00  2.096e-01  
1.131e+00  1.361e-01  
1.294e+00  6.755e-02  
9.205e-02  1.194e+00  
1.775e-02  1.338e+00  
1.016e+00  2.261e-01  
1.623e-01  1.172e+00  
1.282e+00  9.396e-02  
1.197e+00  9.426e-02  
1.130e+00  1.116e-01  
4.762e-02  1.201e+00  
1.285e+00  7.459e-02  
3.352e-02  1.276e+00  
1.224e+00  9.722e-02  
1.130e+00  1.116e-01  
1.623e-01  1.172e+00  
1.011e+00  2.112e-01  
1.290e+00  8.218e-02  
1.589e-01  1.134e+00  
1.280e+00  9.018e-02  
1.131e+00  1.135e-01  
1.009e+00  2.163e-01  
4.102e-02  1.174e+00  
1.128e+00  1.526e-01  
1.130e+00  1.116e-01  
1.284e+00  6.711e-02  
1.077e+00  1.105e-01  
3.391e-01  1.001e+00  
1.362e-01  1.032e+00  
1.130e+00  1.116e-01  
4.151e-02  1.245e+00  
1.836e-01  1.174e+00  
9.436e-02  1.210e+00  
1.035e+00  3.792e-01  
1.035e+00  2.096e-01  
1.050e-01  1.044e+00  
1.020e+00  2.112e-01  
1.288e+00  6.776e-02  
3.380e-01  1.001e+00  
3.558e-01  1.001e+00  
3.383e-01  1.001e+00  
9.548e-01  4.312e-01  
1.037e+00  1.397e-01  
3.848e-02  1.285e+00  
2.479e-01  1.052e+00  
1.117e+00  1.402e-01  
1.022e+00  1.438e-01  
1.893e-01  1.212e+00  
1.282e+00  9.396e-02  
9.539e-01  4.322e-01  
6.605e-01  9.147e-01  
1.294e+00  6.755e-02  
1.005e+00  3.623e-01  
9.969e-01  3.375e-01  
3.946e-01  1.002e+00  
3.919e-01  1.003e+00  
9.205e-02  1.194e+00  
6.204e-02  1.249e+00  
3.110e-01  1.041e+00  
1.524e-01  1.018e+00  
7.101e-01  6.629e-01  
6.924e-01  6.669e-01  
6.691e-01  8.497e-01  
1.117e+00  1.402e-01  
6.592e-01  9.524e-01  
6.847e-01  6.748e-01  
1.158e+00  2.152e-01  
1.514e-01  1.147e+00  
9.962e-01  3.353e-01  
3.380e-01  1.001e+00  
3.452e-01  1.002e+00  
1.259e+00  1.032e-01  
6.681e-01  8.404e-01  
1.920e-01  1.042e+00  
3.368e-01  1.001e+00  
3.449e-01  1.001e+00  
9.635e-01  4.742e-01  
1.524e-01  1.018e+00  
6.653e-01  8.679e-01  
1.285e+00  6.640e-02  
1.041e+00  3.231e-01  
3.601e-01  1.013e+00  
1.285e+00  7.459e-02  
1.930e-01  1.166e+00  
9.547e-01  4.216e-01  
6.823e-01  7.580e-01  
1.930e-01  1.048e+00  
9.635e-01  4.742e-01  
1.094e+00  1.215e-01  
1.131e+00  1.135e-01  
6.862e-01  6.773e-01  
5.120e-02  1.337e+00  
6.810e-01  6.680e-01  
3.368e-01  1.001e+00  
3.426e-02  1.345e+00  
1.623e-01  1.172e+00  
6.847e-01  6.748e-01  
9.962e-01  3.353e-01  
9.538e-01  4.252e-01  
3.739e-02  1.338e+00  
3.739e-02  1.338e+00  
7.241e-01  7.206e-01  
6.924e-01  6.669e-01  
9.922e-01  3.654e-01  
1.755e-01  1.085e+00  
6.911e-01  7.598e-01  
