8.090e-03  1.119e+00  
8.831e-01  1.024e-01  
3.378e-01  4.619e-01  
6.700e-01  3.013e-01  
1.953e-01  6.501e-01  
4.737e-01  3.514e-01  
6.682e-02  9.719e-01  
2.567e-01  5.325e-01  
8.194e-01  1.917e-01  
8.197e-01  1.259e-01  
4.082e-02  9.353e-01  
4.082e-01  4.451e-01  
5.821e-01  2.912e-01  
2.243e-01  6.137e-01  
3.190e-01  5.214e-01  
8.034e-01  2.538e-01  
1.648e-01  7.612e-01  
1.382e-01  7.728e-01  
5.120e-01  3.322e-01  
8.047e-01  1.945e-01  
2.210e-01  5.793e-01  
4.082e-01  4.451e-01  
3.917e-01  4.372e-01  
8.128e-01  1.312e-01  
4.545e-01  3.857e-01  
8.401e-01  1.093e-01  
1.680e-01  7.112e-01  
2.861e-02  9.493e-01  
2.742e-01  5.424e-01  
3.183e-02  9.204e-01  
5.649e-01  2.997e-01  
7.045e-01  3.090e-01  
1.383e-01  6.735e-01  
6.600e-01  2.800e-01  
8.181e-01  1.232e-01  
3.000e-02  8.904e-01  
2.353e-01  5.764e-01  
1.648e-01  7.612e-01  
8.882e-02  7.975e-01  
4.737e-01  3.514e-01  
3.560e-01  4.846e-01  
4.106e-01  4.371e-01  
3.019e-01  5.135e-01  
2.278e-01  5.820e-01  
1.342e-01  7.523e-01  
5.777e-01  2.956e-01  
4.337e-01  4.263e-01  
8.071e-01  1.402e-01  
3.597e-01  4.435e-01  
1.714e-01  6.759e-01  
3.378e-01  4.619e-01  
2.523e-01  5.551e-01  
1.481e-02  9.931e-01  
5.993e-01  3.210e-01  
5.933e-02  8.011e-01  
3.677e-01  4.464e-01  
5.837e-01  2.957e-01  
8.697e-01  1.020e-01  
1.899e-01  7.029e-01  
8.447e-01  1.427e-01  
8.115e-01  1.369e-01  
3.019e-01  5.135e-01  
8.145e-01  1.640e-01  
6.470e-01  2.780e-01  
1.680e-01  7.112e-01  
8.682e-01  1.487e-01  
6.735e-02  8.665e-01  
5.548e-01  3.095e-01  
3.875e-01  4.395e-01  
4.253e-01  4.095e-01  
7.045e-01  3.090e-01  
1.661e-01  6.636e-01  
5.376e-01  3.768e-01  
2.598e-01  5.375e-01  
3.597e-01  4.435e-01  
1.648e-01  7.612e-01  
5.271e-02  8.519e-01  
8.296e-01  2.129e-01  
4.928e-01  3.654e-01  
8.225e-01  1.254e-01  
5.081e-01  3.429e-01  
2.243e-01  6.137e-01  
3.250e-01  4.951e-01  
4.891e-01  3.404e-01  
3.378e-01  4.619e-01  
4.106e-01  4.371e-01  
1.379e-01  7.438e-01  
3.617e-02  9.391e-01  
3.032e-01  5.296e-01  
4.618e-01  3.851e-01  
1.666e-01  7.294e-01  
5.980e-01  3.063e-01  
8.324e-01  1.125e-01  
3.000e-02  8.904e-01  
8.050e-01  1.868e-01  
2.353e-01  5.764e-01  
3.081e-01  5.122e-01  
4.978e-01  3.386e-01  
2.243e-01  6.137e-01  
3.668e-01  4.243e-01  
2.861e-02  9.493e-01  
1.239e-01  7.888e-01  
4.253e-01  4.095e-01  
6.682e-02  9.719e-01  
5.722e-01  3.141e-01  
8.064e-01  1.813e-01  
2.192e-02  9.450e-01  
3.676e-01  4.434e-01  
5.548e-01  3.095e-01  
6.354e-01  2.846e-01  
3.227e-01  4.738e-01  
1.705e-01  6.898e-01  
2.689e-01  5.567e-01  
3.019e-01  5.135e-01  
2.053e-01  5.850e-01  
8.181e-01  1.232e-01  
1.531e-01  7.184e-01  
8.145e-01  1.640e-01  
3.617e-02  9.391e-01  
8.227e-01  1.552e-01  
8.267e-01  1.190e-01  
2.088e-01  6.400e-01  
8.182e-01  1.396e-01  
1.434e-01  6.911e-01  
5.777e-01  2.956e-01  
5.782e-03  1.062e+00  
8.201e-01  1.524e-01  
2.567e-01  5.325e-01  
8.831e-01  1.024e-01  
2.567e-01  5.325e-01  
8.128e-01  1.312e-01  
1.249e-01  7.812e-01  
9.955e-02  7.769e-01  
8.834e-02  9.528e-01  
8.355e-01  1.040e-01  
8.145e-01  1.640e-01  
8.831e-01  1.024e-01  
2.710e-01  5.678e-01  
6.505e-01  2.915e-01  
1.666e-01  7.294e-01  
3.951e-02  8.980e-01  
5.376e-01  3.768e-01  
5.821e-01  2.912e-01  
2.412e-01  5.743e-01  
3.042e-01  4.868e-01  
3.597e-01  4.435e-01  
1.680e-01  7.112e-01  
4.378e-01  4.055e-01  
7.604e-02  7.917e-01  
2.396e-01  6.181e-01  
2.634e-01  5.661e-01  
6.600e-01  2.800e-01  
2.567e-01  5.325e-01  
3.676e-01  4.434e-01  
1.921e-01  6.863e-01  
5.397e-01  3.493e-01  
1.382e-01  7.728e-01  
1.899e-01  7.029e-01  
3.875e-01  4.395e-01  
4.937e-01  3.516e-01  
5.598e-01  3.168e-01  
2.278e-01  5.820e-01  
5.376e-01  3.768e-01  
1.508e-01  6.990e-01  
3.081e-01  5.122e-01  
3.012e-01  4.830e-01  
3.102e-01  4.848e-01  
4.232e-01  3.997e-01  
8.228e-01  1.233e-01  
4.891e-01  3.404e-01  
3.677e-01  4.464e-01  
4.937e-01  3.516e-01  
1.036e-02  1.021e+00  
4.106e-01  4.310e-01  
2.861e-02  9.493e-01  
4.623e-01  3.759e-01  
7.604e-02  7.917e-01  
3.081e-01  5.122e-01  
9.636e-02  7.924e-01  
4.106e-01  4.371e-01  
5.927e-01  3.169e-01  
2.412e-01  5.743e-01  
3.543e-01  4.693e-01  
3.499e-01  4.825e-01  
7.984e-01  1.945e-01  
8.194e-01  1.917e-01  
1.978e-01  6.031e-01  
3.102e-01  4.848e-01  
4.082e-01  4.451e-01  
3.038e-01  4.706e-01  
4.337e-01  4.263e-01  
4.941e-01  3.589e-01  
3.676e-01  4.434e-01  
3.581e-01  4.360e-01  
8.311e-01  1.239e-01  
6.600e-01  2.800e-01  
3.012e-01  4.830e-01  
5.898e-01  3.079e-01  
3.055e-01  5.151e-01  
1.382e-01  7.728e-01  
5.292e-01  3.775e-01  
2.243e-01  6.137e-01  
3.684e-01  4.656e-01  
8.311e-01  1.239e-01  
2.567e-01  5.325e-01  
5.120e-01  3.322e-01  
4.232e-01  3.997e-01  
6.007e-02  8.130e-01  
8.071e-01  1.658e-01  
2.945e-02  9.670e-01  
8.200e-01  1.231e-01  
5.489e-01  3.150e-01  
6.043e-01  3.342e-01  
1.705e-01  6.898e-01  
3.597e-01  4.435e-01  
8.200e-01  1.231e-01  
6.354e-01  2.854e-01  
5.821e-01  2.912e-01  
5.777e-01  2.956e-01  
7.604e-02  7.917e-01  
2.032e-01  5.984e-01  
1.666e-01  7.294e-01  
1.495e-01  6.944e-01  
6.354e-01  2.854e-01  
8.244e-01  1.186e-01  
1.598e-01  6.838e-01  
1.495e-01  6.944e-01  
1.555e-01  6.945e-01  
2.523e-01  5.551e-01  
3.617e-02  9.391e-01  
7.979e-01  1.815e-01  
7.979e-01  1.815e-01  
8.090e-03  1.119e+00  
3.032e-01  5.296e-01  
5.821e-01  2.912e-01  
7.383e-01  3.124e-01  
2.893e-01  5.041e-01  
3.000e-02  8.904e-01  
7.604e-02  7.917e-01  
5.722e-01  3.141e-01  
5.782e-03  1.062e+00  
5.933e-02  8.011e-01  
8.447e-01  1.427e-01  
1.800e-01  6.960e-01  
8.064e-01  1.813e-01  
8.089e-01  1.723e-01  
1.899e-01  7.029e-01  
8.267e-01  1.190e-01  
2.207e-01  6.100e-01  
2.861e-02  9.493e-01  
8.212e-01  2.028e-01  
8.140e-01  1.665e-01  
4.161e-02  9.454e-01  
6.354e-01  2.846e-01  
8.228e-01  1.233e-01  
8.569e-01  9.986e-02  
8.401e-01  1.093e-01  
9.725e-01  1.184e-01  
2.110e-01  6.414e-01  
8.324e-01  1.125e-01  
5.980e-01  3.063e-01  
6.354e-01  2.846e-01  
7.979e-01  1.815e-01  
2.358e-02  9.516e-01  
3.668e-01  4.243e-01  
8.447e-01  1.427e-01  
8.069e-01  1.704e-01  
6.343e-01  2.859e-01  
3.617e-02  9.391e-01  
2.523e-01  5.551e-01  
2.861e-02  9.493e-01  
1.956e-01  6.809e-01  
3.597e-01  4.435e-01  
2.961e-01  5.106e-01  
2.929e-01  5.724e-01  
8.194e-01  1.917e-01  
5.647e-02  7.938e-01  
1.705e-01  6.898e-01  
5.837e-01  2.957e-01  
4.161e-02  9.454e-01  
5.271e-02  8.519e-01  
2.210e-01  5.793e-01  
6.043e-01  3.342e-01  
5.837e-01  2.957e-01  
1.679e-01  6.418e-01  
1.036e-02  1.021e+00  
8.371e-01  1.504e-01  
1.086e-01  7.636e-01  
2.502e-02  9.702e-01  
1.216e-01  7.270e-01  
4.968e-01  3.602e-01  
3.518e-01  4.332e-01  
7.604e-02  7.917e-01  
5.410e-01  3.257e-01  
5.420e-01  3.218e-01  
3.227e-01  4.738e-01  
3.951e-01  4.798e-01  
2.210e-01  5.793e-01  
5.120e-01  3.322e-01  
3.677e-01  4.464e-01  
2.192e-02  9.450e-01  
2.937e-01  4.964e-01  
5.757e-01  3.198e-01  
4.082e-01  4.451e-01  
3.081e-01  5.122e-01  
4.623e-01  3.759e-01  
2.861e-02  9.493e-01  
2.996e-01  5.067e-01  
4.635e-01  3.623e-01  
3.464e-01  4.408e-01  
1.382e-01  7.728e-01  
1.984e-01  6.152e-01  
3.587e-01  4.487e-01  
8.227e-01  1.852e-01  
1.495e-01  6.944e-01  
3.917e-01  4.372e-01  
4.957e-01  3.412e-01  
5.397e-01  3.493e-01  
1.984e-01  6.152e-01  
5.292e-01  3.775e-01  
4.752e-01  3.697e-01  
4.941e-01  3.589e-01  
2.353e-01  5.764e-01  
8.069e-01  1.704e-01  
2.702e-01  5.752e-01  
1.086e-01  7.636e-01  
8.201e-01  1.524e-01  
5.837e-01  2.957e-01  
5.548e-01  3.095e-01  
1.190e-01  8.314e-01  
3.677e-01  4.464e-01  
3.581e-01  4.360e-01  
3.103e-01  4.917e-01  
1.284e-01  7.235e-01  
2.278e-01  5.820e-01  
3.119e-01  4.928e-01  
5.376e-01  3.768e-01  
8.121e-01  1.292e-01  
3.573e-01  4.726e-01  
1.978e-01  6.031e-01  
5.821e-01  2.912e-01  
2.207e-01  6.100e-01  
4.253e-01  4.095e-01  
4.891e-01  3.404e-01  
2.088e-01  6.400e-01  
8.145e-01  1.640e-01  
1.379e-01  7.438e-01  
4.937e-01  3.516e-01  
1.666e-01  7.294e-01  
3.668e-01  4.243e-01  
4.378e-01  4.055e-01  
1.479e-01  6.958e-01  
2.032e-01  5.984e-01  
8.069e-01  1.704e-01  
3.227e-01  4.738e-01  
3.032e-01  5.296e-01  
4.937e-01  3.516e-01  
3.032e-01  5.296e-01  
3.012e-01  4.830e-01  
3.081e-01  5.122e-01  
8.834e-02  9.528e-01  
3.597e-01  4.435e-01  
3.676e-01  4.434e-01  
4.161e-02  9.454e-01  
3.012e-01  4.830e-01  
2.870e-01  5.974e-01  
8.064e-01  1.813e-01  
4.937e-01  3.516e-01  
5.336e-01  3.453e-01  
5.777e-01  2.956e-01  
3.227e-01  4.738e-01  
2.243e-01  6.137e-01  
2.710e-01  5.678e-01  
4.106e-01  4.371e-01  
5.482e-01  2.941e-01  
4.783e-01  3.982e-01  
7.979e-01  1.815e-01  
1.925e-01  6.147e-01  
8.447e-01  1.427e-01  
7.977e-02  7.738e-01  
5.420e-01  3.218e-01  
4.106e-01  4.371e-01  
3.032e-01  5.296e-01  
4.582e-01  3.770e-01  
9.955e-02  7.769e-01  
4.082e-01  4.451e-01  
2.835e-01  5.254e-01  
4.337e-01  4.263e-01  
8.267e-01  1.190e-01  
6.019e-01  3.029e-01  
4.635e-01  3.623e-01  
1.382e-01  7.728e-01  
8.090e-03  1.119e+00  
2.742e-01  5.438e-01  
8.010e-01  2.195e-01  
3.340e-01  4.745e-01  
8.010e-01  1.726e-01  
8.090e-03  1.119e+00  
8.200e-01  1.231e-01  
4.783e-01  3.982e-01  
1.978e-01  6.031e-01  
6.354e-01  2.846e-01  
3.617e-02  9.391e-01  
8.643e-01  1.692e-01  
8.145e-01  1.640e-01  
5.033e-02  8.114e-01  
2.353e-01  5.764e-01  
3.302e-01  4.731e-01  
3.587e-01  4.487e-01  
8.566e-01  1.504e-01  
8.047e-01  1.945e-01  
1.648e-01  7.612e-01  
6.260e-01  2.841e-01  
6.354e-01  2.854e-01  
2.412e-01  5.743e-01  
3.875e-01  4.395e-01  
2.634e-01  5.661e-01  
3.875e-01  4.395e-01  
4.477e-01  3.937e-01  
2.278e-01  5.820e-01  
6.600e-01  2.800e-01  
1.972e-01  6.213e-01  
8.277e-01  1.355e-01  
2.598e-01  5.375e-01  
4.082e-01  4.451e-01  
3.002e-01  5.384e-01  
1.680e-01  7.112e-01  
1.480e-01  6.783e-01  
4.232e-01  3.997e-01  
5.386e-01  3.042e-01  
6.343e-01  2.859e-01  
3.032e-01  5.296e-01  
5.777e-01  2.956e-01  
5.821e-01  2.912e-01  
5.718e-02  8.152e-01  
5.906e-01  2.942e-01  
8.140e-01  1.530e-01  
1.479e-01  6.958e-01  
1.508e-01  6.990e-01  
2.353e-01  5.764e-01  
3.378e-01  4.619e-01  
1.714e-01  6.759e-01  
1.680e-01  7.112e-01  
2.847e-01  5.257e-01  
2.548e-01  5.420e-01  
4.232e-01  3.997e-01  
6.505e-01  2.915e-01  
5.787e-02  7.964e-01  
8.126e-01  1.817e-01  
3.595e-01  4.602e-01  
3.183e-02  9.204e-01  
1.086e-01  7.636e-01  
5.548e-01  3.095e-01  
2.210e-01  5.793e-01  
1.495e-01  6.944e-01  
2.207e-01  6.100e-01  
8.225e-01  1.254e-01  
8.150e-01  1.616e-01  
2.475e-01  6.037e-01  
8.472e-01  1.107e-01  
4.625e-01  3.854e-01  
2.210e-01  5.793e-01  
8.089e-01  1.723e-01  
1.921e-01  6.863e-01  
3.000e-02  8.904e-01  
8.472e-01  1.107e-01  
1.953e-01  6.501e-01  
1.216e-01  7.270e-01  
6.343e-01  2.859e-01  
8.228e-01  1.233e-01  
5.777e-01  2.956e-01  
8.145e-01  1.640e-01  
8.200e-01  1.231e-01  
1.729e-01  6.977e-01  
1.379e-01  7.438e-01  
6.505e-01  2.915e-01  
5.440e-01  3.346e-01  
8.355e-01  1.040e-01  
5.081e-01  3.429e-01  
5.898e-01  3.079e-01  
8.034e-01  2.538e-01  
8.181e-01  1.232e-01  
9.235e-01  1.054e-01  
5.033e-02  8.114e-01  
1.479e-01  6.958e-01  
6.700e-01  3.013e-01  
8.470e-02  8.024e-01  
7.984e-01  1.945e-01  
2.207e-01  6.100e-01  
2.945e-02  9.670e-01  
2.742e-01  5.424e-01  
1.080e-01  7.921e-01  
1.899e-01  7.029e-01  
2.454e-02  9.252e-01  
8.069e-01  1.704e-01  
8.384e-01  1.478e-01  
8.684e-01  1.117e-01  
6.735e-02  8.665e-01  
5.782e-03  1.062e+00  
8.069e-01  1.704e-01  
8.470e-02  8.024e-01  
8.401e-01  1.093e-01  
8.267e-01  1.190e-01  
8.181e-01  1.232e-01  
8.006e-03  1.073e+00  
8.592e-01  1.067e-01  
1.787e-02  9.957e-01  
8.592e-01  1.067e-01  
8.401e-01  1.093e-01  
5.718e-02  8.152e-01  
7.045e-01  3.090e-01  
8.355e-01  1.040e-01  
1.064e-01  7.623e-01  
8.307e-01  1.072e-01  
8.244e-01  1.186e-01  
8.141e-01  2.208e-01  
5.782e-03  1.062e+00  
8.197e-01  1.259e-01  
8.901e-01  1.289e-01  
9.054e-01  1.031e-01  
8.901e-01  1.289e-01  
2.870e-01  5.974e-01  
1.070e-01  7.540e-01  
8.244e-01  1.186e-01  
8.834e-02  9.528e-01  
1.080e-01  7.921e-01  
6.007e-02  8.130e-01  
5.548e-01  3.095e-01  
8.447e-01  1.427e-01  
9.022e-02  7.790e-01  
6.354e-01  2.854e-01  
8.831e-01  1.024e-01  
2.353e-01  5.764e-01  
2.252e-01  5.868e-01  
2.674e-01  5.438e-01  
4.545e-01  3.857e-01  
8.126e-01  1.817e-01  
1.481e-02  9.931e-01  
1.721e-01  6.703e-01  
8.182e-01  1.234e-01  
8.150e-01  1.616e-01  
7.604e-02  7.917e-01  
8.200e-01  1.231e-01  
4.783e-01  3.982e-01  
3.227e-01  4.738e-01  
8.307e-01  1.072e-01  
6.354e-01  2.854e-01  
6.505e-01  2.915e-01  
2.548e-01  5.420e-01  
2.313e-01  5.835e-01  
2.192e-02  9.450e-01  
3.000e-02  8.904e-01  
1.679e-01  6.418e-01  
1.936e-01  6.205e-01  
4.106e-01  4.310e-01  
4.106e-01  4.310e-01  
3.378e-01  4.619e-01  
8.047e-01  1.945e-01  
3.019e-01  5.135e-01  
4.337e-01  4.263e-01  
8.126e-01  1.817e-01  
1.064e-01  7.623e-01  
6.600e-01  2.800e-01  
2.692e-01  5.515e-01  
2.641e-01  5.650e-01  
8.267e-01  1.190e-01  
3.242e-01  5.163e-01  
1.666e-01  7.294e-01  
2.609e-01  5.479e-01  
2.278e-01  5.820e-01  
5.701e-01  3.311e-01  
1.499e-01  6.823e-01  
3.340e-01  4.745e-01  
8.592e-01  1.067e-01  
6.354e-01  2.846e-01  
2.243e-01  6.137e-01  
8.901e-01  1.289e-01  
1.107e-01  7.786e-01  
5.376e-01  3.768e-01  
3.401e-01  4.534e-01  
1.216e-01  7.270e-01  
5.336e-01  3.453e-01  
8.200e-01  1.231e-01  
8.196e-01  1.174e-01  
3.917e-01  4.372e-01  
5.933e-02  8.011e-01  
3.518e-01  4.332e-01  
2.710e-01  5.678e-01  
1.617e-02  1.003e+00  
1.216e-01  7.270e-01  
4.253e-01  4.095e-01  
5.906e-01  2.942e-01  
5.322e-01  3.836e-01  
1.481e-02  9.931e-01  
8.006e-03  1.073e+00  
3.917e-01  4.372e-01  
3.518e-01  4.332e-01  
5.980e-01  3.063e-01  
1.308e-01  7.030e-01  
3.917e-01  4.372e-01  
