5.603e-02  1.058e+00  
1.061e+00  6.059e-02  
7.248e-01  6.172e-01  
9.164e-01  2.975e-01  
2.434e-01  1.011e+00  
7.979e-01  5.337e-01  
6.540e-02  1.047e+00  
5.509e-01  8.421e-01  
1.047e+00  1.519e-01  
1.046e+00  8.893e-02  
7.155e-02  1.051e+00  
7.326e-01  5.718e-01  
8.800e-01  4.128e-01  
4.247e-01  9.131e-01  
5.957e-01  7.576e-01  
9.779e-01  2.579e-01  
2.474e-01  1.008e+00  
2.349e-01  1.012e+00  
8.795e-01  4.123e-01  
1.048e+00  5.322e-02  
4.909e-01  9.177e-01  
7.248e-01  6.171e-01  
6.414e-01  7.447e-01  
1.047e+00  7.556e-02  
7.281e-01  6.052e-01  
1.050e+00  6.579e-02  
2.499e-01  1.011e+00  
6.240e-02  1.050e+00  
5.615e-01  7.825e-01  
7.155e-02  1.051e+00  
8.832e-01  3.623e-01  
9.276e-01  2.837e-01  
2.476e-01  1.010e+00  
9.477e-01  2.691e-01  
1.051e+00  8.013e-02  
6.206e-02  1.047e+00  
4.304e-01  9.100e-01  
7.820e-02  1.047e+00  
7.802e-02  1.049e+00  
8.824e-01  4.527e-01  
5.962e-01  7.590e-01  
7.975e-01  5.283e-01  
5.509e-01  8.421e-01  
4.320e-01  9.185e-01  
2.425e-01  1.010e+00  
8.966e-01  3.466e-01  
7.446e-01  5.548e-01  
1.047e+00  7.225e-02  
7.175e-01  5.997e-01  
2.484e-01  1.012e+00  
6.616e-01  7.460e-01  
4.909e-01  9.177e-01  
5.764e-02  1.057e+00  
8.826e-01  4.268e-01  
6.538e-02  1.046e+00  
7.171e-01  6.334e-01  
8.842e-01  3.508e-01  
1.056e+00  6.251e-02  
2.474e-01  1.008e+00  
1.051e+00  7.803e-02  
1.046e+00  1.579e-01  
5.741e-01  7.677e-01  
1.032e+00  2.389e-01  
9.078e-01  3.224e-01  
2.501e-01  1.011e+00  
1.094e+00  2.026e-01  
6.540e-02  1.047e+00  
8.975e-01  3.425e-01  
7.151e-01  6.547e-01  
7.281e-01  6.052e-01  
9.160e-01  2.909e-01  
2.469e-01  1.009e+00  
8.834e-01  4.601e-01  
4.304e-01  9.100e-01  
7.151e-01  6.547e-01  
5.457e-02  1.052e+00  
7.467e-02  1.054e+00  
9.276e-01  2.837e-01  
8.803e-01  4.398e-01  
1.046e+00  7.501e-02  
8.803e-01  4.570e-01  
4.788e-01  9.210e-01  
6.280e-01  7.478e-01  
8.826e-01  4.703e-01  
6.280e-01  7.478e-01  
8.295e-01  5.183e-01  
2.474e-01  1.008e+00  
6.022e-02  1.053e+00  
5.534e-01  8.147e-01  
7.559e-01  5.464e-01  
2.360e-01  1.009e+00  
8.975e-01  3.425e-01  
1.058e+00  6.482e-02  
5.700e-02  1.051e+00  
9.160e-01  2.909e-01  
2.494e-01  1.011e+00  
5.757e-01  7.669e-01  
8.820e-01  4.378e-01  
4.304e-01  9.100e-01  
7.175e-01  5.997e-01  
7.820e-02  1.047e+00  
8.339e-02  1.051e+00  
7.326e-01  5.718e-01  
7.155e-02  1.051e+00  
8.829e-01  3.851e-01  
1.068e+00  6.540e-02  
8.705e-02  1.048e+00  
7.123e-01  6.745e-01  
8.941e-01  3.793e-01  
9.164e-01  2.975e-01  
5.834e-01  7.623e-01  
2.360e-01  1.009e+00  
4.590e-01  9.121e-01  
5.606e-01  7.735e-01  
4.106e-01  9.203e-01  
1.046e+00  8.273e-02  
2.533e-01  1.012e+00  
1.048e+00  5.322e-02  
5.764e-02  1.057e+00  
1.048e+00  6.169e-02  
1.051e+00  8.013e-02  
2.386e-01  1.010e+00  
1.051e+00  7.973e-02  
2.476e-01  1.010e+00  
9.164e-01  2.975e-01  
5.602e-02  1.058e+00  
1.050e+00  7.880e-02  
5.764e-01  7.692e-01  
1.058e+00  6.296e-02  
4.590e-01  9.121e-01  
1.060e+00  1.232e-01  
2.465e-01  1.011e+00  
8.339e-02  1.051e+00  
8.705e-02  1.048e+00  
1.058e+00  6.296e-02  
1.062e+00  1.724e-01  
1.055e+00  6.066e-02  
4.029e-01  9.181e-01  
9.103e-01  3.049e-01  
2.474e-01  1.008e+00  
6.530e-02  1.064e+00  
8.803e-01  4.570e-01  
9.078e-01  3.224e-01  
4.590e-01  9.121e-01  
5.863e-01  7.579e-01  
7.248e-01  6.171e-01  
2.476e-01  1.010e+00  
7.559e-01  5.464e-01  
6.540e-02  1.047e+00  
3.981e-01  9.964e-01  
4.909e-01  9.177e-01  
9.282e-01  2.789e-01  
5.520e-01  8.066e-01  
7.137e-01  6.143e-01  
2.360e-01  1.009e+00  
8.820e-01  4.378e-01  
2.349e-01  1.012e+00  
2.360e-01  1.009e+00  
7.211e-01  5.976e-01  
8.824e-01  4.527e-01  
8.811e-01  3.728e-01  
4.304e-01  9.100e-01  
8.295e-01  5.183e-01  
2.533e-01  1.012e+00  
5.816e-01  7.633e-01  
5.509e-01  8.421e-01  
5.834e-01  7.623e-01  
7.326e-01  5.718e-01  
1.048e+00  7.252e-02  
7.975e-01  5.283e-01  
7.181e-01  6.993e-01  
8.802e-01  4.832e-01  
5.981e-02  1.061e+00  
7.388e-01  5.615e-01  
8.044e-02  1.051e+00  
8.826e-01  4.703e-01  
7.137e-02  1.048e+00  
6.860e-01  7.452e-01  
6.022e-02  1.053e+00  
7.326e-01  5.718e-01  
8.975e-01  3.425e-01  
4.354e-01  9.155e-01  
6.616e-01  7.460e-01  
6.248e-01  7.520e-01  
1.046e+00  8.416e-02  
1.049e+00  2.248e-01  
3.955e-01  9.448e-01  
5.816e-01  7.633e-01  
7.498e-01  5.486e-01  
5.764e-01  7.692e-01  
7.388e-01  5.615e-01  
8.150e-01  5.236e-01  
7.131e-01  6.356e-01  
6.860e-01  7.452e-01  
1.051e+00  7.409e-02  
9.282e-01  2.789e-01  
5.754e-01  7.671e-01  
9.013e-01  3.245e-01  
5.676e-01  7.751e-01  
5.457e-02  1.052e+00  
7.979e-01  5.318e-01  
4.106e-01  9.203e-01  
7.118e-01  6.356e-01  
1.048e+00  5.897e-02  
4.304e-01  9.100e-01  
8.800e-01  4.128e-01  
7.329e-01  5.691e-01  
8.705e-02  1.048e+00  
1.049e+00  2.248e-01  
6.811e-02  1.051e+00  
1.050e+00  7.880e-02  
9.013e-01  3.245e-01  
9.013e-01  3.245e-01  
2.499e-01  1.009e+00  
7.118e-01  6.356e-01  
1.047e+00  6.987e-02  
9.297e-01  2.868e-01  
8.998e-01  3.161e-01  
9.276e-01  2.837e-01  
9.064e-02  1.050e+00  
2.434e-01  1.011e+00  
2.428e-01  1.009e+00  
2.267e-01  1.017e+00  
8.956e-01  3.247e-01  
1.056e+00  6.167e-02  
2.476e-01  1.010e+00  
2.499e-01  1.011e+00  
2.733e-01  1.014e+00  
4.803e-01  9.132e-01  
6.022e-02  1.053e+00  
1.046e+00  8.416e-02  
1.060e+00  1.232e-01  
6.121e-02  1.061e+00  
5.757e-01  7.669e-01  
9.103e-01  3.049e-01  
9.540e-01  2.679e-01  
5.676e-01  7.751e-01  
6.022e-02  1.053e+00  
6.540e-02  1.047e+00  
8.792e-01  4.117e-01  
6.020e-02  1.048e+00  
6.600e-02  1.049e+00  
1.053e+00  7.089e-02  
2.476e-01  1.010e+00  
1.049e+00  2.248e-01  
1.035e+00  2.393e-01  
3.955e-01  9.448e-01  
1.049e+00  7.617e-02  
4.320e-01  9.185e-01  
6.022e-02  1.053e+00  
9.160e-01  2.909e-01  
1.046e+00  8.416e-02  
6.530e-02  1.064e+00  
9.103e-01  3.049e-01  
1.047e+00  8.957e-02  
1.062e+00  6.726e-02  
1.051e+00  6.915e-02  
1.055e+00  6.179e-02  
4.207e-01  9.176e-01  
1.058e+00  6.482e-02  
9.115e-01  2.989e-01  
9.540e-01  2.679e-01  
1.045e+00  8.780e-02  
6.121e-02  1.061e+00  
7.151e-01  6.547e-01  
1.048e+00  5.322e-02  
1.032e+00  2.389e-01  
9.276e-01  2.837e-01  
8.705e-02  1.048e+00  
3.942e-01  9.220e-01  
7.137e-02  1.048e+00  
2.450e-01  1.010e+00  
7.171e-01  6.334e-01  
5.676e-01  7.751e-01  
5.501e-01  8.347e-01  
1.062e+00  1.724e-01  
6.540e-02  1.047e+00  
2.494e-01  1.011e+00  
8.895e-01  3.343e-01  
8.339e-02  1.051e+00  
8.705e-02  1.048e+00  
3.955e-01  9.448e-01  
8.792e-01  4.117e-01  
9.164e-01  2.975e-01  
2.508e-01  1.010e+00  
6.811e-02  1.051e+00  
1.053e+00  7.089e-02  
2.139e-01  1.030e+00  
6.812e-02  1.046e+00  
2.287e-01  1.015e+00  
8.422e-01  5.199e-01  
7.360e-01  5.721e-01  
6.530e-02  1.064e+00  
9.013e-01  3.245e-01  
8.792e-01  4.117e-01  
6.280e-01  7.478e-01  
6.860e-01  7.452e-01  
3.970e-01  9.358e-01  
8.820e-01  4.378e-01  
7.175e-01  5.997e-01  
5.923e-02  1.048e+00  
5.962e-01  7.590e-01  
8.936e-01  3.269e-01  
7.289e-01  5.733e-01  
6.557e-01  7.475e-01  
7.395e-01  5.598e-01  
6.240e-02  1.050e+00  
5.834e-01  7.623e-01  
7.388e-01  5.615e-01  
7.195e-01  7.181e-01  
2.287e-01  1.015e+00  
4.009e-01  9.205e-01  
7.248e-01  6.171e-01  
9.777e-01  2.624e-01  
5.457e-02  1.052e+00  
7.281e-01  6.052e-01  
8.802e-01  4.832e-01  
8.834e-01  4.601e-01  
4.598e-01  9.194e-01  
8.013e-01  5.334e-01  
8.422e-01  5.199e-01  
8.820e-01  4.378e-01  
4.590e-01  9.121e-01  
1.046e+00  8.416e-02  
4.207e-01  9.176e-01  
8.172e-02  1.050e+00  
1.053e+00  7.089e-02  
9.078e-01  3.224e-01  
9.164e-01  2.975e-01  
5.540e-02  1.048e+00  
7.171e-01  6.334e-01  
6.667e-01  7.417e-01  
6.616e-01  7.460e-01  
2.267e-01  1.017e+00  
4.106e-01  9.203e-01  
5.816e-01  7.633e-01  
8.826e-01  4.703e-01  
1.047e+00  7.016e-02  
6.280e-01  7.478e-01  
3.981e-01  9.964e-01  
8.895e-01  3.343e-01  
4.177e-01  9.180e-01  
7.207e-01  5.883e-01  
8.803e-01  4.570e-01  
2.434e-01  1.011e+00  
1.062e+00  1.724e-01  
2.499e-01  1.011e+00  
8.025e-01  5.324e-01  
2.434e-01  1.011e+00  
7.151e-01  6.547e-01  
7.395e-01  5.598e-01  
2.499e-01  1.011e+00  
2.514e-01  1.010e+00  
9.160e-01  2.909e-01  
5.757e-01  7.669e-01  
5.615e-01  7.825e-01  
8.814e-01  4.299e-01  
5.526e-01  8.059e-01  
5.676e-01  7.751e-01  
6.322e-01  7.461e-01  
6.022e-02  1.053e+00  
7.171e-01  6.334e-01  
5.834e-01  7.623e-01  
6.530e-02  1.064e+00  
6.083e-01  7.523e-01  
4.909e-01  9.177e-01  
1.060e+00  1.232e-01  
8.121e-01  5.328e-01  
8.799e-01  4.422e-01  
8.829e-01  3.851e-01  
5.732e-01  7.652e-01  
4.725e-01  9.109e-01  
4.598e-01  9.194e-01  
7.857e-01  5.377e-01  
8.895e-01  3.343e-01  
7.388e-01  5.615e-01  
9.477e-01  2.691e-01  
2.533e-01  1.012e+00  
1.049e+00  9.292e-02  
6.611e-02  1.048e+00  
8.799e-01  4.422e-01  
7.857e-01  5.377e-01  
5.534e-01  8.147e-01  
8.121e-01  5.328e-01  
7.632e-02  1.046e+00  
7.248e-01  6.171e-01  
5.615e-01  7.825e-01  
7.543e-01  5.472e-01  
1.046e+00  7.501e-02  
8.936e-01  3.269e-01  
8.295e-01  5.183e-01  
2.335e-01  1.010e+00  
5.928e-02  1.059e+00  
4.909e-01  9.177e-01  
1.046e+00  8.416e-02  
5.966e-01  7.553e-01  
1.062e+00  1.724e-01  
5.602e-02  1.058e+00  
1.056e+00  6.167e-02  
7.979e-01  5.337e-01  
4.177e-01  9.180e-01  
9.103e-01  3.049e-01  
5.474e-02  1.049e+00  
1.048e+00  1.040e-01  
1.045e+00  9.449e-02  
6.240e-02  1.050e+00  
4.598e-01  9.194e-01  
6.280e-01  7.478e-01  
5.757e-01  7.669e-01  
1.048e+00  7.252e-02  
9.477e-01  2.691e-01  
2.542e-01  1.013e+00  
9.349e-01  2.809e-01  
9.103e-01  3.049e-01  
5.561e-01  7.940e-01  
7.118e-01  6.356e-01  
4.590e-01  9.121e-01  
7.857e-01  5.377e-01  
7.646e-01  5.526e-01  
2.542e-01  1.013e+00  
9.103e-01  3.049e-01  
2.364e-01  1.010e+00  
1.049e+00  7.617e-02  
4.619e-01  9.106e-01  
7.248e-01  6.172e-01  
5.816e-01  7.633e-01  
2.474e-01  1.008e+00  
2.465e-01  1.011e+00  
7.207e-01  5.883e-01  
8.941e-01  3.793e-01  
8.956e-01  3.247e-01  
5.520e-01  8.066e-01  
8.836e-01  4.167e-01  
8.826e-01  4.120e-01  
8.339e-02  1.051e+00  
8.975e-01  3.425e-01  
1.048e+00  7.252e-02  
2.577e-01  1.010e+00  
2.441e-01  1.009e+00  
5.525e-01  8.292e-01  
5.834e-01  7.623e-01  
2.508e-01  1.010e+00  
2.474e-01  1.008e+00  
5.676e-01  7.751e-01  
4.586e-01  9.098e-01  
7.326e-01  5.718e-01  
9.017e-01  3.110e-01  
7.155e-02  1.051e+00  
1.060e+00  6.530e-02  
6.557e-01  7.475e-01  
6.123e-02  1.049e+00  
7.820e-02  1.047e+00  
8.988e-01  3.126e-01  
3.982e-01  9.310e-01  
2.434e-01  1.011e+00  
4.909e-01  9.177e-01  
1.053e+00  6.893e-02  
1.051e+00  7.803e-02  
4.106e-01  9.203e-01  
1.051e+00  7.409e-02  
7.950e-01  5.307e-01  
4.590e-01  9.121e-01  
1.046e+00  8.416e-02  
2.542e-01  1.013e+00  
6.240e-02  1.050e+00  
1.058e+00  6.482e-02  
2.441e-01  1.009e+00  
5.540e-02  1.048e+00  
9.282e-01  2.789e-01  
1.051e+00  7.409e-02  
8.895e-01  3.343e-01  
1.046e+00  1.962e-01  
1.047e+00  7.592e-02  
2.386e-01  1.010e+00  
2.542e-01  1.013e+00  
9.107e-01  2.983e-01  
8.826e-01  4.268e-01  
1.051e+00  7.409e-02  
8.422e-01  5.199e-01  
8.973e-01  3.200e-01  
9.779e-01  2.579e-01  
1.051e+00  8.013e-02  
1.055e+00  6.179e-02  
6.398e-02  1.047e+00  
2.447e-01  1.011e+00  
9.164e-01  2.975e-01  
6.600e-02  1.049e+00  
1.046e+00  8.416e-02  
4.115e-01  9.118e-01  
7.155e-02  1.051e+00  
5.509e-01  8.421e-01  
5.233e-02  1.047e+00  
2.428e-01  1.009e+00  
6.599e-02  1.050e+00  
1.046e+00  8.273e-02  
1.046e+00  7.501e-02  
1.062e+00  6.726e-02  
6.530e-02  1.064e+00  
5.377e-02  1.061e+00  
1.046e+00  8.416e-02  
6.666e-02  1.047e+00  
1.062e+00  6.726e-02  
1.057e+00  6.762e-02  
1.051e+00  8.013e-02  
6.812e-02  1.046e+00  
1.050e+00  6.579e-02  
8.044e-02  1.051e+00  
1.053e+00  6.893e-02  
1.047e+00  7.592e-02  
7.017e-02  1.056e+00  
9.642e-01  2.618e-01  
1.058e+00  6.296e-02  
7.493e-02  1.053e+00  
1.056e+00  6.901e-02  
1.051e+00  7.973e-02  
1.049e+00  2.248e-01  
6.153e-02  1.046e+00  
1.060e+00  6.530e-02  
1.051e+00  8.013e-02  
1.062e+00  6.726e-02  
1.051e+00  7.409e-02  
5.908e-01  7.590e-01  
8.339e-02  1.051e+00  
1.054e+00  7.395e-02  
6.811e-02  1.051e+00  
2.438e-01  1.016e+00  
9.064e-02  1.050e+00  
8.936e-01  3.318e-01  
1.046e+00  8.416e-02  
6.240e-02  1.050e+00  
9.642e-01  2.618e-01  
1.060e+00  6.530e-02  
4.115e-01  9.118e-01  
3.942e-01  9.220e-01  
5.509e-01  8.421e-01  
7.979e-01  5.318e-01  
1.060e+00  1.232e-01  
6.146e-02  1.053e+00  
2.360e-01  1.009e+00  
1.046e+00  7.501e-02  
1.094e+00  2.026e-01  
9.064e-02  1.050e+00  
1.051e+00  7.409e-02  
8.295e-01  5.183e-01  
5.676e-01  7.751e-01  
1.062e+00  6.726e-02  
9.042e-01  3.091e-01  
8.975e-01  3.425e-01  
5.509e-01  8.421e-01  
4.304e-01  9.100e-01  
5.712e-02  1.049e+00  
6.398e-02  1.047e+00  
2.425e-01  1.010e+00  
2.499e-01  1.011e+00  
7.207e-01  5.883e-01  
7.388e-01  5.615e-01  
5.834e-01  7.623e-01  
1.046e+00  8.416e-02  
5.615e-01  7.825e-01  
7.857e-01  5.377e-01  
1.048e+00  6.169e-02  
6.206e-02  1.047e+00  
9.276e-01  2.837e-01  
4.803e-01  9.132e-01  
5.501e-01  8.347e-01  
1.053e+00  6.893e-02  
5.957e-01  7.576e-01  
2.499e-01  1.009e+00  
4.619e-01  9.106e-01  
4.675e-01  9.105e-01  
8.820e-01  4.378e-01  
2.428e-01  1.009e+00  
6.083e-01  7.523e-01  
1.058e+00  6.296e-02  
9.540e-01  2.679e-01  
4.320e-01  9.185e-01  
1.060e+00  6.530e-02  
5.540e-02  1.048e+00  
8.422e-01  5.199e-01  
6.616e-01  7.460e-01  
2.287e-01  1.015e+00  
8.913e-01  3.276e-01  
1.047e+00  7.592e-02  
1.051e+00  8.013e-02  
7.114e-01  6.572e-01  
7.820e-02  1.047e+00  
7.171e-01  6.334e-01  
4.725e-01  9.109e-01  
5.549e-02  1.056e+00  
6.123e-02  1.049e+00  
7.388e-01  5.615e-01  
8.988e-01  3.126e-01  
8.826e-01  4.703e-01  
5.764e-02  1.057e+00  
5.498e-02  1.051e+00  
7.281e-01  6.052e-01  
7.171e-01  6.334e-01  
8.975e-01  3.425e-01  
2.434e-01  1.011e+00  
7.141e-01  6.203e-01  
