5.903e-02  1.051e+00  
1.081e+00  4.577e-02  
6.767e-01  6.572e-01  
8.914e-01  3.520e-01  
3.479e-01  9.547e-01  
8.414e-01  4.942e-01  
4.906e-02  1.045e+00  
5.197e-01  8.603e-01  
1.022e+00  1.527e-01  
1.085e+00  5.555e-02  
5.226e-02  1.047e+00  
7.388e-01  5.862e-01  
8.516e-01  3.965e-01  
4.022e-01  9.295e-01  
6.138e-01  7.830e-01  
1.014e+00  2.307e-01  
2.071e-01  1.018e+00  
5.226e-02  1.047e+00  
8.420e-01  4.464e-01  
1.041e+00  7.380e-02  
4.270e-01  9.323e-01  
7.163e-01  6.045e-01  
6.739e-01  7.101e-01  
1.069e+00  1.230e-01  
7.304e-01  5.871e-01  
1.039e+00  7.351e-02  
3.784e-01  9.321e-01  
4.801e-02  1.045e+00  
5.524e-01  7.927e-01  
5.576e-02  1.044e+00  
8.939e-01  3.604e-01  
1.014e+00  2.307e-01  
2.302e-01  1.018e+00  
1.004e+00  1.988e-01  
1.040e+00  8.269e-02  
6.603e-02  1.044e+00  
3.784e-01  9.321e-01  
2.542e-01  1.024e+00  
4.861e-02  1.042e+00  
8.419e-01  4.720e-01  
5.887e-01  7.829e-01  
8.425e-01  4.654e-01  
5.048e-01  8.667e-01  
4.038e-01  9.299e-01  
2.371e-01  1.020e+00  
8.664e-01  3.841e-01  
7.163e-01  6.045e-01  
1.043e+00  1.177e-01  
7.127e-01  5.981e-01  
3.784e-01  9.321e-01  
6.767e-01  6.572e-01  
5.048e-01  8.667e-01  
4.975e-02  1.044e+00  
8.511e-01  4.963e-01  
5.863e-02  1.045e+00  
6.820e-01  6.499e-01  
8.721e-01  3.744e-01  
1.079e+00  5.236e-02  
2.498e-01  1.026e+00  
1.055e+00  1.026e-01  
1.023e+00  1.268e-01  
5.767e-01  7.807e-01  
1.011e+00  2.272e-01  
1.013e+00  1.648e-01  
2.121e-01  1.016e+00  
1.012e+00  1.828e-01  
4.378e-02  1.042e+00  
9.084e-01  3.511e-01  
6.813e-01  6.648e-01  
7.209e-01  5.949e-01  
1.031e+00  8.286e-02  
2.159e-01  1.017e+00  
8.456e-01  4.213e-01  
5.048e-01  8.667e-01  
6.759e-01  6.642e-01  
2.498e-01  1.026e+00  
4.908e-02  1.044e+00  
1.007e+00  1.727e-01  
8.414e-01  4.942e-01  
1.069e+00  6.264e-02  
8.415e-01  4.552e-01  
4.122e-01  9.279e-01  
5.789e-01  7.849e-01  
8.419e-01  4.720e-01  
5.897e-01  7.840e-01  
8.474e-01  5.172e-01  
2.281e-01  1.016e+00  
7.305e-02  1.045e+00  
5.180e-01  8.208e-01  
6.890e-01  6.278e-01  
3.749e-01  9.373e-01  
1.013e+00  2.063e-01  
1.069e+00  6.264e-02  
5.576e-02  1.044e+00  
1.018e+00  1.402e-01  
3.784e-01  9.321e-01  
6.739e-01  7.101e-01  
8.456e-01  4.213e-01  
4.144e-01  9.217e-01  
7.137e-01  6.051e-01  
4.904e-02  1.045e+00  
2.064e-01  1.017e+00  
6.890e-01  6.278e-01  
5.863e-02  1.045e+00  
8.516e-01  3.965e-01  
1.069e+00  1.230e-01  
5.576e-02  1.044e+00  
6.767e-01  6.572e-01  
8.772e-01  3.802e-01  
1.042e+00  5.021e-02  
5.524e-01  7.927e-01  
2.155e-01  1.016e+00  
4.360e-01  9.213e-01  
5.497e-01  7.916e-01  
2.155e-01  1.016e+00  
1.019e+00  1.317e-01  
2.728e-01  1.036e+00  
1.035e+00  8.192e-02  
5.576e-02  1.044e+00  
1.026e+00  1.046e-01  
1.081e+00  5.465e-02  
3.533e-01  9.887e-01  
1.045e+00  1.056e-01  
2.281e-01  1.016e+00  
8.969e-01  3.417e-01  
5.505e-02  1.049e+00  
1.026e+00  1.046e-01  
5.099e-01  8.359e-01  
1.081e+00  5.465e-02  
5.124e-01  8.354e-01  
1.085e+00  5.555e-02  
1.913e-01  1.060e+00  
2.071e-01  1.018e+00  
4.891e-02  1.044e+00  
1.085e+00  5.555e-02  
1.013e+00  1.462e-01  
1.078e+00  5.664e-02  
3.908e-01  9.297e-01  
1.007e+00  1.727e-01  
2.728e-01  1.036e+00  
6.447e-02  1.046e+00  
8.424e-01  4.379e-01  
1.027e+00  9.558e-02  
4.027e-01  9.291e-01  
5.789e-01  7.849e-01  
6.767e-01  6.572e-01  
2.184e-01  1.017e+00  
8.401e-01  4.880e-01  
1.882e-01  1.039e+00  
4.032e-01  9.295e-01  
5.099e-01  8.359e-01  
1.007e+00  1.727e-01  
5.197e-01  8.603e-01  
7.023e-01  6.126e-01  
2.159e-01  1.017e+00  
8.456e-01  4.213e-01  
4.843e-02  1.044e+00  
1.792e-01  1.049e+00  
6.861e-01  6.439e-01  
8.511e-01  4.963e-01  
8.816e-01  3.830e-01  
3.908e-01  9.297e-01  
8.414e-01  4.942e-01  
1.757e-01  1.047e+00  
6.809e-01  6.461e-01  
5.180e-01  8.208e-01  
5.897e-01  7.840e-01  
7.803e-01  5.756e-01  
1.049e+00  5.797e-02  
8.419e-01  4.720e-01  
6.774e-01  6.654e-01  
8.494e-01  4.066e-01  
4.975e-02  1.044e+00  
7.137e-01  6.051e-01  
4.801e-02  1.045e+00  
8.405e-01  4.957e-01  
9.010e-02  1.061e+00  
6.844e-01  6.554e-01  
4.875e-02  1.046e+00  
7.304e-01  5.871e-01  
8.723e-01  3.770e-01  
4.360e-01  9.213e-01  
6.861e-01  6.439e-01  
6.138e-01  7.830e-01  
1.041e+00  7.380e-02  
1.008e+00  1.733e-01  
3.479e-01  9.547e-01  
6.175e-01  7.813e-01  
7.137e-01  6.051e-01  
5.579e-01  7.883e-01  
7.109e-01  6.029e-01  
8.401e-01  4.847e-01  
6.820e-01  6.499e-01  
6.809e-01  6.461e-01  
1.054e+00  8.798e-02  
1.011e+00  1.424e-01  
5.704e-01  7.828e-01  
8.456e-01  4.213e-01  
5.524e-01  7.927e-01  
2.071e-01  1.018e+00  
8.511e-01  4.963e-01  
4.105e-01  9.294e-01  
6.890e-01  6.278e-01  
1.013e+00  1.462e-01  
4.406e-01  9.227e-01  
8.481e-01  4.296e-01  
7.304e-01  5.871e-01  
6.033e-02  1.047e+00  
1.012e+00  1.828e-01  
5.517e-02  1.043e+00  
1.049e+00  5.797e-02  
8.722e-01  3.694e-01  
8.476e-01  4.120e-01  
2.097e-01  1.017e+00  
6.813e-01  6.648e-01  
1.042e+00  6.529e-02  
1.011e+00  1.424e-01  
1.008e+00  1.733e-01  
1.011e+00  2.104e-01  
6.033e-02  1.047e+00  
3.749e-01  9.373e-01  
2.097e-01  1.017e+00  
2.071e-01  1.018e+00  
9.032e-01  3.509e-01  
1.069e+00  6.264e-02  
2.498e-01  1.026e+00  
2.542e-01  1.024e+00  
2.498e-01  1.026e+00  
4.105e-01  9.294e-01  
5.425e-02  1.046e+00  
1.016e+00  1.672e-01  
1.011e+00  1.436e-01  
6.447e-02  1.046e+00  
5.514e-01  7.927e-01  
1.031e+00  8.286e-02  
1.053e+00  3.081e-01  
5.124e-01  8.354e-01  
5.007e-02  1.044e+00  
5.038e-02  1.043e+00  
8.493e-01  4.069e-01  
4.975e-02  1.044e+00  
5.547e-02  1.046e+00  
1.015e+00  1.412e-01  
2.836e-01  1.033e+00  
1.026e+00  1.134e-01  
1.019e+00  1.317e-01  
3.856e-01  9.310e-01  
1.055e+00  1.026e-01  
4.018e-01  9.283e-01  
5.335e-02  1.046e+00  
1.019e+00  1.317e-01  
1.041e+00  7.380e-02  
4.904e-02  1.045e+00  
1.011e+00  1.424e-01  
1.055e+00  1.026e-01  
1.090e+00  6.554e-02  
1.084e+00  6.124e-02  
1.071e+00  8.352e-02  
4.131e-01  9.297e-01  
1.071e+00  8.352e-02  
1.053e+00  3.081e-01  
1.012e+00  2.720e-01  
1.019e+00  1.317e-01  
4.904e-02  1.045e+00  
6.988e-01  6.197e-01  
1.012e+00  1.593e-01  
1.026e+00  1.134e-01  
1.011e+00  1.424e-01  
4.975e-02  1.044e+00  
4.122e-01  9.279e-01  
5.863e-02  1.045e+00  
2.155e-01  1.016e+00  
6.950e-01  6.210e-01  
5.497e-01  7.916e-01  
5.226e-01  8.197e-01  
1.014e+00  2.307e-01  
6.609e-02  1.044e+00  
2.281e-01  1.016e+00  
8.723e-01  3.770e-01  
5.863e-02  1.045e+00  
6.033e-02  1.047e+00  
4.022e-01  9.295e-01  
8.481e-01  4.296e-01  
1.039e+00  7.351e-02  
3.498e-01  9.633e-01  
6.447e-02  1.046e+00  
1.027e+00  1.044e-01  
2.542e-01  1.024e+00  
4.801e-02  1.045e+00  
2.071e-01  1.018e+00  
8.498e-01  4.080e-01  
7.168e-01  6.021e-01  
2.542e-01  1.024e+00  
8.589e-01  3.921e-01  
8.425e-01  4.493e-01  
6.175e-01  7.813e-01  
6.844e-01  6.554e-01  
4.038e-01  9.299e-01  
8.422e-01  4.421e-01  
6.844e-01  6.554e-01  
5.325e-02  1.048e+00  
5.704e-01  7.828e-01  
8.586e-01  3.943e-01  
6.950e-01  6.210e-01  
6.720e-01  6.839e-01  
7.209e-01  5.949e-01  
5.753e-02  1.053e+00  
5.789e-01  7.849e-01  
7.304e-01  5.871e-01  
7.168e-01  6.021e-01  
2.071e-01  1.018e+00  
3.475e-01  9.547e-01  
7.137e-01  6.051e-01  
1.011e+00  2.104e-01  
9.010e-02  1.061e+00  
7.128e-01  6.033e-01  
8.494e-01  4.066e-01  
8.493e-01  4.069e-01  
4.038e-01  9.299e-01  
8.426e-01  4.428e-01  
8.399e-01  5.061e-01  
8.419e-01  4.720e-01  
3.475e-01  9.547e-01  
1.041e+00  7.380e-02  
5.048e-01  8.667e-01  
5.226e-02  1.047e+00  
1.039e+00  7.351e-02  
8.646e-01  3.829e-01  
8.511e-01  4.963e-01  
9.010e-02  1.061e+00  
7.005e-01  6.141e-01  
6.774e-01  6.654e-01  
6.844e-01  6.554e-01  
2.245e-01  1.018e+00  
3.834e-01  9.355e-01  
5.813e-01  7.821e-01  
8.407e-01  4.717e-01  
1.026e+00  1.046e-01  
5.887e-01  7.829e-01  
3.758e-01  9.372e-01  
8.939e-01  3.604e-01  
4.027e-01  9.291e-01  
7.163e-01  6.045e-01  
8.408e-01  4.561e-01  
3.475e-01  9.547e-01  
1.043e+00  1.177e-01  
2.132e-01  1.018e+00  
8.474e-01  5.172e-01  
2.064e-01  1.017e+00  
7.168e-01  6.021e-01  
6.813e-01  6.648e-01  
2.281e-01  1.016e+00  
2.159e-01  1.017e+00  
1.013e+00  1.462e-01  
5.789e-01  7.849e-01  
5.638e-01  7.863e-01  
8.664e-01  3.841e-01  
5.180e-01  8.208e-01  
5.493e-01  7.893e-01  
6.138e-01  7.830e-01  
6.432e-02  1.046e+00  
6.809e-01  6.461e-01  
6.844e-01  6.554e-01  
4.975e-02  1.044e+00  
6.175e-01  7.813e-01  
5.197e-01  8.603e-01  
1.032e+00  9.339e-02  
8.419e-01  4.720e-01  
8.456e-01  4.213e-01  
8.647e-01  3.748e-01  
5.579e-01  7.883e-01  
5.759e-01  7.841e-01  
4.520e-01  9.226e-01  
7.803e-01  5.756e-01  
8.664e-01  3.841e-01  
8.410e-01  5.199e-01  
1.022e+00  1.527e-01  
3.475e-01  9.547e-01  
1.045e+00  1.056e-01  
7.305e-02  1.045e+00  
8.493e-01  4.069e-01  
7.209e-01  5.949e-01  
5.262e-01  8.101e-01  
8.414e-01  4.942e-01  
4.843e-02  1.044e+00  
7.023e-01  6.126e-01  
5.579e-01  7.883e-01  
7.492e-01  5.819e-01  
1.049e+00  5.797e-02  
1.012e+00  2.720e-01  
8.511e-01  4.963e-01  
9.010e-02  1.061e+00  
5.112e-02  1.048e+00  
5.113e-01  8.840e-01  
1.026e+00  1.046e-01  
6.138e-01  7.830e-01  
1.006e+00  1.832e-01  
6.468e-02  1.048e+00  
1.078e+00  5.664e-02  
8.410e-01  5.199e-01  
3.493e-01  9.517e-01  
1.008e+00  2.313e-01  
5.863e-02  1.045e+00  
1.007e+00  1.740e-01  
1.007e+00  1.727e-01  
5.736e-02  1.045e+00  
3.784e-01  9.321e-01  
5.897e-01  7.840e-01  
6.820e-01  6.499e-01  
1.023e+00  1.472e-01  
1.008e+00  1.733e-01  
2.132e-01  1.018e+00  
1.013e+00  2.063e-01  
1.012e+00  1.828e-01  
5.180e-01  8.208e-01  
6.890e-01  6.278e-01  
4.105e-01  9.294e-01  
6.861e-01  6.439e-01  
7.803e-01  5.756e-01  
3.479e-01  9.547e-01  
1.011e+00  1.424e-01  
1.792e-01  1.049e+00  
1.058e+00  1.087e-01  
5.197e-01  8.603e-01  
6.855e-01  6.360e-01  
6.138e-01  7.830e-01  
2.297e-01  1.018e+00  
2.132e-01  1.018e+00  
7.380e-01  5.849e-01  
8.710e-01  3.697e-01  
1.008e+00  1.733e-01  
5.514e-01  7.927e-01  
8.516e-01  3.965e-01  
8.481e-01  4.296e-01  
5.576e-02  1.044e+00  
1.013e+00  2.063e-01  
1.019e+00  1.317e-01  
2.071e-01  1.018e+00  
2.132e-01  1.018e+00  
5.189e-01  8.213e-01  
6.767e-01  6.572e-01  
2.170e-01  1.017e+00  
2.170e-01  1.017e+00  
5.262e-01  8.101e-01  
5.759e-01  7.841e-01  
7.163e-01  6.045e-01  
1.013e+00  1.648e-01  
5.547e-02  1.046e+00  
1.011e+00  2.272e-01  
6.950e-01  6.210e-01  
5.091e-02  1.043e+00  
5.226e-02  1.047e+00  
1.012e+00  1.828e-01  
4.059e-01  9.371e-01  
2.184e-01  1.017e+00  
4.270e-01  9.323e-01  
1.085e+00  5.555e-02  
1.055e+00  1.026e-01  
4.022e-01  9.295e-01  
1.085e+00  5.555e-02  
8.403e-01  4.843e-01  
4.022e-01  9.295e-01  
1.012e+00  1.593e-01  
2.170e-01  1.017e+00  
5.535e-02  1.044e+00  
1.081e+00  5.465e-02  
2.728e-01  1.036e+00  
2.064e-01  1.017e+00  
1.021e+00  1.206e-01  
1.051e+00  7.931e-02  
8.664e-01  3.841e-01  
1.019e+00  1.317e-01  
1.081e+00  5.465e-02  
2.302e-01  1.018e+00  
2.728e-01  1.036e+00  
1.020e+00  9.623e-02  
8.499e-01  4.882e-01  
1.042e+00  6.529e-02  
8.426e-01  4.428e-01  
1.013e+00  2.063e-01  
1.031e+00  8.286e-02  
1.051e+00  9.390e-02  
1.082e+00  5.133e-02  
5.007e-02  1.044e+00  
2.147e-01  1.016e+00  
1.026e+00  1.134e-01  
5.425e-02  1.046e+00  
1.026e+00  1.046e-01  
4.027e-01  9.291e-01  
7.305e-02  1.045e+00  
5.099e-01  8.359e-01  
2.071e-01  1.018e+00  
2.252e-01  1.016e+00  
5.233e-02  1.044e+00  
1.023e+00  1.268e-01  
1.071e+00  8.352e-02  
1.082e+00  5.153e-02  
5.592e-02  1.048e+00  
5.112e-02  1.048e+00  
1.018e+00  1.402e-01  
9.010e-02  1.061e+00  
1.069e+00  1.230e-01  
1.071e+00  8.352e-02  
1.071e+00  8.352e-02  
6.150e-02  1.045e+00  
1.071e+00  5.766e-02  
4.801e-02  1.045e+00  
1.078e+00  5.664e-02  
1.026e+00  1.134e-01  
6.432e-02  1.046e+00  
1.031e+00  8.286e-02  
1.081e+00  5.164e-02  
6.609e-02  1.044e+00  
1.073e+00  6.670e-02  
1.041e+00  5.160e-02  
1.011e+00  2.272e-01  
5.884e-02  1.045e+00  
1.015e+00  1.412e-01  
1.069e+00  1.230e-01  
1.084e+00  6.124e-02  
1.081e+00  5.164e-02  
5.180e-01  8.208e-01  
1.845e-01  1.039e+00  
1.085e+00  5.555e-02  
6.468e-02  1.048e+00  
2.132e-01  1.018e+00  
4.904e-02  1.045e+00  
8.939e-01  3.604e-01  
1.019e+00  1.134e-01  
4.843e-02  1.044e+00  
1.007e+00  1.727e-01  
1.081e+00  5.164e-02  
4.027e-01  9.291e-01  
3.493e-01  9.517e-01  
5.197e-01  8.603e-01  
8.414e-01  4.942e-01  
1.069e+00  1.230e-01  
4.904e-02  1.045e+00  
1.792e-01  1.049e+00  
1.043e+00  1.177e-01  
1.008e+00  1.733e-01  
5.397e-02  1.045e+00  
1.049e+00  5.797e-02  
8.474e-01  5.172e-01  
5.789e-01  7.849e-01  
1.079e+00  7.278e-02  
1.020e+00  9.623e-02  
1.026e+00  9.589e-02  
5.124e-01  8.354e-01  
4.022e-01  9.295e-01  
5.007e-02  1.044e+00  
6.033e-02  1.047e+00  
2.297e-01  1.018e+00  
3.473e-01  9.762e-01  
7.388e-01  5.862e-01  
8.401e-01  4.880e-01  
6.175e-01  7.813e-01  
1.007e+00  1.727e-01  
5.514e-01  7.927e-01  
8.419e-01  4.720e-01  
1.007e+00  1.727e-01  
5.038e-02  1.043e+00  
1.011e+00  2.104e-01  
5.048e-01  8.667e-01  
5.197e-01  8.603e-01  
1.081e+00  5.084e-02  
6.138e-01  7.830e-01  
1.792e-01  1.049e+00  
4.105e-01  9.294e-01  
5.079e-01  8.428e-01  
8.456e-01  4.213e-01  
1.792e-01  1.049e+00  
5.928e-01  7.813e-01  
1.078e+00  5.664e-02  
1.008e+00  1.733e-01  
4.122e-01  9.279e-01  
1.078e+00  5.664e-02  
2.132e-01  1.018e+00  
8.474e-01  5.172e-01  
7.163e-01  6.045e-01  
2.064e-01  1.017e+00  
8.456e-01  4.215e-01  
1.046e+00  9.894e-02  
1.049e+00  5.797e-02  
6.774e-01  6.654e-01  
4.843e-02  1.044e+00  
6.829e-01  6.437e-01  
5.759e-01  7.841e-01  
5.576e-02  1.044e+00  
5.547e-02  1.046e+00  
7.643e-01  5.771e-01  
1.026e+00  1.134e-01  
8.425e-01  4.654e-01  
5.154e-02  1.046e+00  
6.035e-02  1.054e+00  
6.890e-01  6.278e-01  
6.890e-01  6.278e-01  
1.026e+00  1.134e-01  
2.147e-01  1.016e+00  
6.844e-01  6.554e-01  
