2.094e-02  1.090e+00  
1.061e+00  2.291e-02  
4.156e-01  4.161e-01  
6.929e-01  2.215e-01  
2.184e-01  6.488e-01  
5.521e-01  3.425e-01  
1.171e-01  7.724e-01  
3.076e-01  4.888e-01  
8.013e-01  1.328e-01  
9.525e-01  5.947e-02  
5.471e-02  8.329e-01  
4.677e-01  3.721e-01  
5.661e-01  2.896e-01  
1.873e-01  6.516e-01  
3.635e-01  4.769e-01  
7.933e-01  1.371e-01  
1.602e-01  6.790e-01  
1.275e-01  6.956e-01  
5.742e-01  2.918e-01  
8.051e-01  1.423e-01  
2.940e-01  5.329e-01  
4.324e-01  4.053e-01  
3.779e-01  4.288e-01  
9.396e-01  8.343e-02  
4.922e-01  3.474e-01  
9.940e-01  3.592e-02  
2.271e-01  5.966e-01  
3.062e-02  8.783e-01  
3.430e-01  4.951e-01  
7.324e-02  8.064e-01  
6.860e-01  2.093e-01  
6.856e-01  2.152e-01  
1.842e-01  6.516e-01  
7.928e-01  1.506e-01  
9.640e-01  4.862e-02  
4.633e-02  8.581e-01  
2.715e-01  5.822e-01  
1.060e-01  7.469e-01  
9.031e-02  7.509e-01  
5.657e-01  3.233e-01  
3.699e-01  4.187e-01  
5.830e-01  3.071e-01  
3.620e-01  4.609e-01  
2.401e-01  5.744e-01  
1.462e-01  7.075e-01  
6.558e-01  2.416e-01  
5.167e-01  3.580e-01  
9.394e-01  7.211e-02  
4.585e-01  3.894e-01  
2.127e-01  6.396e-01  
4.049e-01  4.359e-01  
2.904e-01  5.110e-01  
2.434e-02  1.101e+00  
5.830e-01  3.071e-01  
5.421e-02  8.196e-01  
4.020e-01  4.051e-01  
6.598e-01  2.573e-01  
1.080e+00  2.708e-02  
1.842e-01  6.516e-01  
9.324e-01  9.586e-02  
8.036e-01  1.316e-01  
3.476e-01  4.620e-01  
7.961e-01  1.573e-01  
6.860e-01  2.093e-01  
1.625e-01  6.638e-01  
7.942e-01  1.460e-01  
1.317e-01  7.571e-01  
6.619e-01  2.549e-01  
4.346e-01  3.873e-01  
4.786e-01  3.890e-01  
6.863e-01  2.106e-01  
1.985e-01  6.244e-01  
5.853e-01  3.049e-01  
3.384e-01  5.091e-01  
3.800e-01  4.221e-01  
1.383e-01  6.727e-01  
9.031e-02  7.509e-01  
7.957e-01  1.537e-01  
5.568e-01  3.135e-01  
1.054e+00  2.956e-02  
5.657e-01  3.233e-01  
2.878e-01  5.622e-01  
3.714e-01  4.295e-01  
5.325e-01  3.602e-01  
3.788e-01  4.285e-01  
5.468e-01  3.445e-01  
1.406e-01  6.718e-01  
4.939e-02  8.532e-01  
2.985e-01  4.856e-01  
5.285e-01  3.694e-01  
2.249e-01  6.295e-01  
7.964e-01  1.673e-01  
9.723e-01  4.495e-02  
4.828e-02  8.747e-01  
7.999e-01  1.318e-01  
2.583e-01  5.737e-01  
4.002e-01  4.170e-01  
5.853e-01  3.049e-01  
2.487e-01  6.484e-01  
5.178e-01  3.927e-01  
5.421e-02  8.196e-01  
1.335e-01  7.456e-01  
4.791e-01  3.672e-01  
8.825e-02  7.746e-01  
6.338e-01  2.369e-01  
8.051e-01  1.423e-01  
2.804e-02  9.570e-01  
4.585e-01  3.894e-01  
5.853e-01  3.049e-01  
6.860e-01  2.093e-01  
3.387e-01  4.452e-01  
1.900e-01  6.463e-01  
2.736e-01  5.334e-01  
3.332e-01  4.569e-01  
2.260e-01  6.115e-01  
9.505e-01  8.150e-02  
1.406e-01  6.718e-01  
7.961e-01  1.573e-01  
6.379e-02  8.421e-01  
8.036e-01  1.316e-01  
9.942e-01  3.058e-02  
2.290e-01  6.491e-01  
9.429e-01  5.895e-02  
1.697e-01  6.732e-01  
6.664e-01  2.173e-01  
4.828e-02  8.747e-01  
9.429e-01  5.895e-02  
2.940e-01  5.329e-01  
1.066e+00  2.318e-02  
3.384e-01  5.091e-01  
9.310e-01  8.453e-02  
1.227e-01  7.171e-01  
1.383e-01  6.727e-01  
5.471e-02  8.329e-01  
1.001e+00  2.768e-02  
8.036e-01  1.316e-01  
1.066e+00  2.318e-02  
2.260e-01  6.115e-01  
7.900e-01  1.493e-01  
2.127e-01  6.396e-01  
4.322e-02  8.581e-01  
5.661e-01  2.896e-01  
6.441e-01  2.440e-01  
2.895e-01  5.052e-01  
3.373e-01  4.492e-01  
4.002e-01  4.170e-01  
1.900e-01  6.463e-01  
5.178e-01  3.927e-01  
1.135e-01  7.323e-01  
2.569e-01  5.938e-01  
2.572e-01  5.339e-01  
7.912e-01  1.537e-01  
2.895e-01  5.052e-01  
4.585e-01  3.894e-01  
1.873e-01  6.516e-01  
5.850e-01  3.183e-01  
1.547e-01  7.044e-01  
2.233e-01  6.297e-01  
4.677e-01  3.721e-01  
5.830e-01  3.071e-01  
5.853e-01  3.049e-01  
2.865e-01  5.359e-01  
5.898e-01  3.106e-01  
1.369e-01  7.029e-01  
3.714e-01  4.295e-01  
2.985e-01  4.856e-01  
3.692e-01  4.557e-01  
5.350e-01  3.460e-01  
9.537e-01  4.423e-02  
5.347e-01  3.186e-01  
4.194e-01  4.164e-01  
5.347e-01  3.186e-01  
2.053e-02  1.065e+00  
4.840e-01  3.609e-01  
4.939e-02  8.532e-01  
5.468e-01  3.445e-01  
8.825e-02  7.746e-01  
3.788e-01  4.285e-01  
1.055e-01  7.758e-01  
4.668e-01  3.649e-01  
6.371e-01  2.460e-01  
2.542e-01  5.787e-01  
3.937e-01  4.491e-01  
3.712e-01  4.423e-01  
7.933e-01  1.371e-01  
7.900e-01  1.493e-01  
2.271e-01  5.966e-01  
3.373e-01  4.492e-01  
5.012e-01  3.626e-01  
3.580e-01  4.820e-01  
4.731e-01  3.789e-01  
5.521e-01  3.425e-01  
4.049e-01  4.359e-01  
3.692e-01  4.557e-01  
9.723e-01  4.495e-02  
6.860e-01  2.093e-01  
3.580e-01  4.820e-01  
6.598e-01  2.573e-01  
3.402e-01  4.464e-01  
1.171e-01  7.151e-01  
5.657e-01  3.233e-01  
2.715e-01  5.822e-01  
4.346e-01  3.873e-01  
9.798e-01  3.548e-02  
2.904e-01  5.110e-01  
5.661e-01  2.896e-01  
4.791e-01  3.672e-01  
9.031e-02  7.509e-01  
7.942e-01  1.460e-01  
2.804e-02  9.570e-01  
9.394e-01  7.211e-02  
6.354e-01  2.750e-01  
5.752e-01  3.086e-01  
1.842e-01  6.516e-01  
4.324e-01  4.053e-01  
9.524e-01  6.966e-02  
7.964e-01  1.673e-01  
6.584e-01  2.418e-01  
6.929e-01  2.215e-01  
9.404e-02  7.978e-01  
2.249e-01  6.295e-01  
1.383e-01  6.727e-01  
1.406e-01  6.718e-01  
6.863e-01  2.106e-01  
9.778e-01  3.780e-02  
1.947e-01  6.552e-01  
1.697e-01  6.732e-01  
1.383e-01  6.727e-01  
2.904e-01  5.110e-01  
6.110e-02  8.086e-01  
7.900e-01  1.475e-01  
9.277e-01  1.262e-01  
1.923e-02  1.113e+00  
3.211e-01  4.918e-01  
6.860e-01  2.093e-01  
7.957e-01  1.537e-01  
3.971e-01  4.815e-01  
6.110e-02  8.086e-01  
1.055e-01  7.758e-01  
5.830e-01  3.071e-01  
2.514e-02  9.632e-01  
6.306e-02  8.236e-01  
9.394e-01  7.211e-02  
1.779e-01  6.735e-01  
7.933e-01  1.371e-01  
8.034e-01  1.439e-01  
2.260e-01  6.115e-01  
9.524e-01  6.966e-02  
3.075e-01  5.971e-01  
3.531e-02  9.608e-01  
9.394e-01  7.211e-02  
9.277e-01  1.262e-01  
5.158e-02  8.540e-01  
7.964e-01  1.673e-01  
9.723e-01  4.495e-02  
1.066e+00  2.318e-02  
9.900e-01  4.510e-02  
1.080e+00  2.708e-02  
2.525e-01  5.632e-01  
1.049e+00  4.402e-02  
6.860e-01  2.093e-01  
6.813e-01  2.075e-01  
7.933e-01  1.371e-01  
2.732e-02  9.027e-01  
4.275e-01  4.151e-01  
9.368e-01  1.279e-01  
7.910e-01  1.475e-01  
6.866e-01  2.091e-01  
5.471e-02  8.329e-01  
2.798e-01  5.336e-01  
6.161e-02  8.321e-01  
2.290e-01  6.491e-01  
4.303e-01  4.120e-01  
3.635e-01  4.769e-01  
2.865e-01  5.359e-01  
7.912e-01  1.537e-01  
1.018e-01  7.404e-01  
2.025e-01  6.696e-01  
6.598e-01  2.573e-01  
4.939e-02  8.532e-01  
7.282e-02  7.805e-01  
2.233e-01  6.297e-01  
5.853e-01  3.043e-01  
6.769e-01  2.321e-01  
1.985e-01  6.244e-01  
2.434e-02  1.101e+00  
9.366e-01  9.209e-02  
1.161e-01  6.966e-01  
4.828e-02  8.747e-01  
1.356e-01  7.061e-01  
5.431e-01  3.374e-01  
4.585e-01  3.894e-01  
9.031e-02  7.509e-01  
6.272e-01  2.977e-01  
5.742e-01  2.918e-01  
3.632e-01  4.231e-01  
3.692e-01  4.557e-01  
2.260e-01  6.115e-01  
5.828e-01  3.010e-01  
4.049e-01  4.359e-01  
6.379e-02  8.421e-01  
3.692e-01  4.557e-01  
6.286e-01  2.494e-01  
4.745e-01  3.754e-01  
3.692e-01  4.557e-01  
5.102e-01  3.889e-01  
4.201e-02  9.090e-01  
3.576e-01  4.302e-01  
5.028e-01  3.463e-01  
4.089e-01  3.993e-01  
1.369e-01  7.029e-01  
2.569e-01  5.938e-01  
4.786e-01  3.890e-01  
7.918e-01  1.599e-01  
1.060e-01  7.469e-01  
4.786e-01  3.890e-01  
5.347e-01  3.186e-01  
5.742e-01  2.918e-01  
2.260e-01  6.115e-01  
5.431e-01  3.374e-01  
5.853e-01  3.049e-01  
5.657e-01  3.233e-01  
2.463e-01  5.582e-01  
8.036e-01  1.316e-01  
2.878e-01  5.206e-01  
1.298e-01  7.127e-01  
9.394e-01  7.211e-02  
6.769e-01  2.321e-01  
6.343e-01  2.358e-01  
1.317e-01  7.571e-01  
4.040e-01  4.326e-01  
3.937e-01  4.491e-01  
3.937e-01  4.491e-01  
1.406e-01  6.718e-01  
2.383e-01  5.902e-01  
3.788e-01  4.285e-01  
5.461e-01  3.114e-01  
9.328e-01  1.214e-01  
3.659e-01  4.547e-01  
2.233e-01  6.297e-01  
6.371e-01  2.460e-01  
2.487e-01  6.484e-01  
4.585e-01  3.894e-01  
5.853e-01  3.043e-01  
2.025e-01  6.696e-01  
7.980e-01  1.377e-01  
1.547e-01  7.044e-01  
5.797e-01  3.022e-01  
1.944e-01  7.393e-01  
4.040e-01  4.326e-01  
4.791e-01  3.672e-01  
1.900e-01  6.463e-01  
2.290e-01  6.491e-01  
7.912e-01  1.474e-01  
3.313e-01  4.406e-01  
3.402e-01  4.464e-01  
5.347e-01  3.186e-01  
2.985e-01  4.856e-01  
3.533e-01  4.607e-01  
3.659e-01  4.547e-01  
8.825e-02  7.746e-01  
3.699e-01  4.187e-01  
4.081e-01  4.068e-01  
5.158e-02  8.540e-01  
3.533e-01  4.607e-01  
2.895e-01  5.052e-01  
8.051e-01  1.423e-01  
5.468e-01  3.445e-01  
5.657e-01  3.233e-01  
6.371e-01  2.460e-01  
3.788e-01  4.285e-01  
2.904e-01  5.110e-01  
2.655e-01  5.699e-01  
4.668e-01  3.649e-01  
6.516e-01  2.418e-01  
5.350e-01  3.460e-01  
7.961e-01  1.573e-01  
2.290e-01  6.491e-01  
9.310e-01  8.453e-02  
7.825e-02  7.926e-01  
5.797e-01  3.022e-01  
4.791e-01  3.672e-01  
3.620e-01  4.609e-01  
5.285e-01  3.694e-01  
1.082e-01  7.376e-01  
4.585e-01  3.894e-01  
3.502e-01  4.545e-01  
4.791e-01  3.672e-01  
9.366e-01  9.209e-02  
6.516e-01  2.418e-01  
5.347e-01  3.186e-01  
1.317e-01  7.571e-01  
1.790e-02  1.079e+00  
3.384e-01  5.091e-01  
8.051e-01  1.423e-01  
3.850e-01  4.536e-01  
7.957e-01  1.489e-01  
1.925e-02  1.091e+00  
1.080e+00  2.708e-02  
5.167e-01  3.580e-01  
2.260e-01  6.115e-01  
6.864e-01  2.093e-01  
2.434e-02  1.101e+00  
8.051e-01  1.423e-01  
7.942e-01  1.460e-01  
6.814e-02  8.337e-01  
2.878e-01  5.622e-01  
3.699e-01  4.187e-01  
3.800e-01  4.221e-01  
9.324e-01  9.586e-02  
7.941e-01  1.506e-01  
1.547e-01  7.044e-01  
6.922e-01  2.092e-01  
6.637e-01  2.139e-01  
3.211e-01  4.918e-01  
4.493e-01  4.353e-01  
2.798e-01  5.336e-01  
4.324e-01  4.053e-01  
5.285e-01  3.694e-01  
2.025e-01  6.696e-01  
6.769e-01  2.321e-01  
2.233e-01  6.297e-01  
9.324e-01  9.586e-02  
3.384e-01  5.091e-01  
4.467e-01  3.876e-01  
3.452e-01  4.501e-01  
1.697e-01  6.732e-01  
1.857e-01  6.600e-01  
4.677e-01  3.721e-01  
6.354e-01  2.750e-01  
6.646e-01  2.331e-01  
3.788e-01  4.285e-01  
6.190e-01  2.954e-01  
5.742e-01  2.918e-01  
5.421e-02  8.196e-01  
6.929e-01  2.215e-01  
9.385e-01  1.041e-01  
1.625e-01  6.638e-01  
1.161e-01  6.966e-01  
3.211e-01  4.918e-01  
3.788e-01  4.285e-01  
1.873e-01  6.516e-01  
1.779e-01  6.735e-01  
3.635e-01  4.769e-01  
2.798e-01  5.336e-01  
4.791e-01  3.672e-01  
6.863e-01  2.106e-01  
6.816e-02  7.883e-01  
7.932e-01  1.514e-01  
4.002e-01  4.170e-01  
5.421e-02  8.196e-01  
1.298e-01  7.127e-01  
6.637e-01  2.139e-01  
2.402e-01  6.054e-01  
1.547e-01  7.044e-01  
2.904e-01  5.110e-01  
9.798e-01  3.548e-02  
9.366e-01  9.209e-02  
2.516e-01  5.723e-01  
9.942e-01  3.058e-02  
5.031e-01  3.413e-01  
2.715e-01  5.822e-01  
9.310e-01  8.453e-02  
1.873e-01  6.516e-01  
4.201e-02  9.090e-01  
1.061e+00  2.291e-02  
2.025e-01  6.696e-01  
1.406e-01  6.718e-01  
6.866e-01  2.091e-01  
9.524e-01  6.966e-02  
6.343e-01  2.371e-01  
8.066e-01  1.457e-01  
9.537e-01  4.423e-02  
1.697e-01  6.732e-01  
1.944e-01  7.393e-01  
6.856e-01  2.152e-01  
6.215e-01  2.951e-01  
9.429e-01  5.895e-02  
5.134e-01  3.447e-01  
6.769e-01  2.321e-01  
7.964e-01  1.673e-01  
1.054e+00  2.956e-02  
1.066e+00  2.318e-02  
5.526e-02  8.136e-01  
1.406e-01  6.718e-01  
6.929e-01  2.215e-01  
8.825e-02  7.746e-01  
7.978e-01  1.322e-01  
2.516e-01  5.723e-01  
5.227e-02  8.517e-01  
2.895e-01  5.052e-01  
1.060e-01  7.469e-01  
1.900e-01  6.463e-01  
2.804e-02  9.570e-01  
8.036e-01  1.316e-01  
9.394e-01  7.211e-02  
1.063e+00  2.916e-02  
6.814e-02  8.337e-01  
4.828e-02  8.747e-01  
8.034e-01  1.439e-01  
9.031e-02  7.509e-01  
1.054e+00  2.956e-02  
9.814e-01  4.099e-02  
9.429e-01  5.895e-02  
2.390e-02  9.379e-01  
9.784e-01  3.548e-02  
2.094e-02  1.090e+00  
9.900e-01  4.510e-02  
9.524e-01  6.966e-02  
1.060e-01  7.469e-01  
7.912e-01  1.537e-01  
1.080e+00  2.708e-02  
1.060e-01  7.469e-01  
9.814e-01  4.099e-02  
9.662e-01  6.167e-02  
7.933e-01  1.371e-01  
2.804e-02  9.570e-01  
9.505e-01  8.150e-02  
9.505e-01  8.150e-02  
1.018e+00  2.384e-02  
9.640e-01  4.862e-02  
2.985e-01  5.204e-01  
1.092e-01  7.458e-01  
9.467e-01  7.095e-02  
5.421e-02  8.196e-01  
1.306e-01  7.287e-01  
5.456e-02  8.216e-01  
6.529e-01  2.199e-01  
7.995e-01  1.364e-01  
8.825e-02  7.746e-01  
7.964e-01  1.673e-01  
1.080e+00  2.708e-02  
2.516e-01  5.723e-01  
1.779e-01  6.735e-01  
3.211e-01  4.918e-01  
4.840e-01  3.609e-01  
9.328e-01  1.214e-01  
4.828e-02  8.747e-01  
1.947e-01  6.552e-01  
9.396e-01  8.343e-02  
7.889e-01  1.541e-01  
5.471e-02  8.329e-01  
1.054e+00  2.956e-02  
5.350e-01  3.460e-01  
3.635e-01  4.769e-01  
1.029e+00  2.312e-02  
6.929e-01  2.215e-01  
6.864e-01  2.099e-01  
2.865e-01  5.359e-01  
3.075e-01  5.971e-01  
8.351e-02  9.509e-01  
4.828e-02  8.747e-01  
1.873e-01  6.516e-01  
1.625e-01  6.638e-01  
4.467e-01  3.876e-01  
5.285e-01  3.694e-01  
3.692e-01  4.557e-01  
7.933e-01  1.371e-01  
3.246e-01  4.558e-01  
5.285e-01  3.694e-01  
8.051e-01  1.423e-01  
8.825e-02  7.746e-01  
7.964e-01  1.673e-01  
2.880e-01  4.962e-01  
3.211e-01  4.918e-01  
9.640e-01  4.862e-02  
3.482e-01  4.504e-01  
1.697e-01  6.732e-01  
2.904e-01  5.110e-01  
2.985e-01  5.204e-01  
5.853e-01  3.043e-01  
1.369e-01  7.029e-01  
3.452e-01  4.501e-01  
1.054e+00  2.956e-02  
6.866e-01  2.091e-01  
2.542e-01  5.787e-01  
1.054e+00  2.956e-02  
1.317e-01  7.571e-01  
5.347e-01  3.186e-01  
3.699e-01  4.187e-01  
1.369e-01  7.029e-01  
5.853e-01  3.043e-01  
9.429e-01  5.895e-02  
9.900e-01  4.510e-02  
4.275e-01  4.299e-01  
7.376e-02  8.325e-01  
4.374e-01  4.092e-01  
2.516e-01  5.723e-01  
2.434e-02  1.101e+00  
1.080e-01  7.349e-01  
4.840e-01  3.609e-01  
6.769e-01  2.321e-01  
5.285e-01  3.694e-01  
2.094e-02  1.090e+00  
2.094e-02  1.090e+00  
4.486e-01  3.963e-01  
4.467e-01  3.876e-01  
6.343e-01  2.371e-01  
1.202e-01  6.969e-01  
4.040e-01  4.326e-01  
