1.604e-02  9.469e-01  
1.072e+00  1.588e-02  
4.071e-01  4.214e-01  
6.704e-01  2.191e-01  
1.976e-01  6.173e-01  
5.419e-01  3.346e-01  
8.915e-02  7.663e-01  
3.004e-01  5.169e-01  
9.772e-01  6.977e-02  
9.797e-01  6.053e-02  
6.240e-02  8.774e-01  
5.276e-01  3.566e-01  
6.498e-01  3.163e-01  
2.651e-01  6.000e-01  
3.315e-01  4.770e-01  
7.790e-01  1.891e-01  
1.342e-01  7.090e-01  
1.350e-01  7.191e-01  
5.805e-01  3.517e-01  
7.912e-01  1.861e-01  
2.770e-01  5.227e-01  
4.691e-01  4.355e-01  
3.916e-01  4.126e-01  
9.759e-01  8.399e-02  
5.133e-01  3.836e-01  
9.864e-01  3.079e-02  
2.120e-01  6.014e-01  
1.682e-02  9.126e-01  
3.111e-01  4.756e-01  
6.290e-02  8.222e-01  
6.513e-01  2.238e-01  
7.313e-01  2.024e-01  
1.888e-01  6.498e-01  
7.263e-01  1.897e-01  
9.811e-01  3.707e-02  
2.840e-02  9.279e-01  
2.609e-01  5.336e-01  
9.781e-02  7.437e-01  
8.390e-02  7.646e-01  
5.235e-01  3.211e-01  
4.346e-01  4.393e-01  
5.262e-01  3.455e-01  
3.194e-01  4.867e-01  
2.120e-01  6.014e-01  
1.463e-01  6.879e-01  
6.890e-01  2.215e-01  
5.575e-01  3.572e-01  
9.766e-01  8.954e-02  
5.126e-01  4.030e-01  
2.150e-01  5.957e-01  
3.900e-01  4.192e-01  
2.860e-01  5.144e-01  
1.604e-02  9.469e-01  
5.820e-01  3.134e-01  
6.492e-02  8.341e-01  
4.186e-01  4.033e-01  
6.643e-01  2.204e-01  
1.010e+00  1.878e-02  
1.725e-01  6.606e-01  
9.768e-01  8.396e-02  
9.751e-01  6.155e-02  
3.434e-01  4.406e-01  
7.840e-01  1.894e-01  
7.031e-01  2.170e-01  
1.648e-01  6.419e-01  
7.840e-01  1.894e-01  
9.702e-02  8.179e-01  
6.585e-01  2.095e-01  
4.424e-01  3.943e-01  
5.334e-01  3.381e-01  
7.031e-01  2.170e-01  
1.885e-01  6.237e-01  
6.092e-01  3.141e-01  
3.054e-01  5.044e-01  
3.916e-01  4.126e-01  
1.422e-01  6.807e-01  
1.242e-01  7.613e-01  
7.263e-01  1.897e-01  
5.316e-01  3.316e-01  
9.856e-01  6.194e-02  
5.074e-01  3.290e-01  
2.836e-01  5.580e-01  
3.655e-01  4.590e-01  
5.276e-01  3.566e-01  
3.567e-01  4.492e-01  
5.316e-01  3.316e-01  
1.288e-01  6.983e-01  
2.055e-02  9.764e-01  
3.054e-01  5.044e-01  
4.784e-01  3.502e-01  
2.309e-01  6.234e-01  
6.870e-01  2.258e-01  
1.017e+00  2.875e-02  
2.769e-02  8.755e-01  
9.759e-01  8.399e-02  
2.385e-01  5.911e-01  
4.201e-01  4.436e-01  
6.500e-01  2.366e-01  
2.844e-01  5.141e-01  
4.769e-01  4.180e-01  
6.290e-02  8.222e-01  
1.134e-01  7.340e-01  
5.126e-01  4.030e-01  
8.725e-02  7.498e-01  
6.680e-01  2.855e-01  
9.775e-01  7.978e-02  
6.240e-02  8.774e-01  
4.284e-01  4.033e-01  
6.386e-01  2.651e-01  
6.973e-01  2.032e-01  
3.305e-01  4.565e-01  
1.823e-01  6.155e-01  
2.860e-01  5.144e-01  
3.315e-01  4.770e-01  
1.725e-01  6.606e-01  
9.792e-01  1.017e-01  
1.648e-01  6.722e-01  
7.352e-01  1.917e-01  
7.794e-02  8.083e-01  
7.015e-01  2.032e-01  
9.975e-01  2.475e-02  
2.107e-01  5.950e-01  
9.911e-01  4.478e-02  
1.578e-01  7.007e-01  
6.643e-01  2.204e-01  
1.604e-02  9.469e-01  
9.775e-01  7.231e-02  
2.924e-01  5.176e-01  
1.072e+00  1.588e-02  
2.954e-01  5.019e-01  
9.795e-01  7.110e-02  
1.342e-01  7.090e-01  
1.453e-01  6.508e-01  
8.059e-02  7.657e-01  
1.056e+00  1.596e-02  
9.751e-01  6.155e-02  
9.968e-01  3.417e-02  
2.328e-01  5.531e-01  
7.031e-01  2.170e-01  
1.843e-01  6.019e-01  
3.950e-02  8.443e-01  
6.100e-01  3.178e-01  
7.095e-01  2.277e-01  
2.924e-01  5.176e-01  
3.434e-01  4.406e-01  
4.201e-01  4.436e-01  
2.894e-01  5.859e-01  
5.194e-01  3.408e-01  
9.744e-02  7.426e-01  
2.393e-01  5.614e-01  
3.003e-01  5.479e-01  
6.978e-01  1.915e-01  
3.139e-01  5.272e-01  
4.424e-01  3.943e-01  
1.924e-01  5.976e-01  
5.796e-01  3.452e-01  
1.443e-01  6.724e-01  
2.309e-01  6.234e-01  
4.962e-01  3.767e-01  
5.951e-01  3.305e-01  
5.756e-01  3.223e-01  
2.553e-01  5.565e-01  
5.074e-01  3.290e-01  
1.578e-01  7.007e-01  
3.632e-01  4.358e-01  
3.111e-01  4.756e-01  
3.370e-01  4.789e-01  
5.276e-01  3.566e-01  
9.811e-01  3.707e-02  
5.575e-01  3.572e-01  
4.115e-01  4.215e-01  
5.458e-01  3.216e-01  
4.198e-02  9.883e-01  
5.133e-01  3.836e-01  
2.636e-02  9.595e-01  
5.413e-01  3.664e-01  
9.781e-02  7.437e-01  
3.994e-01  4.188e-01  
9.781e-02  7.437e-01  
4.697e-01  4.135e-01  
6.643e-01  2.204e-01  
2.385e-01  5.911e-01  
4.201e-01  4.436e-01  
3.655e-01  4.590e-01  
9.787e-01  9.260e-02  
7.015e-01  2.032e-01  
2.107e-01  5.950e-01  
3.305e-01  4.565e-01  
5.074e-01  3.290e-01  
3.435e-01  4.351e-01  
4.762e-01  3.849e-01  
5.413e-01  3.664e-01  
4.284e-01  4.033e-01  
3.994e-01  4.188e-01  
9.821e-01  4.158e-02  
7.011e-01  1.892e-01  
3.435e-01  4.351e-01  
6.560e-01  2.590e-01  
3.201e-01  5.090e-01  
1.342e-01  7.090e-01  
5.133e-01  3.836e-01  
2.439e-01  5.864e-01  
3.900e-01  4.192e-01  
7.004e-01  2.090e-01  
2.814e-01  5.247e-01  
5.458e-01  3.216e-01  
5.128e-01  3.975e-01  
7.549e-02  7.782e-01  
7.263e-01  1.897e-01  
1.682e-02  9.126e-01  
9.795e-01  7.110e-02  
6.447e-01  2.563e-01  
6.498e-01  3.163e-01  
1.930e-01  6.400e-01  
4.416e-01  4.183e-01  
9.820e-01  5.109e-02  
6.866e-01  1.924e-01  
6.643e-01  2.204e-01  
6.890e-01  2.215e-01  
8.915e-02  7.663e-01  
2.309e-01  6.234e-01  
1.342e-01  7.090e-01  
9.744e-02  7.426e-01  
6.866e-01  1.924e-01  
1.010e+00  1.878e-02  
1.885e-01  6.237e-01  
2.309e-01  6.234e-01  
1.648e-01  6.419e-01  
2.380e-01  5.643e-01  
7.794e-02  8.083e-01  
7.363e-01  1.871e-01  
9.775e-01  7.231e-02  
2.636e-02  9.595e-01  
3.139e-01  5.272e-01  
6.643e-01  2.204e-01  
7.146e-01  1.916e-01  
3.201e-01  5.090e-01  
6.240e-02  8.774e-01  
9.117e-02  7.714e-01  
6.560e-01  2.590e-01  
1.708e-02  9.307e-01  
6.242e-02  8.085e-01  
9.845e-01  7.289e-02  
1.540e-01  6.404e-01  
9.782e-01  1.043e-01  
7.321e-01  1.896e-01  
2.385e-01  5.911e-01  
9.803e-01  6.538e-02  
2.328e-01  5.531e-01  
1.682e-02  9.126e-01  
7.004e-01  2.090e-01  
9.778e-01  7.242e-02  
6.190e-02  9.197e-01  
6.904e-01  2.066e-01  
9.771e-01  5.553e-02  
1.040e+00  1.493e-02  
9.968e-01  3.417e-02  
1.045e+00  1.959e-02  
2.536e-01  5.504e-01  
9.968e-01  3.417e-02  
7.249e-01  2.132e-01  
7.011e-01  1.892e-01  
9.787e-01  9.260e-02  
1.682e-02  9.126e-01  
4.276e-01  3.915e-01  
9.759e-01  8.399e-02  
7.790e-01  1.891e-01  
7.352e-01  1.917e-01  
2.055e-02  9.764e-01  
2.632e-01  5.316e-01  
6.240e-02  8.774e-01  
2.090e-01  6.198e-01  
3.900e-01  4.192e-01  
3.054e-01  5.044e-01  
2.999e-01  5.040e-01  
7.328e-01  1.899e-01  
9.744e-02  7.426e-01  
1.342e-01  7.090e-01  
6.496e-01  2.366e-01  
7.395e-02  9.061e-01  
7.395e-02  9.061e-01  
2.380e-01  5.643e-01  
6.628e-01  2.824e-01  
6.585e-01  2.095e-01  
2.107e-01  5.950e-01  
6.642e-02  9.367e-01  
9.759e-01  8.399e-02  
1.289e-01  6.727e-01  
4.135e-02  8.412e-01  
1.342e-01  7.090e-01  
4.998e-01  3.403e-01  
4.697e-01  4.135e-01  
9.702e-02  8.179e-01  
6.890e-01  2.215e-01  
5.334e-01  3.285e-01  
3.435e-01  4.351e-01  
3.655e-01  4.590e-01  
2.393e-01  5.614e-01  
6.498e-01  3.163e-01  
4.321e-01  4.124e-01  
2.817e-02  9.902e-01  
4.346e-01  4.393e-01  
7.058e-01  3.239e-01  
4.691e-01  4.355e-01  
3.635e-01  4.430e-01  
5.133e-01  3.836e-01  
2.840e-02  9.279e-01  
3.305e-01  4.565e-01  
5.575e-01  3.572e-01  
4.201e-01  4.436e-01  
1.288e-01  6.983e-01  
2.328e-01  5.531e-01  
4.424e-01  3.943e-01  
7.328e-01  1.912e-01  
8.209e-02  8.288e-01  
4.455e-01  3.950e-01  
5.951e-01  3.305e-01  
6.085e-01  3.240e-01  
1.930e-01  6.400e-01  
5.796e-01  3.452e-01  
5.805e-01  3.517e-01  
5.334e-01  3.381e-01  
2.350e-01  5.462e-01  
9.772e-01  6.977e-02  
2.908e-01  5.274e-01  
9.744e-02  7.426e-01  
9.845e-01  7.289e-02  
6.452e-01  2.485e-01  
6.513e-01  2.238e-01  
1.301e-01  7.104e-01  
4.424e-01  3.943e-01  
3.900e-01  4.192e-01  
4.346e-01  4.393e-01  
1.453e-01  6.510e-01  
2.309e-01  6.234e-01  
3.435e-01  4.351e-01  
5.334e-01  3.381e-01  
9.795e-01  7.110e-02  
3.916e-01  4.630e-01  
2.037e-01  6.045e-01  
6.717e-01  2.531e-01  
1.725e-01  6.606e-01  
4.732e-01  3.707e-01  
5.502e-01  3.312e-01  
1.924e-01  5.976e-01  
9.778e-01  7.242e-02  
1.422e-01  6.807e-01  
5.502e-01  3.312e-01  
1.648e-01  6.419e-01  
4.248e-01  4.049e-01  
4.999e-01  3.499e-01  
1.647e-01  6.444e-01  
2.120e-01  6.014e-01  
9.833e-01  6.167e-02  
3.387e-01  4.408e-01  
3.435e-01  4.351e-01  
5.820e-01  3.134e-01  
3.128e-01  4.798e-01  
3.139e-01  5.272e-01  
3.685e-01  4.515e-01  
8.209e-02  8.288e-01  
3.900e-01  4.192e-01  
4.691e-01  4.355e-01  
2.055e-02  9.764e-01  
3.568e-01  4.749e-01  
3.054e-01  5.044e-01  
7.790e-01  1.891e-01  
5.458e-01  3.216e-01  
5.951e-01  3.305e-01  
6.643e-01  2.204e-01  
3.387e-01  4.408e-01  
2.844e-01  5.141e-01  
2.037e-01  6.045e-01  
5.334e-01  3.381e-01  
7.031e-01  2.170e-01  
5.796e-01  3.452e-01  
7.352e-01  1.917e-01  
1.725e-01  6.606e-01  
9.878e-01  5.123e-02  
7.794e-02  8.083e-01  
6.085e-01  3.240e-01  
4.732e-01  3.707e-01  
2.836e-01  5.580e-01  
5.334e-01  3.381e-01  
9.744e-02  7.426e-01  
4.893e-01  4.159e-01  
3.245e-01  5.049e-01  
5.276e-01  3.566e-01  
9.911e-01  4.478e-02  
6.513e-01  2.238e-01  
5.796e-01  3.452e-01  
1.301e-01  7.104e-01  
4.198e-02  9.883e-01  
3.024e-01  5.450e-01  
7.790e-01  1.891e-01  
3.435e-01  4.365e-01  
7.321e-01  1.896e-01  
1.604e-02  9.469e-01  
1.056e+00  1.596e-02  
5.276e-01  3.566e-01  
2.064e-01  5.825e-01  
7.105e-01  2.007e-01  
2.055e-02  9.764e-01  
7.328e-01  1.912e-01  
7.015e-01  2.032e-01  
6.511e-02  8.037e-01  
2.836e-01  5.580e-01  
3.305e-01  4.565e-01  
4.346e-01  4.393e-01  
9.779e-01  9.170e-02  
7.790e-01  1.891e-01  
1.463e-01  6.879e-01  
7.031e-01  2.170e-01  
6.780e-01  1.997e-01  
3.201e-01  5.090e-01  
4.284e-01  4.033e-01  
2.836e-01  5.580e-01  
4.346e-01  4.393e-01  
4.999e-01  3.499e-01  
2.019e-01  6.539e-01  
6.866e-01  1.924e-01  
2.309e-01  6.234e-01  
9.764e-01  8.163e-02  
3.054e-01  5.044e-01  
4.691e-01  4.355e-01  
3.305e-01  4.565e-01  
1.664e-01  6.527e-01  
1.888e-01  6.498e-01  
4.730e-01  3.904e-01  
6.498e-01  3.163e-01  
7.249e-01  2.132e-01  
3.225e-01  4.837e-01  
6.498e-01  3.163e-01  
6.491e-01  2.820e-01  
4.736e-02  8.466e-01  
6.683e-01  2.106e-01  
9.751e-01  6.155e-02  
1.648e-01  6.722e-01  
1.422e-01  6.807e-01  
2.899e-01  4.905e-01  
4.021e-01  4.428e-01  
1.753e-01  6.150e-01  
1.810e-01  6.517e-01  
3.011e-01  5.033e-01  
2.037e-01  6.045e-01  
4.697e-01  4.135e-01  
6.870e-01  2.258e-01  
6.874e-02  7.887e-01  
7.790e-01  1.891e-01  
3.994e-01  4.188e-01  
2.840e-02  9.406e-01  
9.781e-02  7.437e-01  
6.866e-01  1.924e-01  
1.725e-01  6.606e-01  
1.453e-01  6.508e-01  
2.328e-01  5.531e-01  
9.911e-01  4.478e-02  
9.795e-01  7.110e-02  
2.436e-01  5.460e-01  
1.011e+00  2.417e-02  
5.413e-01  3.664e-01  
2.529e-01  5.636e-01  
7.004e-01  2.090e-01  
1.930e-01  6.400e-01  
7.395e-02  9.061e-01  
1.056e+00  1.596e-02  
1.994e-01  6.096e-01  
1.288e-01  6.983e-01  
7.146e-01  1.916e-01  
1.017e+00  2.875e-02  
6.866e-01  1.924e-01  
9.764e-01  8.163e-02  
9.820e-01  5.109e-02  
1.532e-01  7.061e-01  
1.648e-01  6.722e-01  
6.878e-01  2.064e-01  
5.951e-01  3.305e-01  
1.017e+00  2.307e-02  
4.998e-01  3.403e-01  
7.031e-01  2.170e-01  
7.146e-01  1.916e-01  
9.794e-01  5.362e-02  
1.072e+00  1.588e-02  
6.459e-02  8.739e-01  
1.568e-01  7.061e-01  
7.146e-01  1.916e-01  
7.233e-02  7.888e-01  
9.795e-01  7.110e-02  
2.439e-01  5.864e-01  
6.190e-02  9.197e-01  
2.844e-01  5.141e-01  
1.137e-01  7.627e-01  
1.729e-01  6.227e-01  
2.887e-02  9.104e-01  
9.751e-01  6.155e-02  
9.771e-01  5.553e-02  
1.010e+00  1.878e-02  
7.395e-02  9.061e-01  
2.817e-02  9.902e-01  
9.771e-01  5.553e-02  
1.000e-01  7.432e-01  
9.968e-01  3.417e-02  
9.821e-01  4.158e-02  
1.017e+00  2.875e-02  
2.769e-02  8.755e-01  
9.934e-01  3.105e-02  
1.775e-02  9.005e-01  
1.017e+00  2.875e-02  
9.819e-01  6.814e-02  
9.702e-02  8.179e-01  
7.011e-01  1.892e-01  
9.968e-01  3.417e-02  
1.242e-01  7.613e-01  
9.968e-01  3.417e-02  
9.772e-01  6.977e-02  
7.015e-01  2.032e-01  
2.636e-02  9.595e-01  
9.787e-01  9.260e-02  
9.911e-01  4.478e-02  
1.011e+00  2.417e-02  
9.911e-01  4.478e-02  
3.011e-01  5.033e-01  
8.725e-02  7.498e-01  
9.797e-01  6.053e-02  
7.395e-02  9.061e-01  
9.744e-02  7.426e-01  
6.240e-02  8.774e-01  
6.513e-01  2.238e-01  
9.764e-01  8.163e-02  
9.702e-02  8.179e-01  
7.353e-01  1.961e-01  
1.048e+00  1.463e-02  
2.485e-01  5.436e-01  
1.725e-01  6.606e-01  
3.139e-01  5.272e-01  
5.575e-01  3.572e-01  
9.764e-01  8.163e-02  
2.840e-02  9.279e-01  
1.994e-01  6.096e-01  
9.766e-01  8.954e-02  
7.328e-01  1.912e-01  
7.395e-02  9.061e-01  
9.976e-01  1.908e-02  
5.334e-01  3.285e-01  
3.201e-01  5.090e-01  
1.056e+00  1.596e-02  
7.249e-01  2.132e-01  
6.866e-01  1.924e-01  
3.004e-01  5.169e-01  
2.436e-01  5.460e-01  
8.612e-02  7.704e-01  
2.773e-02  9.078e-01  
1.930e-01  6.400e-01  
1.924e-01  5.976e-01  
5.276e-01  3.566e-01  
5.074e-01  3.290e-01  
3.434e-01  4.406e-01  
7.004e-01  2.090e-01  
3.233e-01  4.745e-01  
4.998e-01  3.403e-01  
9.790e-01  8.967e-02  
7.233e-02  7.888e-01  
7.011e-01  1.892e-01  
2.844e-01  5.141e-01  
2.836e-01  5.580e-01  
9.821e-01  4.158e-02  
3.434e-01  4.406e-01  
1.614e-01  6.490e-01  
2.908e-01  5.274e-01  
2.908e-01  5.274e-01  
6.197e-01  3.188e-01  
1.540e-01  6.404e-01  
3.305e-01  4.565e-01  
9.948e-01  1.983e-02  
7.300e-01  1.904e-01  
2.553e-01  5.565e-01  
1.007e+00  2.809e-02  
9.781e-02  7.437e-01  
5.334e-01  3.285e-01  
3.900e-01  4.192e-01  
1.288e-01  6.983e-01  
5.579e-01  3.190e-01  
9.795e-01  7.110e-02  
9.817e-01  5.677e-02  
3.979e-01  4.058e-01  
7.709e-02  7.809e-01  
4.697e-01  4.135e-01  
3.054e-01  5.044e-01  
1.604e-02  9.469e-01  
9.783e-02  7.491e-01  
5.334e-01  3.381e-01  
6.870e-01  2.258e-01  
5.334e-01  3.285e-01  
2.817e-02  9.902e-01  
2.817e-02  9.902e-01  
4.769e-01  4.180e-01  
4.284e-01  4.033e-01  
6.717e-01  2.531e-01  
1.614e-01  6.490e-01  
4.346e-01  4.393e-01  
