4.452e-04  1.007e+00  
1.000e+00  1.171e-06  
4.439e-01  4.163e-01  
7.181e-01  2.060e-01  
2.306e-01  6.017e-01  
5.215e-01  3.446e-01  
1.204e-01  8.684e-01  
3.260e-01  5.305e-01  
9.030e-01  1.235e-01  
9.627e-01  4.805e-02  
4.071e-02  9.023e-01  
4.883e-01  3.850e-01  
7.062e-01  3.302e-01  
2.348e-01  5.757e-01  
3.059e-01  4.953e-01  
8.300e-01  1.827e-01  
1.217e-01  7.298e-01  
1.274e-01  7.231e-01  
6.258e-01  3.182e-01  
8.661e-01  1.457e-01  
2.855e-01  5.264e-01  
4.580e-01  3.952e-01  
3.833e-01  4.822e-01  
9.788e-01  9.033e-02  
5.263e-01  4.051e-01  
9.880e-01  1.148e-02  
1.817e-01  6.275e-01  
1.404e-02  9.972e-01  
3.198e-01  5.637e-01  
7.674e-02  9.055e-01  
6.883e-01  2.480e-01  
7.288e-01  2.051e-01  
1.883e-01  6.623e-01  
7.471e-01  1.841e-01  
9.570e-01  3.498e-02  
4.217e-02  9.020e-01  
2.529e-01  6.170e-01  
1.386e-01  7.120e-01  
9.559e-02  8.076e-01  
5.702e-01  3.170e-01  
4.145e-01  4.917e-01  
5.018e-01  3.352e-01  
4.127e-01  5.036e-01  
2.446e-01  5.648e-01  
1.342e-01  7.033e-01  
7.001e-01  2.314e-01  
4.873e-01  3.626e-01  
9.619e-01  8.192e-02  
5.156e-01  3.523e-01  
2.012e-01  6.712e-01  
4.376e-01  4.737e-01  
3.101e-01  5.695e-01  
4.330e-03  9.999e-01  
6.420e-01  3.136e-01  
4.217e-02  9.020e-01  
5.263e-01  4.051e-01  
7.074e-01  3.030e-01  
1.000e+00  1.022e-06  
2.012e-01  6.712e-01  
9.619e-01  8.192e-02  
8.592e-01  1.328e-01  
3.120e-01  5.218e-01  
8.254e-01  1.696e-01  
7.225e-01  2.092e-01  
1.820e-01  7.006e-01  
8.300e-01  1.827e-01  
1.204e-01  8.684e-01  
7.001e-01  2.314e-01  
4.580e-01  3.952e-01  
5.156e-01  3.523e-01  
7.521e-01  1.877e-01  
1.883e-01  6.623e-01  
5.328e-01  3.155e-01  
3.132e-01  5.304e-01  
5.004e-01  4.416e-01  
1.226e-01  7.052e-01  
1.218e-01  7.668e-01  
7.346e-01  2.106e-01  
5.743e-01  3.248e-01  
9.423e-01  4.798e-02  
6.420e-01  3.136e-01  
2.963e-01  5.722e-01  
4.060e-01  4.569e-01  
4.798e-01  3.346e-01  
4.011e-01  5.353e-01  
5.329e-01  3.593e-01  
1.364e-01  7.065e-01  
4.071e-02  9.023e-01  
3.864e-01  5.477e-01  
4.798e-01  3.346e-01  
2.306e-01  6.017e-01  
7.181e-01  2.060e-01  
9.570e-01  3.498e-02  
9.022e-04  1.004e+00  
9.140e-01  8.551e-02  
2.446e-01  5.648e-01  
4.020e-01  4.610e-01  
6.201e-01  2.706e-01  
2.697e-01  5.816e-01  
4.533e-01  4.023e-01  
4.143e-02  9.103e-01  
1.217e-01  7.298e-01  
4.601e-01  3.716e-01  
1.204e-01  8.684e-01  
6.420e-01  3.136e-01  
8.206e-01  1.455e-01  
1.373e-02  9.980e-01  
4.439e-01  4.163e-01  
6.702e-01  2.472e-01  
7.133e-01  2.359e-01  
3.120e-01  5.218e-01  
1.321e-01  6.981e-01  
3.025e-01  5.482e-01  
3.403e-01  4.876e-01  
2.348e-01  5.757e-01  
9.208e-01  8.826e-02  
1.538e-01  7.045e-01  
7.994e-01  1.551e-01  
4.452e-04  1.007e+00  
9.140e-01  8.551e-02  
9.882e-01  6.802e-03  
2.142e-01  6.288e-01  
9.213e-01  8.395e-02  
1.321e-01  6.981e-01  
7.030e-01  2.260e-01  
1.499e-03  9.995e-01  
9.241e-01  6.026e-02  
3.864e-01  5.477e-01  
9.882e-01  6.802e-03  
3.620e-01  6.722e-01  
9.213e-01  8.395e-02  
1.042e-01  8.307e-01  
1.204e-01  7.252e-01  
1.204e-01  8.684e-01  
1.087e+00  2.550e-02  
8.396e-01  1.219e-01  
9.880e-01  1.148e-02  
2.306e-01  6.017e-01  
8.396e-01  2.260e-01  
2.162e-01  5.873e-01  
3.975e-02  9.035e-01  
6.068e-01  2.939e-01  
6.989e-01  2.542e-01  
3.101e-01  5.695e-01  
3.989e-01  4.534e-01  
4.754e-01  5.174e-01  
2.142e-01  6.288e-01  
5.393e-01  3.646e-01  
1.239e-01  7.662e-01  
2.304e-01  5.571e-01  
2.963e-01  5.722e-01  
8.997e-01  1.477e-01  
2.772e-01  5.606e-01  
4.684e-01  3.829e-01  
1.822e-01  7.024e-01  
6.211e-01  3.536e-01  
1.336e-01  7.096e-01  
2.348e-01  5.757e-01  
5.180e-01  3.641e-01  
5.741e-01  3.215e-01  
6.406e-01  2.484e-01  
2.646e-01  5.865e-01  
4.798e-01  3.346e-01  
1.342e-01  7.033e-01  
3.833e-01  4.822e-01  
3.864e-01  5.477e-01  
3.833e-01  4.822e-01  
5.393e-01  3.646e-01  
9.566e-01  3.974e-02  
5.308e-01  3.518e-01  
4.333e-01  4.484e-01  
6.113e-01  2.871e-01  
9.022e-04  1.004e+00  
4.593e-01  3.785e-01  
4.071e-02  9.023e-01  
5.393e-01  3.646e-01  
1.042e-01  8.307e-01  
4.422e-01  4.634e-01  
1.204e-01  8.684e-01  
4.601e-01  3.716e-01  
7.000e-01  2.667e-01  
2.646e-01  5.865e-01  
4.060e-01  4.569e-01  
3.120e-01  5.218e-01  
7.994e-01  1.551e-01  
7.978e-01  1.759e-01  
2.469e-01  5.994e-01  
4.047e-01  4.535e-01  
5.629e-01  3.877e-01  
3.120e-01  5.218e-01  
5.111e-01  4.081e-01  
6.211e-01  3.536e-01  
4.601e-01  3.716e-01  
4.376e-01  4.737e-01  
9.513e-01  4.815e-02  
7.346e-01  2.106e-01  
3.120e-01  5.218e-01  
7.233e-01  2.383e-01  
3.428e-01  4.835e-01  
1.217e-01  7.298e-01  
5.702e-01  3.170e-01  
2.712e-01  5.856e-01  
4.323e-01  3.728e-01  
8.651e-01  9.567e-02  
2.902e-01  5.502e-01  
6.420e-01  3.136e-01  
5.263e-01  4.051e-01  
4.811e-02  9.103e-01  
7.450e-01  1.671e-01  
4.452e-04  1.007e+00  
9.828e-01  8.008e-02  
7.334e-01  2.596e-01  
6.064e-01  3.224e-01  
1.837e-01  6.708e-01  
5.156e-01  3.523e-01  
9.828e-01  8.008e-02  
7.183e-01  2.091e-01  
6.806e-01  2.116e-01  
7.334e-01  2.596e-01  
9.744e-02  8.034e-01  
2.167e-01  6.181e-01  
1.668e-01  7.265e-01  
1.386e-01  7.120e-01  
7.159e-01  2.315e-01  
9.741e-01  1.701e-02  
1.822e-01  7.024e-01  
1.735e-01  7.332e-01  
1.558e-01  6.480e-01  
2.963e-01  5.722e-01  
7.674e-02  9.055e-01  
8.544e-01  1.431e-01  
9.161e-01  8.582e-02  
1.499e-03  9.995e-01  
3.739e-01  5.651e-01  
7.001e-01  2.314e-01  
7.774e-01  2.060e-01  
2.974e-01  5.456e-01  
6.869e-02  9.180e-01  
9.744e-02  8.034e-01  
6.431e-01  2.690e-01  
4.452e-04  1.007e+00  
3.975e-02  9.035e-01  
9.213e-01  8.395e-02  
1.822e-01  7.024e-01  
8.348e-01  1.349e-01  
8.661e-01  1.457e-01  
2.347e-01  6.161e-01  
1.011e+00  4.470e-02  
2.933e-01  5.779e-01  
1.448e-02  9.970e-01  
8.306e-01  1.288e-01  
8.531e-01  1.218e-01  
4.811e-02  9.103e-01  
7.219e-01  2.099e-01  
9.171e-01  7.734e-02  
1.000e+00  2.039e-07  
1.013e+00  3.357e-02  
1.380e+00  7.771e-03  
2.304e-01  5.571e-01  
9.917e-01  2.469e-02  
7.181e-01  2.060e-01  
7.102e-01  1.969e-01  
8.521e-01  1.433e-01  
1.065e-03  9.992e-01  
5.263e-01  4.051e-01  
9.788e-01  9.033e-02  
9.788e-01  9.033e-02  
7.521e-01  1.877e-01  
4.566e-02  9.074e-01  
2.304e-01  5.571e-01  
4.811e-02  9.103e-01  
1.781e-01  6.487e-01  
4.519e-01  4.445e-01  
3.864e-01  5.477e-01  
2.980e-01  4.998e-01  
8.997e-01  1.477e-01  
6.869e-02  9.180e-01  
1.822e-01  7.024e-01  
7.328e-01  2.699e-01  
4.811e-02  9.103e-01  
9.796e-02  8.676e-01  
2.304e-01  5.571e-01  
6.406e-01  2.484e-01  
7.033e-01  2.507e-01  
2.012e-01  6.712e-01  
1.211e-04  1.004e+00  
9.144e-01  8.200e-02  
1.336e-01  7.082e-01  
4.288e-02  9.074e-01  
1.336e-01  7.082e-01  
5.702e-01  3.170e-01  
5.097e-01  4.114e-01  
1.544e-01  7.447e-01  
6.994e-01  3.153e-01  
6.258e-01  3.182e-01  
3.689e-01  4.698e-01  
4.376e-01  4.737e-01  
2.446e-01  5.648e-01  
5.933e-01  2.946e-01  
4.519e-01  4.445e-01  
1.404e-02  9.972e-01  
3.833e-01  4.822e-01  
6.406e-01  2.484e-01  
4.873e-01  3.626e-01  
4.011e-01  5.353e-01  
5.263e-01  4.051e-01  
4.452e-04  1.007e+00  
3.776e-01  5.011e-01  
5.446e-01  3.294e-01  
4.536e-01  4.608e-01  
1.386e-01  7.120e-01  
2.529e-01  6.170e-01  
4.593e-01  3.785e-01  
7.994e-01  1.551e-01  
1.227e-01  7.149e-01  
5.156e-01  3.523e-01  
6.064e-01  3.224e-01  
6.447e-01  3.466e-01  
2.529e-01  6.170e-01  
5.446e-01  3.294e-01  
6.113e-01  2.871e-01  
5.741e-01  3.215e-01  
2.646e-01  5.865e-01  
9.828e-01  8.008e-02  
2.964e-01  5.170e-01  
9.796e-02  8.676e-01  
9.036e-01  7.661e-02  
6.916e-01  2.773e-01  
7.000e-01  2.667e-01  
1.227e-01  7.149e-01  
5.004e-01  4.416e-01  
4.243e-01  4.370e-01  
3.989e-01  4.534e-01  
1.227e-01  7.149e-01  
2.291e-01  5.746e-01  
3.059e-01  4.953e-01  
6.064e-01  3.224e-01  
9.179e-01  1.032e-01  
4.127e-01  5.036e-01  
2.529e-01  6.170e-01  
6.482e-01  2.440e-01  
2.291e-01  5.746e-01  
5.111e-01  4.081e-01  
6.211e-01  3.536e-01  
2.529e-01  6.170e-01  
8.544e-01  1.431e-01  
1.544e-01  7.447e-01  
5.308e-01  3.518e-01  
1.617e-01  6.345e-01  
4.932e-01  3.746e-01  
4.323e-01  3.728e-01  
1.456e-01  6.888e-01  
2.162e-01  5.873e-01  
7.994e-01  1.551e-01  
3.474e-01  5.306e-01  
3.578e-01  5.332e-01  
6.113e-01  2.871e-01  
3.059e-01  4.953e-01  
3.428e-01  4.835e-01  
3.741e-01  4.653e-01  
9.225e-02  8.097e-01  
5.156e-01  3.523e-01  
4.536e-01  4.608e-01  
4.436e-02  9.071e-01  
4.127e-01  5.036e-01  
3.132e-01  5.304e-01  
7.978e-01  1.759e-01  
5.296e-01  3.205e-01  
5.702e-01  3.170e-01  
6.916e-01  2.773e-01  
3.864e-01  5.477e-01  
2.958e-01  5.205e-01  
2.814e-01  5.889e-01  
5.263e-01  4.051e-01  
6.916e-01  2.773e-01  
5.393e-01  3.646e-01  
7.198e-01  1.831e-01  
2.142e-01  6.288e-01  
9.135e-01  5.864e-02  
4.217e-02  9.020e-01  
6.420e-01  3.136e-01  
4.932e-01  3.746e-01  
3.864e-01  5.477e-01  
5.328e-01  3.155e-01  
1.218e-01  7.668e-01  
4.601e-01  3.716e-01  
3.059e-01  4.953e-01  
4.634e-01  3.646e-01  
9.516e-01  8.189e-02  
6.420e-01  3.136e-01  
6.211e-01  3.536e-01  
1.301e-01  6.931e-01  
3.542e-03  9.983e-01  
2.974e-01  5.456e-01  
7.994e-01  1.551e-01  
4.127e-01  5.187e-01  
8.359e-01  1.456e-01  
1.567e-03  9.987e-01  
1.051e+00  2.328e-02  
5.329e-01  3.593e-01  
2.529e-01  6.170e-01  
7.183e-01  2.091e-01  
4.071e-02  9.023e-01  
8.779e-01  1.307e-01  
7.994e-01  1.551e-01  
4.436e-02  9.071e-01  
2.963e-01  5.722e-01  
4.047e-01  4.535e-01  
4.376e-01  4.737e-01  
9.208e-01  8.826e-02  
7.731e-01  1.753e-01  
1.633e-01  7.329e-01  
8.396e-01  2.260e-01  
7.375e-01  2.331e-01  
3.198e-01  5.637e-01  
4.932e-01  3.746e-01  
2.855e-01  5.264e-01  
4.601e-01  3.716e-01  
5.018e-01  3.352e-01  
1.883e-01  6.623e-01  
7.225e-01  2.092e-01  
1.837e-01  6.708e-01  
9.161e-01  8.582e-02  
3.102e-01  5.728e-01  
4.519e-01  4.445e-01  
3.740e-01  4.757e-01  
1.386e-01  7.120e-01  
1.321e-01  6.981e-01  
4.323e-01  3.728e-01  
6.296e-01  2.806e-01  
6.798e-01  2.321e-01  
3.739e-01  5.651e-01  
7.062e-01  3.302e-01  
7.074e-01  3.030e-01  
4.288e-02  9.074e-01  
7.181e-01  2.060e-01  
9.208e-01  8.826e-02  
1.386e-01  7.120e-01  
1.321e-01  6.981e-01  
2.974e-01  5.456e-01  
3.989e-01  4.534e-01  
1.925e-01  6.788e-01  
1.386e-01  7.120e-01  
3.102e-01  5.728e-01  
2.525e-01  5.344e-01  
4.873e-01  3.626e-01  
7.183e-01  2.091e-01  
4.300e-02  9.037e-01  
8.661e-01  1.457e-01  
4.536e-01  4.608e-01  
3.956e-02  9.196e-01  
1.376e-01  7.845e-01  
7.030e-01  2.260e-01  
2.534e-01  6.193e-01  
1.226e-01  7.052e-01  
2.963e-01  5.722e-01  
9.513e-01  4.815e-02  
9.070e-01  9.248e-02  
2.575e-01  5.630e-01  
1.000e+00  2.039e-07  
5.147e-01  3.602e-01  
2.575e-01  5.630e-01  
9.070e-01  9.248e-02  
2.012e-01  6.712e-01  
1.211e-04  1.004e+00  
9.882e-01  6.802e-03  
2.170e-01  6.516e-01  
1.204e-01  7.252e-01  
8.300e-01  1.827e-01  
9.241e-01  6.026e-02  
6.283e-01  2.570e-01  
8.359e-01  1.456e-01  
9.999e-01  2.170e-02  
1.677e-01  6.760e-01  
1.781e-01  6.487e-01  
7.183e-01  2.091e-01  
6.113e-01  2.871e-01  
9.999e-01  2.170e-02  
5.393e-01  3.646e-01  
6.482e-01  2.440e-01  
7.927e-01  1.628e-01  
9.566e-01  3.974e-02  
1.000e+00  2.039e-07  
4.071e-02  9.023e-01  
1.342e-01  7.033e-01  
7.102e-01  1.969e-01  
1.008e-01  8.162e-01  
8.661e-01  1.457e-01  
2.469e-01  5.994e-01  
4.120e-02  9.021e-01  
3.739e-01  5.651e-01  
1.570e-01  1.028e+00  
2.012e-01  6.712e-01  
1.433e-02  9.955e-01  
8.318e-01  1.168e-01  
9.918e-01  7.295e-02  
9.213e-01  8.395e-02  
4.043e-02  9.046e-01  
1.211e-04  1.004e+00  
8.508e-01  1.415e-01  
1.204e-01  8.684e-01  
9.213e-01  8.395e-02  
9.989e-01  2.424e-02  
9.213e-01  8.395e-02  
9.022e-04  1.004e+00  
9.989e-01  2.424e-02  
1.378e-02  9.913e-01  
9.999e-01  2.170e-02  
9.423e-01  4.798e-02  
1.019e-01  7.898e-01  
7.552e-01  1.909e-01  
1.000e+00  2.860e-07  
1.202e-01  7.358e-01  
1.013e+00  3.357e-02  
9.858e-01  5.249e-02  
8.661e-01  1.457e-01  
1.404e-02  9.972e-01  
8.902e-01  1.175e-01  
9.774e-01  8.683e-02  
9.850e-01  1.232e-02  
9.999e-01  2.170e-02  
3.739e-01  5.651e-01  
1.321e-01  6.981e-01  
9.241e-01  6.026e-02  
4.071e-02  9.023e-01  
1.260e-01  7.487e-01  
4.436e-02  9.071e-01  
7.001e-01  2.314e-01  
9.206e-01  1.444e-01  
1.042e-01  8.307e-01  
7.181e-01  2.060e-01  
1.000e+00  1.022e-06  
2.498e-01  5.686e-01  
2.348e-01  5.757e-01  
2.964e-01  5.170e-01  
5.215e-01  3.446e-01  
9.070e-01  9.248e-02  
1.433e-02  9.955e-01  
2.142e-01  6.288e-01  
9.283e-01  7.077e-02  
7.616e-01  1.858e-01  
4.436e-02  9.071e-01  
9.693e-01  2.544e-02  
5.215e-01  3.446e-01  
3.986e-01  5.070e-01  
1.380e+00  7.771e-03  
7.030e-01  2.260e-01  
7.183e-01  2.091e-01  
3.260e-01  5.305e-01  
2.814e-01  5.889e-01  
1.217e-01  7.298e-01  
4.452e-04  1.007e+00  
1.781e-01  6.487e-01  
1.895e-01  6.596e-01  
5.156e-01  3.523e-01  
4.897e-01  3.430e-01  
3.951e-01  4.865e-01  
8.348e-01  1.349e-01  
3.132e-01  5.304e-01  
4.798e-01  3.346e-01  
9.828e-01  8.008e-02  
9.225e-02  8.097e-01  
7.181e-01  2.060e-01  
2.958e-01  5.205e-01  
3.251e-01  5.416e-01  
9.863e-01  3.394e-02  
3.833e-01  4.822e-01  
1.538e-01  7.045e-01  
2.943e-01  5.683e-01  
2.964e-01  5.170e-01  
6.447e-01  3.466e-01  
1.456e-01  6.888e-01  
3.535e-01  4.794e-01  
9.850e-01  1.232e-02  
7.346e-01  2.106e-01  
2.446e-01  5.648e-01  
9.989e-01  2.424e-02  
1.544e-01  7.447e-01  
5.393e-01  3.646e-01  
3.989e-01  4.534e-01  
1.321e-01  6.981e-01  
6.296e-01  2.806e-01  
9.858e-01  5.249e-02  
9.423e-01  4.798e-02  
4.536e-01  4.608e-01  
4.090e-02  9.018e-01  
4.405e-01  3.699e-01  
2.627e-01  5.605e-01  
1.448e-02  9.970e-01  
1.218e-01  7.668e-01  
5.215e-01  3.446e-01  
7.132e-01  2.246e-01  
5.215e-01  3.446e-01  
1.499e-03  9.995e-01  
5.345e-04  9.995e-01  
4.580e-01  3.952e-01  
4.282e-01  4.032e-01  
6.482e-01  2.440e-01  
1.668e-01  7.265e-01  
4.447e-01  4.497e-01  
