3.188e-02  1.032e+00  
1.030e+00  8.159e-02  
7.200e-01  5.878e-01  
9.084e-01  3.218e-01  
2.141e-01  1.008e+00  
8.394e-01  4.488e-01  
4.093e-02  1.031e+00  
5.180e-01  8.562e-01  
1.008e+00  1.691e-01  
1.011e+00  9.938e-02  
3.539e-02  1.031e+00  
7.248e-01  5.730e-01  
8.437e-01  4.005e-01  
3.988e-01  9.151e-01  
5.513e-01  7.698e-01  
1.006e+00  1.448e-01  
3.006e-02  1.031e+00  
5.324e-02  1.032e+00  
8.385e-01  4.575e-01  
1.004e+00  1.634e-01  
4.495e-01  9.082e-01  
6.848e-01  6.134e-01  
6.821e-01  6.430e-01  
1.009e+00  1.025e-01  
7.795e-01  5.527e-01  
1.032e+00  4.502e-02  
3.864e-01  9.139e-01  
3.975e-02  1.032e+00  
5.227e-01  7.955e-01  
3.188e-02  1.032e+00  
8.450e-01  3.781e-01  
1.009e+00  2.022e-01  
2.169e-01  1.015e+00  
1.002e+00  1.801e-01  
1.029e+00  4.849e-02  
4.311e-02  1.031e+00  
4.179e-01  9.097e-01  
3.337e-02  1.031e+00  
3.148e-02  1.031e+00  
8.394e-01  4.488e-01  
5.902e-01  7.654e-01  
8.179e-01  5.523e-01  
5.227e-01  7.955e-01  
3.855e-01  9.134e-01  
2.141e-01  1.008e+00  
9.270e-01  3.032e-01  
7.134e-01  5.716e-01  
1.009e+00  1.025e-01  
6.833e-01  6.203e-01  
3.380e-01  9.839e-01  
6.760e-01  6.437e-01  
4.582e-01  9.090e-01  
3.739e-02  1.031e+00  
8.395e-01  4.747e-01  
4.324e-02  1.031e+00  
6.782e-01  6.479e-01  
8.513e-01  3.720e-01  
1.044e+00  6.127e-02  
2.141e-01  1.008e+00  
1.011e+00  1.020e-01  
1.007e+00  1.678e-01  
6.379e-01  7.562e-01  
1.006e+00  1.448e-01  
9.084e-01  3.218e-01  
2.150e-01  1.012e+00  
1.004e+00  1.634e-01  
3.030e-02  1.031e+00  
8.395e-01  4.747e-01  
6.818e-01  6.277e-01  
7.834e-01  5.553e-01  
1.006e+00  1.826e-01  
3.649e-01  1.107e+00  
8.430e-01  4.098e-01  
5.179e-01  8.578e-01  
6.794e-01  6.742e-01  
2.137e-01  1.010e+00  
4.618e-02  1.032e+00  
1.006e+00  1.826e-01  
8.362e-01  4.651e-01  
1.027e+00  7.000e-02  
8.385e-01  4.575e-01  
4.452e-01  9.081e-01  
6.379e-01  7.562e-01  
7.124e-01  5.771e-01  
6.144e-01  7.586e-01  
7.795e-01  5.527e-01  
2.233e-01  1.018e+00  
4.324e-02  1.031e+00  
5.206e-01  7.959e-01  
7.623e-01  5.518e-01  
3.647e-01  9.300e-01  
8.867e-01  3.320e-01  
1.024e+00  8.085e-02  
4.324e-02  1.031e+00  
1.008e+00  1.691e-01  
3.880e-01  9.143e-01  
6.379e-01  7.562e-01  
8.531e-01  3.771e-01  
3.864e-01  9.139e-01  
7.013e-01  5.986e-01  
4.233e-02  1.031e+00  
3.030e-02  1.031e+00  
7.357e-01  5.677e-01  
3.480e-02  1.031e+00  
8.395e-01  4.747e-01  
1.005e+00  1.896e-01  
3.188e-02  1.032e+00  
6.821e-01  6.430e-01  
8.592e-01  3.587e-01  
1.006e+00  1.359e-01  
5.915e-01  7.620e-01  
1.555e-01  1.066e+00  
3.880e-01  9.143e-01  
5.518e-01  7.670e-01  
3.848e-01  9.183e-01  
1.016e+00  9.545e-02  
2.150e-01  1.012e+00  
1.005e+00  1.516e-01  
3.198e-02  1.031e+00  
1.042e+00  5.331e-02  
1.027e+00  4.759e-02  
3.685e-01  9.278e-01  
1.016e+00  9.545e-02  
3.591e-02  1.031e+00  
9.270e-01  3.032e-01  
3.187e-02  1.032e+00  
1.016e+00  9.545e-02  
5.206e-01  7.959e-01  
1.052e+00  4.565e-02  
4.534e-01  9.091e-01  
1.024e+00  8.085e-02  
4.392e-02  1.031e+00  
2.141e-01  1.008e+00  
3.337e-02  1.031e+00  
1.044e+00  6.127e-02  
1.004e+00  1.634e-01  
1.039e+00  3.865e-02  
3.880e-01  9.143e-01  
1.003e+00  1.414e-01  
3.957e-02  1.032e+00  
4.234e-02  1.031e+00  
8.411e-01  4.211e-01  
9.383e-01  3.221e-01  
4.612e-01  9.113e-01  
6.363e-01  7.616e-01  
6.755e-01  6.877e-01  
2.907e-02  1.031e+00  
6.750e-01  6.369e-01  
3.103e-02  1.031e+00  
3.994e-01  9.097e-01  
4.582e-01  9.090e-01  
1.003e+00  1.538e-01  
5.057e-01  8.421e-01  
7.082e-01  5.973e-01  
2.141e-01  1.008e+00  
8.385e-01  4.487e-01  
2.233e-01  1.018e+00  
3.668e-01  9.263e-01  
6.925e-01  5.955e-01  
8.385e-01  4.575e-01  
8.531e-01  3.771e-01  
4.346e-01  9.080e-01  
6.711e-01  6.533e-01  
2.190e-01  1.018e+00  
6.379e-01  7.562e-01  
5.227e-01  7.933e-01  
5.915e-01  7.620e-01  
7.834e-01  5.553e-01  
1.027e+00  6.925e-02  
8.391e-01  5.175e-01  
6.821e-01  6.430e-01  
8.411e-01  4.211e-01  
3.056e-02  1.032e+00  
7.248e-01  5.730e-01  
4.114e-02  1.031e+00  
8.385e-01  4.487e-01  
3.831e-02  1.032e+00  
6.894e-01  6.285e-01  
3.659e-02  1.031e+00  
6.821e-01  6.430e-01  
1.035e+00  3.478e-01  
4.426e-01  9.091e-01  
6.451e-01  7.586e-01  
6.894e-01  6.285e-01  
1.002e+00  1.896e-01  
1.003e+00  1.414e-01  
3.988e-01  9.151e-01  
5.479e-01  7.712e-01  
7.380e-01  5.613e-01  
5.513e-01  7.698e-01  
7.065e-01  6.030e-01  
8.355e-01  4.851e-01  
6.772e-01  6.654e-01  
6.782e-01  6.479e-01  
1.018e+00  8.584e-02  
1.009e+00  2.022e-01  
5.419e-01  7.840e-01  
8.560e-01  3.578e-01  
5.430e-01  7.906e-01  
4.618e-02  1.032e+00  
8.415e-01  4.737e-01  
3.967e-01  9.099e-01  
6.802e-01  6.241e-01  
1.026e+00  7.431e-02  
3.864e-01  9.139e-01  
8.425e-01  4.259e-01  
7.292e-01  5.679e-01  
4.324e-02  1.031e+00  
1.043e+00  4.084e-02  
4.386e-02  1.031e+00  
1.017e+00  8.358e-02  
8.493e-01  3.664e-01  
8.425e-01  4.259e-01  
2.141e-01  1.008e+00  
6.802e-01  6.241e-01  
1.017e+00  8.358e-02  
1.007e+00  2.118e-01  
8.867e-01  3.320e-01  
8.885e-01  3.151e-01  
3.103e-02  1.031e+00  
3.668e-01  9.263e-01  
3.924e-02  1.031e+00  
2.907e-02  1.031e+00  
8.493e-01  3.664e-01  
1.018e+00  8.584e-02  
3.924e-02  1.031e+00  
2.197e-01  1.018e+00  
3.187e-02  1.032e+00  
4.625e-01  9.082e-01  
3.388e-02  1.031e+00  
1.002e+00  1.896e-01  
1.012e+00  9.753e-02  
3.284e-02  1.032e+00  
5.227e-01  7.955e-01  
1.031e+00  1.654e-01  
1.006e+00  1.448e-01  
3.529e-01  9.354e-01  
4.234e-02  1.031e+00  
3.198e-02  1.031e+00  
8.465e-01  4.019e-01  
3.408e-02  1.031e+00  
4.008e-02  1.031e+00  
1.024e+00  8.085e-02  
2.256e-01  1.006e+00  
1.005e+00  1.576e-01  
1.002e+00  1.428e-01  
3.714e-01  9.183e-01  
1.011e+00  9.938e-02  
3.880e-01  9.143e-01  
3.188e-02  1.032e+00  
1.008e+00  1.946e-01  
1.007e+00  1.678e-01  
3.975e-02  1.032e+00  
1.052e+00  2.526e-01  
1.011e+00  9.938e-02  
1.043e+00  4.084e-02  
1.027e+00  7.000e-02  
1.018e+00  8.584e-02  
4.179e-01  9.097e-01  
1.030e+00  6.338e-02  
9.486e-01  3.196e-01  
1.002e+00  1.801e-01  
1.043e+00  4.084e-02  
3.662e-02  1.031e+00  
6.818e-01  6.277e-01  
1.007e+00  1.678e-01  
1.004e+00  1.881e-01  
1.003e+00  1.414e-01  
3.337e-02  1.031e+00  
4.393e-01  9.066e-01  
3.841e-02  1.031e+00  
3.563e-01  9.469e-01  
6.892e-01  6.349e-01  
5.264e-01  8.035e-01  
5.057e-01  8.421e-01  
1.008e+00  1.691e-01  
3.030e-02  1.031e+00  
2.907e-02  1.031e+00  
8.573e-01  3.470e-01  
4.311e-02  1.031e+00  
3.349e-02  1.031e+00  
3.988e-01  9.151e-01  
8.437e-01  4.005e-01  
8.560e-01  3.578e-01  
3.957e-02  1.032e+00  
4.311e-02  1.031e+00  
1.018e+00  1.138e-01  
3.349e-02  1.031e+00  
4.145e-02  1.031e+00  
3.349e-02  1.031e+00  
8.349e-01  4.830e-01  
6.833e-01  6.203e-01  
4.618e-02  1.032e+00  
8.490e-01  4.062e-01  
8.385e-01  4.487e-01  
6.894e-01  6.285e-01  
6.830e-01  6.478e-01  
3.880e-01  9.143e-01  
8.384e-01  4.264e-01  
6.830e-01  6.478e-01  
4.090e-02  1.032e+00  
5.507e-01  7.711e-01  
8.450e-01  3.781e-01  
7.134e-01  5.716e-01  
6.126e-01  7.539e-01  
7.834e-01  5.553e-01  
3.739e-02  1.031e+00  
5.517e-01  7.674e-01  
8.179e-01  5.523e-01  
6.782e-01  6.479e-01  
2.197e-01  1.018e+00  
3.714e-01  9.183e-01  
7.065e-01  6.030e-01  
1.006e+00  1.826e-01  
4.093e-02  1.031e+00  
6.711e-01  6.533e-01  
8.385e-01  4.487e-01  
8.430e-01  4.098e-01  
3.889e-01  9.133e-01  
8.882e-01  3.096e-01  
8.385e-01  4.575e-01  
8.395e-01  4.747e-01  
4.495e-01  9.082e-01  
1.005e+00  1.576e-01  
4.495e-01  9.082e-01  
3.659e-02  1.031e+00  
1.011e+00  1.138e-01  
8.394e-01  4.488e-01  
8.582e-01  3.470e-01  
3.006e-02  1.031e+00  
7.183e-01  5.782e-01  
6.827e-01  6.291e-01  
6.451e-01  7.586e-01  
2.156e-01  1.003e+00  
3.714e-01  9.183e-01  
5.206e-01  7.959e-01  
8.385e-01  4.575e-01  
1.006e+00  1.419e-01  
6.112e-01  7.611e-01  
3.647e-01  9.300e-01  
8.395e-01  4.747e-01  
4.179e-01  9.097e-01  
7.124e-01  5.771e-01  
8.395e-01  4.747e-01  
3.864e-01  9.139e-01  
1.005e+00  1.576e-01  
2.190e-01  1.018e+00  
8.384e-01  4.264e-01  
2.190e-01  1.018e+00  
8.258e-01  5.384e-01  
7.248e-01  5.730e-01  
2.234e-01  1.007e+00  
3.668e-01  9.263e-01  
1.004e+00  1.634e-01  
6.379e-01  7.562e-01  
5.518e-01  7.670e-01  
8.430e-01  4.098e-01  
5.194e-01  8.030e-01  
5.227e-01  7.955e-01  
6.379e-01  7.562e-01  
3.337e-02  1.031e+00  
6.772e-01  6.654e-01  
7.200e-01  5.878e-01  
4.051e-02  1.031e+00  
6.144e-01  7.586e-01  
5.179e-01  8.578e-01  
1.002e+00  1.896e-01  
8.882e-01  3.096e-01  
8.370e-01  4.542e-01  
8.582e-01  3.470e-01  
5.518e-01  7.670e-01  
5.227e-01  7.955e-01  
4.346e-01  9.080e-01  
7.380e-01  5.613e-01  
8.493e-01  3.664e-01  
7.795e-01  5.527e-01  
1.003e+00  1.414e-01  
3.643e-01  9.435e-01  
1.011e+00  1.138e-01  
3.948e-02  1.031e+00  
8.450e-01  3.781e-01  
7.795e-01  5.527e-01  
3.529e-01  9.354e-01  
7.338e-01  5.672e-01  
3.337e-02  1.031e+00  
7.248e-01  5.730e-01  
5.588e-01  7.742e-01  
6.711e-01  6.533e-01  
1.016e+00  9.545e-02  
9.018e-01  3.327e-01  
8.383e-01  4.890e-01  
2.233e-01  1.018e+00  
3.188e-02  1.032e+00  
4.582e-01  9.090e-01  
1.002e+00  1.686e-01  
5.915e-01  7.620e-01  
1.006e+00  1.826e-01  
4.090e-02  1.032e+00  
1.025e+00  5.855e-02  
7.623e-01  5.518e-01  
3.994e-01  9.098e-01  
9.270e-01  3.032e-01  
3.056e-02  1.032e+00  
1.005e+00  1.779e-01  
1.007e+00  1.678e-01  
4.233e-02  1.031e+00  
3.988e-01  9.151e-01  
5.915e-01  7.620e-01  
6.835e-01  7.196e-01  
1.005e+00  1.425e-01  
1.006e+00  1.347e-01  
2.169e-01  1.015e+00  
1.006e+00  1.826e-01  
9.270e-01  3.032e-01  
4.534e-01  9.091e-01  
6.833e-01  6.203e-01  
4.199e-01  9.086e-01  
6.830e-01  6.478e-01  
7.623e-01  5.518e-01  
3.563e-01  9.469e-01  
1.009e+00  2.022e-01  
3.638e-01  9.307e-01  
1.018e+00  8.584e-02  
5.179e-01  8.578e-01  
6.818e-01  6.277e-01  
7.200e-01  5.878e-01  
2.907e-02  1.031e+00  
2.198e-01  1.014e+00  
7.795e-01  5.527e-01  
8.531e-01  3.771e-01  
8.813e-01  3.194e-01  
5.206e-01  7.959e-01  
8.740e-01  3.495e-01  
8.529e-01  3.884e-01  
4.234e-02  1.031e+00  
9.383e-01  3.221e-01  
1.042e+00  5.331e-02  
3.569e-02  1.032e+00  
3.569e-02  1.032e+00  
5.194e-01  8.030e-01  
6.782e-01  7.164e-01  
2.233e-01  1.018e+00  
3.890e-02  1.032e+00  
5.263e-01  8.057e-01  
4.495e-01  9.082e-01  
6.833e-01  6.203e-01  
9.383e-01  3.221e-01  
3.868e-02  1.031e+00  
1.008e+00  1.946e-01  
6.794e-01  6.742e-01  
4.618e-02  1.032e+00  
3.128e-02  1.031e+00  
9.270e-01  3.032e-01  
3.848e-01  9.183e-01  
2.148e-01  1.006e+00  
4.247e-01  9.089e-01  
1.026e+00  6.479e-02  
1.042e+00  5.331e-02  
3.864e-01  9.139e-01  
1.027e+00  7.000e-02  
7.795e-01  5.527e-01  
4.199e-01  9.086e-01  
1.008e+00  1.946e-01  
1.555e-01  1.066e+00  
3.388e-02  1.031e+00  
1.036e+00  4.237e-02  
3.668e-01  9.263e-01  
3.349e-02  1.031e+00  
1.004e+00  1.634e-01  
1.017e+00  8.358e-02  
8.740e-01  3.495e-01  
1.005e+00  1.576e-01  
1.027e+00  7.000e-02  
3.187e-02  1.032e+00  
2.265e-01  1.004e+00  
1.003e+00  1.430e-01  
8.493e-01  3.664e-01  
1.030e+00  8.159e-02  
8.411e-01  4.254e-01  
8.560e-01  3.578e-01  
1.002e+00  1.896e-01  
1.018e+00  8.584e-02  
1.044e+00  6.127e-02  
3.747e-02  1.031e+00  
2.907e-02  1.031e+00  
9.446e-01  2.974e-01  
4.093e-02  1.031e+00  
1.002e+00  1.801e-01  
3.852e-01  9.140e-01  
4.386e-02  1.031e+00  
5.057e-01  8.410e-01  
4.179e-02  1.031e+00  
2.907e-02  1.031e+00  
3.995e-02  1.031e+00  
1.004e+00  1.614e-01  
1.011e+00  9.938e-02  
1.024e+00  6.024e-02  
3.337e-02  1.031e+00  
3.188e-02  1.032e+00  
1.005e+00  1.576e-01  
3.030e-02  1.031e+00  
1.024e+00  8.085e-02  
1.016e+00  9.545e-02  
1.018e+00  8.584e-02  
4.135e-02  1.031e+00  
1.025e+00  5.855e-02  
3.739e-02  1.031e+00  
1.044e+00  7.578e-02  
1.016e+00  9.347e-02  
4.233e-02  1.031e+00  
1.003e+00  1.430e-01  
1.028e+00  4.734e-02  
3.030e-02  1.031e+00  
1.029e+00  4.849e-02  
1.017e+00  8.358e-02  
1.003e+00  1.430e-01  
3.975e-02  1.032e+00  
1.006e+00  1.347e-01  
1.044e+00  6.127e-02  
1.052e+00  4.565e-02  
1.024e+00  8.085e-02  
4.534e-01  9.091e-01  
3.198e-02  1.031e+00  
1.024e+00  8.085e-02  
4.008e-02  1.031e+00  
3.103e-02  1.031e+00  
4.386e-02  1.031e+00  
9.383e-01  3.221e-01  
1.003e+00  1.815e-01  
4.324e-02  1.031e+00  
1.002e+00  1.801e-01  
1.034e+00  4.545e-02  
3.988e-01  9.151e-01  
4.066e-01  9.099e-01  
4.534e-01  9.091e-01  
7.795e-01  5.527e-01  
1.005e+00  1.431e-01  
3.662e-02  1.031e+00  
1.555e-01  1.066e+00  
1.011e+00  9.938e-02  
1.002e+00  1.801e-01  
3.006e-02  1.031e+00  
1.030e+00  7.413e-02  
8.179e-01  5.523e-01  
5.597e-01  7.730e-01  
1.034e+00  4.545e-02  
9.491e-01  3.069e-01  
1.009e+00  2.022e-01  
5.184e-01  8.073e-01  
3.855e-01  9.134e-01  
3.349e-02  1.031e+00  
3.739e-02  1.031e+00  
2.198e-01  1.014e+00  
3.957e-02  1.032e+00  
7.194e-01  5.772e-01  
7.795e-01  5.527e-01  
5.518e-01  7.670e-01  
1.002e+00  1.801e-01  
5.227e-01  7.955e-01  
7.338e-01  5.672e-01  
1.006e+00  1.448e-01  
3.030e-02  1.031e+00  
1.004e+00  1.634e-01  
3.880e-01  9.143e-01  
5.053e-01  8.303e-01  
1.044e+00  7.578e-02  
5.699e-01  7.652e-01  
2.197e-01  1.018e+00  
4.582e-01  9.090e-01  
5.180e-01  8.562e-01  
8.425e-01  4.259e-01  
2.156e-01  1.003e+00  
5.915e-01  7.620e-01  
1.032e+00  4.502e-02  
1.003e+00  1.414e-01  
3.988e-01  9.151e-01  
1.025e+00  5.855e-02  
3.349e-02  1.031e+00  
6.750e-01  6.369e-01  
6.894e-01  6.285e-01  
2.233e-01  1.018e+00  
8.379e-01  4.301e-01  
1.023e+00  9.319e-02  
1.022e+00  6.783e-02  
6.821e-01  6.430e-01  
3.198e-02  1.031e+00  
6.830e-01  6.478e-01  
4.184e-01  9.079e-01  
4.234e-02  1.031e+00  
3.474e-02  1.031e+00  
6.711e-01  6.533e-01  
9.198e-01  3.021e-01  
6.711e-01  6.533e-01  
4.090e-02  1.032e+00  
4.392e-02  1.031e+00  
6.833e-01  6.203e-01  
6.892e-01  6.349e-01  
8.816e-01  3.476e-01  
2.137e-01  1.010e+00  
6.821e-01  6.430e-01  
