6.799e-04  1.005e+00  
9.999e-01  7.160e-05  
4.190e-01  4.211e-01  
7.230e-01  1.893e-01  
1.940e-01  7.458e-01  
5.341e-01  3.220e-01  
3.793e-03  1.041e+00  
3.034e-01  5.057e-01  
8.760e-01  1.072e-01  
9.858e-01  3.393e-02  
4.201e-04  1.000e+00  
5.207e-01  3.585e-01  
6.219e-01  2.848e-01  
3.203e-01  5.773e-01  
3.038e-01  4.773e-01  
7.886e-01  1.715e-01  
1.744e-01  7.415e-01  
1.715e-01  7.841e-01  
5.741e-01  3.105e-01  
8.760e-01  1.072e-01  
2.351e-01  5.583e-01  
4.538e-01  4.024e-01  
3.835e-01  4.448e-01  
9.366e-01  9.512e-02  
5.341e-01  3.220e-01  
9.625e-01  2.732e-02  
2.494e-01  6.262e-01  
7.404e-03  1.000e+00  
3.143e-01  5.115e-01  
4.201e-04  1.000e+00  
6.793e-01  2.436e-01  
6.845e-01  1.951e-01  
2.100e-01  7.312e-01  
7.256e-01  1.691e-01  
9.765e-01  3.487e-02  
1.313e-02  1.000e+00  
2.499e-01  5.708e-01  
1.093e-02  1.000e+00  
1.211e-02  1.000e+00  
5.450e-01  3.097e-01  
3.315e-01  4.602e-01  
5.366e-01  3.041e-01  
3.407e-01  4.735e-01  
2.443e-01  6.028e-01  
1.748e-01  7.916e-01  
6.515e-01  2.321e-01  
5.104e-01  3.584e-01  
9.735e-01  7.041e-02  
4.140e-01  4.308e-01  
2.192e-01  6.223e-01  
4.293e-01  4.706e-01  
3.058e-01  5.160e-01  
1.448e-02  1.005e+00  
5.634e-01  2.805e-01  
7.404e-03  1.000e+00  
4.339e-01  4.314e-01  
6.796e-01  2.801e-01  
9.884e-01  1.383e-02  
2.049e-01  6.483e-01  
9.160e-01  8.475e-02  
8.223e-01  1.321e-01  
3.516e-01  4.720e-01  
7.382e-01  1.807e-01  
7.131e-01  1.964e-01  
1.904e-01  7.451e-01  
9.430e-01  9.449e-02  
1.318e-03  1.011e+00  
6.420e-01  2.428e-01  
4.538e-01  4.024e-01  
4.140e-01  4.308e-01  
7.282e-01  1.809e-01  
2.150e-01  6.594e-01  
5.795e-01  2.985e-01  
2.880e-01  5.450e-01  
3.955e-01  4.348e-01  
1.726e-01  8.221e-01  
1.820e-04  1.000e+00  
7.230e-01  1.893e-01  
5.400e-01  3.048e-01  
9.642e-01  2.542e-02  
5.956e-01  3.263e-01  
2.962e-01  5.872e-01  
4.021e-01  4.774e-01  
5.405e-01  3.431e-01  
3.408e-01  4.513e-01  
5.741e-01  3.105e-01  
1.792e-01  8.068e-01  
2.038e-03  1.000e+00  
3.075e-01  4.812e-01  
5.366e-01  3.041e-01  
2.183e-01  6.503e-01  
6.793e-01  2.436e-01  
9.623e-01  3.102e-02  
1.939e-02  1.000e+00  
8.633e-01  1.310e-01  
2.246e-01  6.326e-01  
4.118e-01  4.573e-01  
5.795e-01  2.985e-01  
3.058e-01  5.160e-01  
4.293e-01  4.706e-01  
1.410e-02  1.000e+00  
1.726e-01  8.221e-01  
4.948e-01  3.939e-01  
9.467e-04  1.000e+00  
5.752e-01  3.134e-01  
8.397e-01  1.353e-01  
2.802e-03  1.000e+00  
4.170e-01  4.161e-01  
5.878e-01  3.136e-01  
7.075e-01  1.805e-01  
3.830e-01  4.800e-01  
2.092e-01  6.220e-01  
2.911e-01  5.419e-01  
3.408e-01  4.513e-01  
2.443e-01  6.028e-01  
9.028e-01  9.875e-02  
1.827e-01  7.387e-01  
7.971e-01  1.599e-01  
1.448e-02  1.005e+00  
9.160e-01  8.475e-02  
1.001e+00  1.166e-02  
2.191e-01  6.603e-01  
9.735e-01  7.041e-02  
1.843e-01  7.577e-01  
6.902e-01  2.224e-01  
6.799e-04  1.005e+00  
9.497e-01  4.311e-02  
3.241e-01  5.104e-01  
9.999e-01  7.160e-05  
3.241e-01  5.104e-01  
9.205e-01  8.455e-02  
6.343e-03  1.000e+00  
1.793e-01  7.857e-01  
9.467e-04  1.000e+00  
9.999e-01  4.710e-05  
8.168e-01  1.335e-01  
9.946e-01  9.505e-03  
2.299e-01  6.557e-01  
7.301e-01  1.729e-01  
1.932e-01  6.395e-01  
2.011e-02  1.000e+00  
5.999e-01  2.950e-01  
6.732e-01  2.249e-01  
3.409e-01  5.451e-01  
3.407e-01  4.735e-01  
4.029e-01  4.451e-01  
2.299e-01  6.557e-01  
5.298e-01  3.737e-01  
1.318e-03  1.011e+00  
2.577e-01  6.270e-01  
2.880e-01  5.450e-01  
7.382e-01  1.807e-01  
3.143e-01  5.115e-01  
4.905e-01  4.157e-01  
2.262e-01  6.471e-01  
6.010e-01  3.010e-01  
1.792e-01  8.068e-01  
2.246e-01  6.326e-01  
4.924e-01  3.967e-01  
5.298e-01  3.737e-01  
5.963e-01  2.735e-01  
2.748e-01  5.485e-01  
5.549e-01  2.817e-01  
1.827e-01  7.387e-01  
3.782e-01  4.425e-01  
3.323e-01  5.016e-01  
3.038e-01  4.773e-01  
5.298e-01  3.737e-01  
9.497e-01  4.311e-02  
5.438e-01  3.527e-01  
4.190e-01  4.211e-01  
5.366e-01  3.041e-01  
8.452e-03  1.000e+00  
5.298e-01  3.737e-01  
1.005e-03  1.000e+00  
5.341e-01  3.220e-01  
1.726e-01  8.221e-01  
4.072e-01  4.279e-01  
4.438e-04  1.000e+00  
4.769e-01  4.157e-01  
6.413e-01  2.360e-01  
3.203e-01  5.773e-01  
3.968e-01  4.486e-01  
3.827e-01  4.758e-01  
8.971e-01  1.393e-01  
7.437e-01  1.674e-01  
2.246e-01  6.326e-01  
3.782e-01  4.425e-01  
5.120e-01  3.580e-01  
3.169e-01  4.764e-01  
4.538e-01  4.024e-01  
5.341e-01  3.220e-01  
4.385e-01  3.851e-01  
4.054e-01  4.455e-01  
9.735e-01  7.041e-02  
7.301e-01  1.729e-01  
3.038e-01  4.773e-01  
6.286e-01  2.312e-01  
3.323e-01  5.016e-01  
1.740e-01  8.588e-01  
5.366e-01  3.041e-01  
2.588e-01  5.356e-01  
4.448e-01  4.032e-01  
8.738e-01  1.058e-01  
3.323e-01  5.016e-01  
5.634e-01  2.805e-01  
4.948e-01  3.939e-01  
3.350e-02  1.000e+00  
7.870e-01  1.590e-01  
7.404e-03  1.000e+00  
1.001e+00  1.166e-02  
5.953e-01  2.582e-01  
5.878e-01  3.136e-01  
2.019e-01  7.274e-01  
4.390e-01  4.339e-01  
9.804e-01  2.232e-02  
7.282e-01  1.809e-01  
6.793e-01  2.436e-01  
6.729e-01  2.024e-01  
3.092e-03  1.000e+00  
2.049e-01  6.483e-01  
1.904e-01  7.451e-01  
1.726e-01  8.221e-01  
6.592e-01  2.248e-01  
1.000e+00  2.316e-05  
2.064e-01  6.927e-01  
1.864e-01  8.038e-01  
1.940e-01  7.458e-01  
3.203e-01  5.773e-01  
2.802e-03  1.000e+00  
8.117e-01  1.403e-01  
8.570e-01  1.102e-01  
1.018e-02  1.020e+00  
3.407e-01  4.735e-01  
6.662e-01  2.247e-01  
7.401e-01  1.807e-01  
3.118e-01  5.016e-01  
4.896e-03  1.000e+00  
1.820e-04  1.000e+00  
5.963e-01  2.735e-01  
4.089e-03  1.000e+00  
4.438e-04  1.000e+00  
9.028e-01  9.875e-02  
1.989e-01  6.607e-01  
8.570e-01  1.361e-01  
9.430e-01  9.449e-02  
2.246e-01  6.326e-01  
9.497e-01  4.311e-02  
2.685e-01  5.975e-01  
1.005e-03  1.000e+00  
8.310e-01  1.427e-01  
9.366e-01  9.512e-02  
1.018e-02  1.020e+00  
6.740e-01  2.047e-01  
9.693e-01  5.522e-02  
9.999e-01  4.438e-05  
9.804e-01  2.232e-02  
1.000e+00  2.316e-05  
2.687e-01  5.265e-01  
1.000e+00  2.316e-05  
7.230e-01  1.893e-01  
7.131e-01  1.964e-01  
8.151e-01  1.433e-01  
2.416e-04  1.000e+00  
4.385e-01  3.851e-01  
9.021e-01  1.148e-01  
7.971e-01  1.599e-01  
7.503e-01  2.083e-01  
6.799e-04  1.005e+00  
2.825e-01  5.623e-01  
2.830e-03  1.000e+00  
2.150e-01  6.594e-01  
4.140e-01  4.308e-01  
3.342e-01  4.886e-01  
3.118e-01  5.016e-01  
7.517e-01  1.550e-01  
9.467e-04  1.000e+00  
2.125e-01  6.528e-01  
6.422e-01  2.472e-01  
6.799e-04  1.005e+00  
9.467e-04  1.000e+00  
2.246e-01  6.326e-01  
5.804e-01  2.632e-01  
6.732e-01  2.249e-01  
2.192e-01  6.223e-01  
3.121e-03  1.000e+00  
9.160e-01  8.475e-02  
1.800e-01  8.883e-01  
5.156e-03  1.000e+00  
1.800e-01  8.883e-01  
5.634e-01  2.805e-01  
4.905e-01  4.157e-01  
1.547e-03  1.000e+00  
5.549e-01  2.817e-01  
6.010e-01  3.010e-01  
3.827e-01  4.758e-01  
4.029e-01  4.451e-01  
2.183e-01  6.503e-01  
5.756e-01  2.825e-01  
4.293e-01  4.706e-01  
2.802e-03  1.000e+00  
3.408e-01  4.513e-01  
6.296e-01  2.449e-01  
5.405e-01  3.431e-01  
3.791e-01  4.341e-01  
5.288e-01  3.836e-01  
5.404e-03  1.000e+00  
3.438e-01  4.621e-01  
5.231e-01  3.053e-01  
4.172e-01  4.060e-01  
1.726e-01  8.221e-01  
2.125e-01  6.528e-01  
4.768e-01  3.981e-01  
7.301e-01  1.729e-01  
5.162e-03  1.000e+00  
4.190e-01  4.211e-01  
5.878e-01  3.136e-01  
5.954e-01  2.668e-01  
2.717e-01  6.432e-01  
5.120e-01  3.350e-01  
5.491e-01  3.590e-01  
5.366e-01  3.041e-01  
2.940e-01  5.633e-01  
9.160e-01  8.475e-02  
3.203e-01  5.773e-01  
1.740e-01  8.588e-01  
9.499e-01  8.181e-02  
5.878e-01  3.136e-01  
6.793e-01  2.436e-01  
1.318e-03  1.011e+00  
4.293e-01  4.706e-01  
4.140e-01  4.308e-01  
3.408e-01  4.513e-01  
1.726e-01  8.221e-01  
2.299e-01  6.557e-01  
3.342e-01  4.886e-01  
5.634e-01  2.805e-01  
8.760e-01  1.072e-01  
3.984e-01  4.550e-01  
2.219e-01  6.326e-01  
6.422e-01  2.472e-01  
2.183e-01  6.503e-01  
4.768e-01  3.981e-01  
5.741e-01  3.105e-01  
2.421e-01  6.307e-01  
8.528e-01  1.434e-01  
1.814e-01  8.046e-01  
5.741e-01  3.105e-01  
2.008e-01  6.107e-01  
4.293e-01  4.706e-01  
5.120e-01  3.580e-01  
1.904e-01  7.451e-01  
2.103e-01  6.284e-01  
8.310e-01  1.427e-01  
3.516e-01  4.720e-01  
3.408e-01  4.513e-01  
5.795e-01  2.985e-01  
3.342e-01  4.886e-01  
3.408e-01  4.513e-01  
3.835e-01  4.448e-01  
6.915e-03  1.000e+00  
3.822e-01  4.489e-01  
4.140e-01  4.308e-01  
1.005e-03  1.000e+00  
3.598e-01  4.529e-01  
3.075e-01  4.812e-01  
7.503e-01  2.083e-01  
5.741e-01  3.105e-01  
5.956e-01  3.263e-01  
5.963e-01  2.735e-01  
3.407e-01  4.735e-01  
3.023e-01  5.633e-01  
2.841e-01  6.033e-01  
5.087e-01  3.636e-01  
5.752e-01  3.134e-01  
5.120e-01  3.350e-01  
7.175e-01  1.968e-01  
2.299e-01  6.557e-01  
9.330e-01  5.159e-02  
7.404e-03  1.000e+00  
5.752e-01  3.134e-01  
5.956e-01  3.263e-01  
3.511e-01  5.358e-01  
5.405e-01  3.431e-01  
4.438e-04  1.000e+00  
4.293e-01  4.706e-01  
3.338e-01  4.741e-01  
5.120e-01  3.580e-01  
9.693e-01  5.522e-02  
6.662e-01  2.247e-01  
5.548e-01  3.035e-01  
1.746e-01  8.374e-01  
1.051e-02  1.044e+00  
3.143e-01  5.115e-01  
9.366e-01  9.512e-02  
3.830e-01  4.800e-01  
9.366e-01  9.512e-02  
1.051e-02  1.044e+00  
9.879e-01  1.404e-02  
5.280e-01  3.232e-01  
2.443e-01  6.028e-01  
7.083e-01  1.914e-01  
6.799e-04  1.005e+00  
8.579e-01  1.284e-01  
8.310e-01  1.427e-01  
2.802e-03  1.000e+00  
3.203e-01  5.773e-01  
3.565e-01  4.472e-01  
3.948e-01  4.335e-01  
9.160e-01  8.475e-02  
7.409e-01  1.971e-01  
1.805e-01  7.789e-01  
7.503e-01  2.083e-01  
6.740e-01  2.047e-01  
3.038e-01  4.773e-01  
4.140e-01  4.308e-01  
2.834e-01  5.546e-01  
4.409e-01  4.156e-01  
4.840e-01  3.529e-01  
2.008e-01  6.107e-01  
6.845e-01  1.951e-01  
1.904e-01  7.451e-01  
9.368e-01  9.113e-02  
3.143e-01  5.115e-01  
4.905e-01  4.157e-01  
3.075e-01  4.812e-01  
1.843e-01  7.577e-01  
1.940e-01  7.458e-01  
5.298e-01  3.737e-01  
6.641e-01  2.492e-01  
7.175e-01  1.968e-01  
3.342e-01  4.886e-01  
5.741e-01  3.105e-01  
5.634e-01  2.805e-01  
7.408e-03  1.000e+00  
5.878e-01  3.136e-01  
9.028e-01  9.875e-02  
1.940e-01  7.458e-01  
1.748e-01  7.916e-01  
3.143e-01  5.115e-01  
3.835e-01  4.448e-01  
2.028e-01  6.693e-01  
1.904e-01  7.451e-01  
3.058e-01  5.160e-01  
3.893e-01  5.362e-01  
4.800e-01  3.912e-01  
7.097e-01  2.263e-01  
1.005e-03  1.000e+00  
7.913e-01  1.610e-01  
3.955e-01  4.348e-01  
1.005e-03  1.000e+00  
1.354e-04  1.000e+00  
6.732e-01  2.249e-01  
2.504e-01  6.218e-01  
1.805e-01  7.789e-01  
2.991e-01  5.531e-01  
9.368e-01  9.113e-02  
9.368e-01  9.113e-02  
2.841e-01  6.033e-01  
1.000e+00  2.316e-05  
5.341e-01  3.220e-01  
2.125e-01  6.528e-01  
9.368e-01  9.113e-02  
2.150e-01  6.594e-01  
2.416e-04  1.000e+00  
1.000e+00  2.316e-05  
2.125e-01  6.528e-01  
1.805e-01  7.789e-01  
7.382e-01  1.807e-01  
1.004e+00  8.037e-03  
6.420e-01  2.428e-01  
9.368e-01  9.113e-02  
9.765e-01  3.487e-02  
1.904e-01  7.451e-01  
1.940e-01  7.458e-01  
7.175e-01  1.968e-01  
5.878e-01  3.136e-01  
9.497e-01  4.311e-02  
5.280e-01  3.232e-01  
6.286e-01  2.312e-01  
7.405e-01  1.611e-01  
9.662e-01  5.288e-02  
9.999e-01  4.710e-05  
2.416e-04  1.000e+00  
1.792e-01  8.068e-01  
7.382e-01  1.807e-01  
6.343e-03  1.000e+00  
9.012e-01  1.379e-01  
2.123e-01  6.266e-01  
1.018e-02  1.020e+00  
3.118e-01  5.016e-01  
1.547e-03  1.000e+00  
1.940e-01  7.458e-01  
2.830e-03  1.000e+00  
9.021e-01  1.148e-01  
9.735e-01  7.041e-02  
9.999e-01  4.710e-05  
4.201e-04  1.000e+00  
6.799e-04  1.005e+00  
9.430e-01  9.449e-02  
5.162e-03  1.000e+00  
1.001e+00  1.166e-02  
9.879e-01  1.404e-02  
9.735e-01  7.041e-02  
2.038e-03  1.000e+00  
9.879e-01  1.404e-02  
2.416e-04  1.000e+00  
1.000e+00  2.316e-05  
9.693e-01  5.522e-02  
3.793e-03  1.041e+00  
7.282e-01  1.809e-01  
1.000e+00  2.316e-05  
6.343e-03  1.000e+00  
9.830e-01  3.158e-02  
1.001e+00  1.166e-02  
7.382e-01  1.807e-01  
4.201e-04  1.000e+00  
9.368e-01  9.113e-02  
9.497e-01  4.311e-02  
9.999e-01  4.710e-05  
9.623e-01  3.102e-02  
3.407e-01  4.735e-01  
6.343e-03  1.000e+00  
9.497e-01  4.311e-02  
2.830e-03  1.000e+00  
1.792e-01  8.068e-01  
1.005e-03  1.000e+00  
7.503e-01  2.083e-01  
8.513e-01  1.183e-01  
6.343e-03  1.000e+00  
7.282e-01  1.809e-01  
1.000e+00  2.316e-05  
2.685e-01  5.975e-01  
2.494e-01  6.262e-01  
2.687e-01  5.265e-01  
5.366e-01  3.041e-01  
9.028e-01  9.875e-02  
2.038e-03  1.000e+00  
2.125e-01  6.528e-01  
9.226e-01  7.525e-02  
7.503e-01  2.083e-01  
6.816e-03  1.000e+00  
9.804e-01  2.232e-02  
5.120e-01  3.350e-01  
3.830e-01  4.800e-01  
9.804e-01  2.232e-02  
7.230e-01  1.893e-01  
7.230e-01  1.893e-01  
3.143e-01  5.115e-01  
2.687e-01  5.265e-01  
6.343e-03  1.000e+00  
3.400e-04  1.000e+00  
2.150e-01  6.594e-01  
2.092e-01  6.220e-01  
4.409e-01  4.156e-01  
5.127e-01  3.225e-01  
3.791e-01  4.341e-01  
8.168e-01  1.335e-01  
3.118e-01  5.016e-01  
5.341e-01  3.220e-01  
9.160e-01  8.475e-02  
2.416e-04  1.000e+00  
7.043e-01  2.010e-01  
2.880e-01  5.450e-01  
3.511e-01  5.358e-01  
1.000e+00  2.316e-05  
3.822e-01  4.489e-01  
1.805e-01  7.789e-01  
3.409e-01  5.451e-01  
3.058e-01  5.160e-01  
5.795e-01  2.985e-01  
1.843e-01  7.577e-01  
3.656e-01  4.391e-01  
9.999e-01  4.710e-05  
7.075e-01  1.805e-01  
2.123e-01  6.266e-01  
9.804e-01  2.232e-02  
1.800e-01  8.883e-01  
5.438e-01  3.527e-01  
3.835e-01  4.448e-01  
1.800e-01  8.883e-01  
6.061e-01  2.888e-01  
9.662e-01  5.288e-02  
9.978e-01  1.274e-02  
3.822e-01  4.489e-01  
6.010e-02  1.000e+00  
4.514e-01  4.159e-01  
2.351e-01  5.583e-01  
4.201e-04  1.000e+00  
8.886e-04  1.000e+00  
4.948e-01  3.939e-01  
6.740e-01  2.047e-01  
5.549e-01  2.817e-01  
1.005e-03  1.000e+00  
3.400e-04  1.000e+00  
4.538e-01  4.024e-01  
4.385e-01  3.851e-01  
6.793e-01  2.436e-01  
1.827e-01  7.387e-01  
4.072e-01  4.279e-01  
