1.814e-02  9.568e-01  
1.014e+00  3.595e-02  
4.106e-01  4.475e-01  
7.052e-01  2.039e-01  
2.349e-01  6.128e-01  
5.174e-01  3.350e-01  
8.562e-02  9.094e-01  
3.625e-01  5.028e-01  
9.852e-01  6.615e-02  
9.786e-01  6.777e-02  
5.851e-02  8.345e-01  
4.846e-01  3.889e-01  
6.533e-01  2.918e-01  
2.381e-01  5.919e-01  
3.577e-01  4.888e-01  
7.414e-01  1.925e-01  
1.404e-01  6.876e-01  
1.075e-01  7.725e-01  
5.375e-01  3.156e-01  
9.880e-01  7.580e-02  
2.954e-01  6.129e-01  
4.846e-01  3.889e-01  
3.798e-01  4.377e-01  
9.885e-01  9.498e-02  
4.786e-01  3.572e-01  
9.798e-01  4.049e-02  
2.450e-01  6.200e-01  
2.910e-02  8.738e-01  
3.614e-01  4.813e-01  
5.840e-02  8.450e-01  
6.701e-01  2.318e-01  
7.022e-01  1.949e-01  
1.670e-01  6.193e-01  
7.377e-01  1.978e-01  
9.798e-01  4.049e-02  
3.528e-02  9.607e-01  
2.439e-01  5.393e-01  
1.256e-01  7.284e-01  
8.556e-02  7.928e-01  
5.525e-01  3.040e-01  
3.565e-01  4.562e-01  
4.809e-01  3.581e-01  
2.908e-01  5.043e-01  
2.501e-01  5.666e-01  
1.457e-01  6.654e-01  
6.443e-01  2.248e-01  
4.996e-01  3.546e-01  
9.892e-01  7.634e-02  
4.525e-01  3.979e-01  
2.080e-01  6.072e-01  
3.665e-01  5.034e-01  
2.889e-01  5.313e-01  
2.399e-02  9.861e-01  
6.033e-01  2.997e-01  
3.910e-02  8.487e-01  
4.277e-01  3.943e-01  
6.299e-01  2.649e-01  
1.038e+00  3.757e-02  
1.794e-01  6.163e-01  
9.774e-01  5.367e-02  
9.835e-01  4.104e-02  
3.442e-01  4.941e-01  
7.414e-01  1.925e-01  
7.071e-01  2.026e-01  
1.592e-01  6.708e-01  
7.022e-01  1.949e-01  
9.624e-02  7.453e-01  
6.732e-01  2.563e-01  
4.168e-01  4.204e-01  
4.672e-01  3.844e-01  
7.187e-01  2.025e-01  
2.057e-01  6.013e-01  
6.675e-01  2.849e-01  
2.487e-01  5.676e-01  
4.018e-01  4.473e-01  
1.430e-01  6.976e-01  
1.075e-01  7.725e-01  
7.369e-01  1.934e-01  
5.174e-01  3.350e-01  
9.930e-01  2.102e-02  
5.473e-01  3.096e-01  
2.501e-01  5.666e-01  
3.565e-01  4.562e-01  
5.352e-01  3.463e-01  
3.565e-01  4.562e-01  
5.348e-01  3.428e-01  
1.530e-01  7.029e-01  
5.051e-02  8.332e-01  
3.240e-01  4.784e-01  
4.723e-01  3.565e-01  
1.946e-01  6.116e-01  
6.860e-01  2.184e-01  
9.779e-01  3.494e-02  
2.909e-02  8.782e-01  
9.876e-01  8.369e-02  
2.276e-01  6.125e-01  
3.798e-01  4.377e-01  
6.299e-01  2.649e-01  
2.538e-01  5.543e-01  
4.846e-01  3.889e-01  
3.910e-02  8.487e-01  
1.075e-01  7.725e-01  
4.996e-01  3.546e-01  
1.075e-01  7.725e-01  
6.493e-01  2.810e-01  
9.799e-01  4.404e-02  
2.462e-02  9.127e-01  
3.814e-01  4.484e-01  
6.415e-01  2.683e-01  
7.292e-01  2.115e-01  
2.889e-01  5.313e-01  
1.798e-01  6.320e-01  
2.716e-01  5.274e-01  
3.358e-01  4.737e-01  
2.344e-01  5.792e-01  
9.885e-01  9.498e-02  
1.661e-01  6.383e-01  
7.498e-01  1.944e-01  
8.016e-02  8.820e-01  
9.786e-01  6.777e-02  
9.898e-01  3.686e-02  
1.912e-01  6.159e-01  
9.774e-01  5.367e-02  
1.750e-01  6.418e-01  
6.741e-01  2.094e-01  
2.118e-02  9.667e-01  
9.876e-01  8.369e-02  
2.737e-01  5.641e-01  
9.849e-01  6.819e-02  
2.875e-01  5.381e-01  
9.892e-01  7.634e-02  
1.179e-01  6.828e-01  
1.179e-01  6.828e-01  
9.377e-02  8.312e-01  
1.022e+00  2.702e-02  
9.779e-01  5.207e-02  
9.993e-01  1.596e-02  
2.159e-01  5.825e-01  
7.667e-01  1.942e-01  
1.794e-01  6.163e-01  
3.528e-02  9.607e-01  
6.299e-01  2.649e-01  
6.672e-01  2.309e-01  
2.889e-01  5.313e-01  
2.487e-01  5.676e-01  
4.708e-01  4.472e-01  
1.946e-01  6.116e-01  
4.809e-01  3.581e-01  
1.180e-01  7.176e-01  
1.843e-01  5.839e-01  
2.487e-01  5.676e-01  
7.681e-01  1.987e-01  
2.875e-01  5.381e-01  
4.689e-01  4.029e-01  
1.950e-01  6.147e-01  
5.631e-01  3.142e-01  
1.430e-01  6.976e-01  
2.349e-01  6.128e-01  
4.932e-01  3.889e-01  
5.375e-01  3.156e-01  
6.665e-01  2.772e-01  
2.381e-01  5.919e-01  
5.631e-01  3.157e-01  
1.366e-01  6.846e-01  
3.814e-01  4.484e-01  
2.875e-01  5.381e-01  
3.650e-01  4.712e-01  
5.352e-01  3.463e-01  
9.862e-01  4.740e-02  
5.049e-01  3.392e-01  
4.212e-01  4.147e-01  
6.134e-01  3.268e-01  
1.814e-02  9.568e-01  
4.996e-01  3.546e-01  
3.598e-02  8.699e-01  
5.352e-01  3.463e-01  
1.122e-01  7.210e-01  
4.018e-01  4.473e-01  
1.075e-01  7.725e-01  
4.786e-01  3.572e-01  
6.860e-01  2.184e-01  
2.349e-01  6.128e-01  
3.844e-01  4.388e-01  
3.782e-01  4.506e-01  
9.972e-01  4.708e-02  
7.603e-01  2.114e-01  
2.159e-01  5.825e-01  
3.590e-01  4.495e-01  
4.846e-01  3.889e-01  
2.889e-01  5.313e-01  
4.786e-01  3.572e-01  
5.098e-01  3.190e-01  
4.168e-01  4.168e-01  
3.843e-01  4.406e-01  
9.930e-01  2.102e-02  
6.741e-01  2.094e-01  
3.358e-01  4.737e-01  
6.665e-01  2.772e-01  
3.240e-01  4.784e-01  
1.459e-01  7.634e-01  
5.049e-01  3.392e-01  
2.471e-01  5.334e-01  
4.863e-01  3.648e-01  
9.891e-01  4.627e-02  
3.022e-01  5.040e-01  
6.299e-01  2.649e-01  
4.786e-01  3.572e-01  
8.016e-02  8.820e-01  
7.369e-01  1.934e-01  
2.619e-02  9.044e-01  
9.849e-01  6.819e-02  
6.374e-01  2.605e-01  
6.665e-01  2.772e-01  
2.345e-01  9.129e-01  
4.708e-01  4.472e-01  
1.006e+00  2.140e-02  
7.049e-01  1.998e-01  
6.740e-01  2.481e-01  
6.860e-01  2.184e-01  
8.681e-02  7.784e-01  
1.794e-01  6.163e-01  
1.704e-01  6.317e-01  
1.332e-01  7.139e-01  
6.671e-01  2.170e-01  
1.038e+00  3.757e-02  
1.661e-01  6.383e-01  
1.426e-01  6.699e-01  
1.667e-01  6.761e-01  
2.159e-01  5.825e-01  
7.489e-02  8.180e-01  
7.498e-01  1.944e-01  
9.857e-01  5.345e-02  
2.399e-02  9.861e-01  
3.086e-01  5.022e-01  
7.292e-01  2.115e-01  
7.414e-01  1.925e-01  
3.156e-01  4.993e-01  
5.500e-02  8.498e-01  
1.008e-01  7.493e-01  
6.533e-01  2.918e-01  
2.462e-02  9.127e-01  
6.037e-02  8.932e-01  
9.755e-01  7.247e-02  
1.404e-01  6.876e-01  
9.799e-01  4.404e-02  
7.498e-01  1.944e-01  
2.281e-01  5.662e-01  
9.800e-01  5.602e-02  
2.918e-01  6.237e-01  
2.713e-02  9.013e-01  
9.852e-01  6.615e-02  
9.876e-01  8.369e-02  
5.500e-02  8.498e-01  
7.292e-01  2.115e-01  
9.758e-01  5.972e-02  
1.038e+00  3.757e-02  
9.906e-01  3.870e-02  
1.043e+00  2.713e-02  
2.380e-01  5.598e-01  
9.900e-01  3.068e-02  
6.707e-01  2.327e-01  
7.071e-01  2.026e-01  
9.972e-01  4.708e-02  
2.291e-02  9.189e-01  
3.814e-01  4.484e-01  
9.885e-01  9.498e-02  
7.405e-01  1.929e-01  
7.386e-01  1.987e-01  
6.037e-02  8.932e-01  
2.501e-01  5.666e-01  
2.909e-02  8.782e-01  
1.946e-01  6.116e-01  
4.525e-01  3.979e-01  
3.358e-01  4.737e-01  
2.538e-01  5.543e-01  
7.716e-01  1.947e-01  
9.624e-02  7.453e-01  
1.912e-01  6.159e-01  
6.740e-01  2.481e-01  
3.528e-02  9.607e-01  
1.075e-01  7.725e-01  
2.501e-01  5.666e-01  
6.473e-01  2.251e-01  
6.672e-01  2.309e-01  
1.670e-01  6.193e-01  
2.399e-02  9.861e-01  
9.809e-01  1.043e-01  
1.223e-01  6.842e-01  
3.438e-02  8.982e-01  
1.075e-01  7.725e-01  
5.375e-01  3.156e-01  
4.846e-01  3.889e-01  
1.075e-01  7.725e-01  
6.299e-01  2.649e-01  
6.675e-01  2.849e-01  
3.565e-01  4.562e-01  
3.663e-01  4.486e-01  
2.285e-01  5.808e-01  
6.134e-01  3.268e-01  
4.032e-01  4.192e-01  
2.118e-02  9.667e-01  
2.875e-01  5.381e-01  
6.413e-01  2.806e-01  
4.846e-01  3.889e-01  
3.715e-01  4.362e-01  
4.723e-01  3.590e-01  
3.910e-02  8.487e-01  
3.577e-01  4.888e-01  
5.352e-01  3.463e-01  
4.042e-01  4.470e-01  
1.430e-01  6.976e-01  
2.159e-01  5.825e-01  
4.525e-01  3.979e-01  
7.681e-01  1.987e-01  
1.180e-01  7.176e-01  
4.747e-01  3.797e-01  
5.606e-01  3.167e-01  
6.493e-01  2.810e-01  
2.954e-01  6.129e-01  
5.174e-01  3.350e-01  
5.361e-01  3.298e-01  
5.352e-01  3.463e-01  
2.737e-01  5.641e-01  
9.799e-01  6.138e-02  
2.538e-01  5.543e-01  
1.447e-01  6.961e-01  
9.858e-01  4.956e-02  
6.665e-01  2.772e-01  
6.707e-01  2.327e-01  
1.430e-01  6.976e-01  
4.196e-01  4.670e-01  
3.798e-01  4.377e-01  
3.781e-01  4.370e-01  
1.404e-01  6.876e-01  
2.276e-01  6.125e-01  
3.650e-01  4.712e-01  
5.338e-01  3.075e-01  
9.800e-01  5.602e-02  
3.577e-01  4.888e-01  
2.344e-01  5.792e-01  
6.736e-01  2.280e-01  
2.538e-01  5.543e-01  
4.525e-01  3.979e-01  
6.134e-01  3.268e-01  
2.057e-01  6.013e-01  
9.820e-01  7.184e-02  
1.282e-01  7.061e-01  
5.174e-01  3.350e-01  
1.904e-01  6.070e-01  
4.032e-01  4.192e-01  
5.165e-01  3.803e-01  
1.447e-01  6.961e-01  
1.987e-01  5.952e-01  
9.891e-01  4.627e-02  
3.577e-01  4.888e-01  
3.511e-01  5.010e-01  
5.273e-01  3.069e-01  
3.242e-01  4.896e-01  
3.006e-01  4.997e-01  
3.730e-01  4.314e-01  
9.377e-02  8.312e-01  
4.032e-01  4.192e-01  
3.665e-01  5.034e-01  
5.483e-02  8.967e-01  
3.594e-01  4.401e-01  
2.952e-01  5.326e-01  
7.603e-01  2.114e-01  
5.631e-01  3.157e-01  
5.375e-01  3.156e-01  
6.567e-01  2.727e-01  
3.400e-01  4.769e-01  
2.487e-01  5.676e-01  
2.344e-01  5.792e-01  
4.723e-01  3.565e-01  
6.415e-01  2.683e-01  
5.168e-01  3.170e-01  
7.414e-01  1.925e-01  
2.057e-01  6.013e-01  
9.755e-01  7.247e-02  
8.641e-02  8.151e-01  
6.134e-01  3.268e-01  
4.723e-01  3.590e-01  
3.146e-01  4.829e-01  
5.020e-01  3.426e-01  
1.180e-01  7.176e-01  
4.932e-01  3.889e-01  
3.006e-01  4.997e-01  
4.786e-01  3.572e-01  
9.758e-01  5.972e-02  
6.674e-01  2.319e-01  
5.382e-01  3.475e-01  
1.447e-01  6.961e-01  
2.118e-02  9.667e-01  
2.907e-01  5.140e-01  
9.799e-01  4.404e-02  
3.530e-01  4.717e-01  
7.369e-01  1.934e-01  
2.118e-02  9.667e-01  
9.849e-01  6.819e-02  
4.996e-01  3.546e-01  
2.305e-01  6.077e-01  
6.860e-01  2.184e-01  
3.910e-02  8.487e-01  
9.835e-01  7.423e-02  
7.603e-01  2.114e-01  
7.352e-02  7.949e-01  
2.381e-01  5.919e-01  
3.565e-01  4.562e-01  
3.734e-01  4.359e-01  
9.779e-01  5.228e-02  
7.754e-01  1.943e-01  
1.447e-01  6.961e-01  
7.022e-01  1.949e-01  
7.071e-01  2.026e-01  
2.989e-01  4.977e-01  
4.525e-01  3.979e-01  
2.159e-01  5.825e-01  
4.032e-01  4.192e-01  
5.020e-01  3.426e-01  
1.670e-01  6.193e-01  
7.071e-01  2.026e-01  
2.057e-01  6.013e-01  
9.817e-01  7.605e-02  
2.501e-01  5.666e-01  
4.525e-01  3.979e-01  
3.518e-01  4.823e-01  
1.592e-01  6.708e-01  
1.943e-01  6.544e-01  
4.996e-01  3.546e-01  
6.533e-01  2.918e-01  
6.473e-01  2.251e-01  
3.086e-01  5.022e-01  
5.525e-01  3.040e-01  
6.533e-01  2.918e-01  
5.840e-02  8.450e-01  
6.701e-01  2.318e-01  
9.755e-01  7.247e-02  
1.704e-01  6.317e-01  
1.430e-01  6.976e-01  
3.015e-01  4.942e-01  
4.106e-01  4.475e-01  
1.670e-01  6.193e-01  
1.635e-01  6.429e-01  
3.006e-01  4.997e-01  
2.954e-01  6.129e-01  
4.723e-01  3.590e-01  
7.445e-01  2.007e-01  
7.489e-02  8.180e-01  
7.527e-01  1.989e-01  
3.798e-01  4.377e-01  
4.486e-02  8.775e-01  
1.223e-01  6.842e-01  
6.879e-01  2.115e-01  
2.381e-01  5.919e-01  
1.426e-01  6.699e-01  
2.907e-01  5.140e-01  
9.779e-01  3.494e-02  
9.862e-01  4.740e-02  
2.576e-01  5.351e-01  
1.006e+00  2.140e-02  
4.996e-01  3.546e-01  
2.875e-01  5.381e-01  
9.876e-01  8.369e-02  
2.349e-01  6.128e-01  
3.837e-02  8.607e-01  
9.993e-01  1.596e-02  
2.092e-01  6.304e-01  
1.282e-01  7.061e-01  
7.187e-01  2.025e-01  
9.849e-01  6.819e-02  
6.553e-01  2.228e-01  
9.831e-01  5.425e-02  
9.892e-01  7.634e-02  
1.661e-01  6.383e-01  
1.704e-01  6.317e-01  
6.805e-01  2.119e-01  
5.453e-01  3.058e-01  
9.849e-01  6.819e-02  
6.134e-01  3.268e-01  
6.695e-01  2.184e-01  
7.716e-01  1.947e-01  
9.800e-01  5.602e-02  
1.038e+00  3.757e-02  
5.840e-02  8.450e-01  
1.223e-01  6.842e-01  
7.022e-01  1.949e-01  
1.075e-01  7.725e-01  
9.857e-01  5.345e-02  
2.501e-01  5.666e-01  
5.840e-02  8.450e-01  
2.875e-01  5.381e-01  
3.528e-02  9.607e-01  
1.751e-01  6.094e-01  
2.619e-02  9.044e-01  
9.764e-01  7.648e-02  
9.892e-01  7.634e-02  
9.892e-01  7.634e-02  
6.933e-02  9.514e-01  
1.814e-02  9.568e-01  
9.935e-01  5.706e-02  
9.624e-02  7.453e-01  
9.849e-01  6.819e-02  
9.811e-01  4.117e-02  
9.892e-01  7.634e-02  
2.713e-02  9.013e-01  
9.811e-01  2.770e-02  
1.814e-02  9.451e-01  
1.006e+00  2.140e-02  
9.811e-01  4.117e-02  
9.624e-02  7.453e-01  
7.369e-01  1.934e-01  
1.043e+00  2.713e-02  
1.223e-01  6.842e-01  
9.849e-01  2.325e-02  
9.755e-01  7.247e-02  
7.603e-01  2.114e-01  
5.840e-02  8.450e-01  
9.755e-01  7.247e-02  
1.013e+00  4.734e-02  
9.930e-01  2.102e-02  
1.002e+00  2.734e-02  
3.625e-01  5.028e-01  
1.192e-01  7.214e-01  
9.892e-01  7.634e-02  
5.500e-02  8.498e-01  
1.223e-01  6.842e-01  
3.973e-02  8.506e-01  
7.292e-01  2.115e-01  
9.799e-01  4.404e-02  
7.982e-02  7.730e-01  
7.369e-01  1.934e-01  
9.937e-01  1.734e-02  
2.381e-01  5.919e-01  
2.388e-01  5.646e-01  
3.625e-01  5.028e-01  
5.124e-01  3.375e-01  
9.892e-01  7.634e-02  
2.909e-02  8.782e-01  
1.867e-01  6.045e-01  
9.799e-01  7.240e-02  
7.830e-01  1.945e-01  
7.379e-02  8.034e-01  
9.906e-01  3.870e-02  
5.021e-01  3.292e-01  
3.530e-01  4.717e-01  
1.006e+00  2.140e-02  
6.820e-01  2.091e-01  
7.052e-01  2.039e-01  
2.962e-01  5.049e-01  
2.251e-01  5.743e-01  
8.508e-02  7.809e-01  
2.909e-02  8.782e-01  
1.670e-01  6.193e-01  
1.958e-01  5.882e-01  
4.803e-01  3.815e-01  
5.054e-01  3.385e-01  
3.590e-01  4.495e-01  
9.972e-01  4.708e-02  
3.086e-01  5.022e-01  
5.020e-01  3.426e-01  
9.793e-01  5.749e-02  
1.075e-01  7.725e-01  
7.292e-01  2.115e-01  
2.737e-01  5.641e-01  
2.889e-01  5.313e-01  
9.794e-01  4.926e-02  
3.518e-01  4.823e-01  
1.447e-01  6.961e-01  
2.954e-01  6.129e-01  
2.943e-01  5.060e-01  
5.049e-01  3.392e-01  
1.670e-01  6.193e-01  
3.576e-01  4.569e-01  
1.043e+00  2.713e-02  
7.292e-01  2.115e-01  
2.344e-01  5.792e-01  
1.004e+00  2.856e-02  
1.180e-01  7.176e-01  
5.049e-01  3.392e-01  
4.032e-01  4.192e-01  
1.430e-01  6.976e-01  
6.134e-01  3.268e-01  
9.755e-01  7.247e-02  
9.811e-01  4.117e-02  
4.277e-01  3.943e-01  
6.037e-02  8.932e-01  
4.018e-01  4.473e-01  
2.159e-01  5.825e-01  
1.814e-02  9.451e-01  
1.256e-01  7.284e-01  
4.786e-01  3.572e-01  
6.736e-01  2.280e-01  
5.375e-01  3.156e-01  
2.118e-02  9.667e-01  
1.814e-02  9.568e-01  
4.996e-01  3.546e-01  
4.277e-01  3.943e-01  
6.671e-01  2.170e-01  
1.426e-01  6.699e-01  
4.018e-01  4.473e-01  
