8.179e-02  1.092e+00  
1.115e+00  6.976e-02  
6.459e-01  7.412e-01  
9.426e-01  3.255e-01  
3.622e-01  9.972e-01  
8.257e-01  4.995e-01  
1.378e-01  1.073e+00  
5.247e-01  8.828e-01  
1.042e+00  1.806e-01  
1.092e+00  8.797e-02  
8.858e-02  1.115e+00  
7.905e-01  5.473e-01  
9.382e-01  4.110e-01  
4.559e-01  9.341e-01  
6.153e-01  7.720e-01  
1.006e+00  2.335e-01  
2.774e-01  1.050e+00  
1.664e-01  1.074e+00  
8.433e-01  4.867e-01  
1.042e+00  1.742e-01  
4.880e-01  9.020e-01  
7.885e-01  5.524e-01  
6.646e-01  7.353e-01  
1.090e+00  1.130e-01  
7.979e-01  5.466e-01  
1.112e+00  8.997e-02  
2.689e-01  1.072e+00  
7.561e-02  1.102e+00  
5.848e-01  8.636e-01  
1.565e-01  1.089e+00  
9.392e-01  3.902e-01  
9.494e-01  2.879e-01  
3.418e-01  1.016e+00  
9.811e-01  2.412e-01  
1.076e+00  9.641e-02  
8.179e-02  1.092e+00  
4.696e-01  9.113e-01  
1.940e-01  1.073e+00  
1.581e-01  1.075e+00  
8.396e-01  4.891e-01  
6.368e-01  7.584e-01  
8.171e-01  5.246e-01  
5.800e-01  8.713e-01  
4.434e-01  9.621e-01  
1.575e-01  1.073e+00  
9.400e-01  3.623e-01  
7.825e-01  5.582e-01  
1.077e+00  1.130e-01  
7.729e-01  5.880e-01  
2.785e-01  1.035e+00  
6.897e-01  7.224e-01  
4.880e-01  9.020e-01  
7.938e-02  1.151e+00  
9.405e-01  4.249e-01  
1.565e-01  1.089e+00  
7.826e-01  5.567e-01  
9.392e-01  3.642e-01  
1.119e+00  6.904e-02  
3.418e-01  1.016e+00  
1.103e+00  9.434e-02  
1.042e+00  1.742e-01  
5.964e-01  8.586e-01  
9.779e-01  2.417e-01  
9.413e-01  3.082e-01  
2.917e-01  1.033e+00  
9.861e-01  2.304e-01  
8.026e-02  1.118e+00  
9.392e-01  3.642e-01  
7.646e-01  7.084e-01  
7.967e-01  5.381e-01  
9.595e-01  2.808e-01  
3.700e-01  1.005e+00  
9.119e-01  4.523e-01  
5.247e-01  8.828e-01  
6.713e-01  7.267e-01  
1.926e-01  1.073e+00  
1.937e-01  1.073e+00  
1.048e+00  1.715e-01  
9.413e-01  3.584e-01  
1.085e+00  1.088e-01  
8.430e-01  4.809e-01  
4.838e-01  8.997e-01  
6.459e-01  7.412e-01  
7.903e-01  5.394e-01  
6.195e-01  7.868e-01  
8.320e-01  4.919e-01  
2.732e-01  1.056e+00  
9.033e-02  1.105e+00  
5.848e-01  8.636e-01  
7.825e-01  5.582e-01  
2.829e-01  1.029e+00  
9.451e-01  3.405e-01  
1.091e+00  7.311e-02  
9.241e-02  1.152e+00  
1.028e+00  2.000e-01  
4.490e-01  9.424e-01  
6.642e-01  7.307e-01  
8.832e-01  4.595e-01  
4.490e-01  9.424e-01  
7.735e-01  5.991e-01  
8.674e-02  1.106e+00  
1.438e-01  1.075e+00  
7.850e-01  5.562e-01  
1.378e-01  1.073e+00  
9.392e-01  3.642e-01  
1.002e+00  2.025e-01  
7.422e-02  1.102e+00  
7.154e-01  7.132e-01  
9.463e-01  3.111e-01  
9.441e-01  3.090e-01  
6.465e-01  7.412e-01  
2.689e-01  1.072e+00  
5.057e-01  8.921e-01  
6.230e-01  8.520e-01  
4.392e-01  9.744e-01  
1.073e+00  1.450e-01  
2.774e-01  1.050e+00  
9.779e-01  2.417e-01  
8.325e-02  1.147e+00  
1.102e+00  1.163e-01  
1.095e+00  7.460e-02  
3.779e-01  9.926e-01  
1.077e+00  1.130e-01  
2.829e-01  1.029e+00  
9.417e-01  3.281e-01  
6.790e-02  1.104e+00  
1.100e+00  8.581e-02  
5.569e-01  8.779e-01  
1.110e+00  5.932e-02  
4.770e-01  9.064e-01  
1.090e+00  1.130e-01  
1.611e-01  1.074e+00  
1.565e-01  1.185e+00  
1.581e-01  1.075e+00  
1.108e+00  7.966e-02  
1.016e+00  1.919e-01  
1.094e+00  5.693e-02  
4.370e-01  9.623e-01  
9.654e-01  2.640e-01  
2.829e-01  1.029e+00  
7.561e-02  1.102e+00  
8.433e-01  4.867e-01  
9.392e-01  3.642e-01  
5.057e-01  8.921e-01  
6.195e-01  7.868e-01  
7.534e-01  7.399e-01  
3.700e-01  1.005e+00  
8.396e-01  4.891e-01  
1.378e-01  1.073e+00  
4.434e-01  9.621e-01  
4.782e-01  9.057e-01  
9.441e-01  3.090e-01  
5.485e-01  8.832e-01  
7.885e-01  5.524e-01  
3.074e-01  1.019e+00  
9.392e-01  3.902e-01  
1.664e-01  1.074e+00  
3.467e-01  1.006e+00  
7.760e-01  6.071e-01  
9.433e-01  3.674e-01  
9.392e-01  3.902e-01  
4.782e-01  9.057e-01  
8.269e-01  5.000e-01  
1.252e-01  1.075e+00  
6.459e-01  7.412e-01  
5.800e-01  8.713e-01  
6.435e-01  7.473e-01  
7.866e-01  5.482e-01  
1.095e+00  7.460e-02  
7.933e-01  5.527e-01  
7.534e-01  7.399e-01  
8.575e-01  4.727e-01  
7.176e-02  1.121e+00  
7.967e-01  5.381e-01  
9.882e-02  1.103e+00  
8.206e-01  5.275e-01  
2.088e-01  1.075e+00  
6.876e-01  7.215e-01  
1.438e-01  1.075e+00  
7.760e-01  6.071e-01  
9.392e-01  3.642e-01  
4.696e-01  9.113e-01  
6.869e-01  7.257e-01  
6.459e-01  7.412e-01  
9.941e-01  2.132e-01  
1.048e+00  1.715e-01  
2.705e-01  1.061e+00  
6.195e-01  7.868e-01  
7.826e-01  5.567e-01  
6.141e-01  7.896e-01  
8.377e-01  4.862e-01  
8.269e-01  5.000e-01  
6.869e-01  7.257e-01  
6.897e-01  7.224e-01  
1.092e+00  8.797e-02  
9.497e-01  3.064e-01  
6.230e-01  8.520e-01  
9.441e-01  3.090e-01  
6.107e-01  8.526e-01  
2.088e-01  1.075e+00  
8.377e-01  4.862e-01  
4.476e-01  9.404e-01  
7.825e-01  5.582e-01  
1.082e+00  9.455e-02  
5.045e-01  8.926e-01  
8.320e-01  4.919e-01  
7.850e-01  5.562e-01  
8.179e-02  1.092e+00  
9.811e-01  2.412e-01  
7.760e-02  1.103e+00  
1.082e+00  9.455e-02  
9.378e-01  3.830e-01  
9.374e-01  3.529e-01  
3.245e-01  1.013e+00  
7.646e-01  7.084e-01  
1.085e+00  1.103e-01  
9.811e-01  2.412e-01  
9.373e-01  3.544e-01  
9.444e-01  3.352e-01  
1.587e-01  1.074e+00  
2.873e-01  1.037e+00  
3.001e-01  1.020e+00  
1.438e-01  1.074e+00  
9.430e-01  3.255e-01  
1.108e+00  7.966e-02  
3.245e-01  1.013e+00  
2.936e-01  1.031e+00  
2.917e-01  1.033e+00  
4.976e-01  8.978e-01  
7.561e-02  1.102e+00  
1.005e+00  2.120e-01  
1.109e+00  8.096e-02  
8.026e-02  1.118e+00  
5.800e-01  8.713e-01  
9.444e-01  3.352e-01  
9.587e-01  2.733e-01  
4.782e-01  9.057e-01  
9.847e-02  1.102e+00  
1.378e-01  1.073e+00  
9.374e-01  3.529e-01  
7.816e-02  1.103e+00  
1.132e-01  1.086e+00  
1.082e+00  9.455e-02  
3.350e-01  1.018e+00  
1.048e+00  1.715e-01  
9.886e-01  2.342e-01  
3.779e-01  9.926e-01  
1.109e+00  8.096e-02  
4.573e-01  9.222e-01  
8.858e-02  1.115e+00  
1.005e+00  2.120e-01  
1.029e+00  1.756e-01  
1.017e-01  1.098e+00  
9.494e-01  2.879e-01  
1.082e+00  9.455e-02  
1.095e+00  6.625e-02  
1.091e+00  7.311e-02  
1.119e+00  6.904e-02  
4.559e-01  9.341e-01  
1.119e+00  6.904e-02  
9.417e-01  3.281e-01  
9.494e-01  2.879e-01  
1.002e+00  2.025e-01  
8.047e-02  1.145e+00  
7.646e-01  7.084e-01  
1.089e+00  6.952e-02  
9.861e-01  2.304e-01  
1.048e+00  1.715e-01  
8.026e-02  1.118e+00  
4.880e-01  9.020e-01  
8.674e-02  1.106e+00  
3.418e-01  1.016e+00  
7.741e-01  6.043e-01  
5.084e-01  8.871e-01  
5.569e-01  8.779e-01  
9.773e-01  2.484e-01  
1.565e-01  1.089e+00  
2.705e-01  1.061e+00  
9.386e-01  3.662e-01  
1.565e-01  1.089e+00  
1.550e-01  1.074e+00  
4.434e-01  9.621e-01  
9.463e-01  3.111e-01  
9.410e-01  3.214e-01  
2.873e-01  1.037e+00  
7.659e-02  1.148e+00  
1.090e+00  1.130e-01  
1.575e-01  1.073e+00  
8.325e-02  1.147e+00  
1.987e-01  1.073e+00  
8.269e-01  5.000e-01  
7.785e-01  5.740e-01  
1.131e-01  1.119e+00  
9.410e-01  3.214e-01  
9.392e-01  3.902e-01  
6.339e-01  7.522e-01  
6.897e-01  7.224e-01  
4.410e-01  9.476e-01  
8.832e-01  4.595e-01  
6.642e-01  7.307e-01  
9.033e-02  1.104e+00  
6.465e-01  7.412e-01  
9.398e-01  3.245e-01  
7.760e-01  6.071e-01  
6.452e-01  7.402e-01  
7.825e-01  5.582e-01  
1.017e-01  1.098e+00  
6.433e-01  7.585e-01  
7.850e-01  5.562e-01  
6.465e-01  7.412e-01  
1.940e-01  1.073e+00  
4.392e-01  9.744e-01  
7.926e-01  5.502e-01  
9.811e-01  2.412e-01  
1.581e-01  1.075e+00  
7.825e-01  5.582e-01  
8.562e-01  4.777e-01  
8.532e-01  4.774e-01  
4.370e-01  9.623e-01  
8.134e-01  5.245e-01  
7.905e-01  5.473e-01  
8.377e-01  4.862e-01  
4.803e-01  9.036e-01  
1.002e+00  2.025e-01  
4.573e-01  9.222e-01  
7.422e-02  1.102e+00  
1.073e+00  1.450e-01  
9.378e-01  3.830e-01  
9.378e-01  3.830e-01  
2.088e-01  1.075e+00  
7.723e-01  6.096e-01  
7.534e-01  7.399e-01  
6.618e-01  7.312e-01  
1.937e-01  1.073e+00  
3.779e-01  9.926e-01  
6.433e-01  7.585e-01  
8.575e-01  4.727e-01  
1.052e+00  1.630e-01  
6.435e-01  7.473e-01  
2.873e-01  1.037e+00  
9.377e-01  3.701e-01  
4.770e-01  9.064e-01  
7.700e-01  6.275e-01  
8.433e-01  4.867e-01  
3.467e-01  1.006e+00  
9.941e-01  2.132e-01  
2.746e-01  1.067e+00  
8.269e-01  5.000e-01  
3.017e-01  1.025e+00  
7.318e-01  7.123e-01  
7.826e-01  5.567e-01  
3.245e-01  1.013e+00  
2.902e-01  1.032e+00  
9.861e-01  2.304e-01  
6.105e-01  7.843e-01  
5.800e-01  8.713e-01  
9.392e-01  3.902e-01  
5.848e-01  8.636e-01  
5.848e-01  8.636e-01  
6.459e-01  7.412e-01  
1.550e-01  1.074e+00  
6.897e-01  7.224e-01  
7.534e-01  7.399e-01  
8.858e-02  1.115e+00  
6.183e-01  7.691e-01  
4.674e-01  9.142e-01  
9.773e-01  2.484e-01  
8.249e-01  5.238e-01  
8.433e-01  4.867e-01  
9.410e-01  3.214e-01  
6.105e-01  7.843e-01  
5.155e-01  8.870e-01  
4.782e-01  9.057e-01  
7.825e-01  5.582e-01  
9.392e-01  3.902e-01  
7.905e-01  5.473e-01  
9.666e-01  2.619e-01  
2.873e-01  1.037e+00  
1.077e+00  1.046e-01  
8.674e-02  1.106e+00  
9.410e-01  3.214e-01  
8.377e-01  4.862e-01  
5.800e-01  8.713e-01  
7.960e-01  5.522e-01  
1.940e-01  1.073e+00  
7.905e-01  5.473e-01  
6.230e-01  8.520e-01  
7.745e-01  5.779e-01  
1.077e+00  1.046e-01  
9.441e-01  3.090e-01  
8.396e-01  4.891e-01  
1.378e-01  1.073e+00  
7.561e-02  1.102e+00  
5.187e-01  8.863e-01  
1.048e+00  1.715e-01  
6.195e-01  7.868e-01  
1.006e+00  2.335e-01  
8.026e-02  1.118e+00  
1.095e+00  6.625e-02  
8.249e-01  5.238e-01  
4.434e-01  9.621e-01  
9.426e-01  3.255e-01  
8.674e-02  1.106e+00  
1.015e+00  1.931e-01  
1.002e+00  2.025e-01  
9.847e-02  1.102e+00  
5.544e-01  9.867e-01  
6.452e-01  7.402e-01  
6.897e-01  7.224e-01  
1.077e+00  1.130e-01  
9.700e-01  2.563e-01  
2.936e-01  1.031e+00  
9.494e-01  2.879e-01  
9.413e-01  3.310e-01  
5.084e-01  8.871e-01  
7.741e-01  6.043e-01  
5.045e-01  8.926e-01  
7.646e-01  7.084e-01  
8.206e-01  5.275e-01  
2.873e-01  1.037e+00  
9.500e-01  2.959e-01  
2.705e-01  1.061e+00  
1.084e+00  1.136e-01  
4.674e-01  9.142e-01  
7.646e-01  7.084e-01  
6.195e-01  7.868e-01  
2.902e-01  1.032e+00  
3.350e-01  1.018e+00  
7.825e-01  5.582e-01  
9.392e-01  3.642e-01  
9.413e-01  3.082e-01  
5.753e-01  8.696e-01  
9.410e-01  3.214e-01  
9.412e-01  4.126e-01  
8.179e-02  1.092e+00  
9.398e-01  3.245e-01  
1.090e+00  1.130e-01  
2.863e-01  1.044e+00  
2.732e-01  1.056e+00  
5.628e-01  8.777e-01  
6.669e-01  7.375e-01  
3.201e-01  1.012e+00  
2.732e-01  1.056e+00  
5.753e-01  8.696e-01  
4.770e-01  9.064e-01  
7.905e-01  5.473e-01  
9.444e-01  3.352e-01  
1.550e-01  1.074e+00  
9.886e-01  2.342e-01  
6.642e-01  7.307e-01  
7.760e-02  1.103e+00  
1.926e-01  1.073e+00  
9.413e-01  3.082e-01  
3.467e-01  1.006e+00  
2.936e-01  1.031e+00  
4.696e-01  9.113e-01  
1.092e+00  8.797e-02  
1.042e+00  1.742e-01  
5.544e-01  9.867e-01  
1.112e+00  8.997e-02  
8.377e-01  4.862e-01  
4.490e-01  9.424e-01  
1.042e+00  1.742e-01  
2.902e-01  1.032e+00  
7.422e-02  1.102e+00  
1.127e+00  6.724e-02  
3.418e-01  1.016e+00  
1.987e-01  1.073e+00  
9.625e-01  2.739e-01  
1.078e+00  1.047e-01  
9.388e-01  3.689e-01  
1.042e+00  1.742e-01  
1.079e+00  9.827e-02  
3.017e-01  1.025e+00  
2.936e-01  1.031e+00  
9.512e-01  2.922e-01  
9.374e-01  3.529e-01  
1.091e+00  7.311e-02  
7.991e-01  5.439e-01  
9.441e-01  3.090e-01  
9.811e-01  2.412e-01  
1.077e+00  1.046e-01  
1.099e+00  7.075e-02  
7.760e-02  1.103e+00  
8.026e-02  1.118e+00  
9.811e-01  2.412e-01  
1.550e-01  1.074e+00  
1.042e+00  1.806e-01  
4.490e-01  9.424e-01  
8.674e-02  1.106e+00  
5.410e-01  8.818e-01  
7.422e-02  1.102e+00  
3.414e-01  1.007e+00  
9.241e-02  1.152e+00  
1.042e+00  1.742e-01  
1.090e+00  1.130e-01  
1.091e+00  7.311e-02  
1.550e-01  1.074e+00  
7.150e-02  1.136e+00  
1.042e+00  1.806e-01  
1.378e-01  1.073e+00  
1.092e+00  8.797e-02  
1.091e+00  7.311e-02  
1.090e+00  1.130e-01  
8.425e-02  1.098e+00  
1.109e+00  8.096e-02  
7.512e-02  1.126e+00  
1.112e+00  8.997e-02  
1.082e+00  9.455e-02  
1.937e-01  1.073e+00  
9.679e-01  2.736e-01  
1.102e+00  6.001e-02  
1.611e-01  1.074e+00  
1.091e+00  7.311e-02  
1.095e+00  8.918e-02  
1.113e+00  2.006e-01  
7.816e-02  1.103e+00  
1.103e+00  9.434e-02  
1.112e+00  8.997e-02  
1.096e+00  8.875e-02  
1.077e+00  1.046e-01  
5.485e-01  8.832e-01  
2.088e-01  1.075e+00  
1.077e+00  1.046e-01  
1.151e-01  1.100e+00  
2.407e-01  1.129e+00  
9.882e-02  1.103e+00  
9.417e-01  3.281e-01  
1.002e+00  2.014e-01  
1.868e-01  1.073e+00  
9.587e-01  2.733e-01  
1.113e+00  6.058e-02  
4.562e-01  9.216e-01  
4.434e-01  9.621e-01  
4.770e-01  9.064e-01  
8.320e-01  4.919e-01  
1.077e+00  1.130e-01  
8.325e-02  1.147e+00  
2.689e-01  1.072e+00  
1.077e+00  1.046e-01  
9.654e-01  2.640e-01  
1.565e-01  1.089e+00  
1.092e+00  8.797e-02  
8.014e-01  5.186e-01  
6.135e-01  7.831e-01  
1.112e+00  8.997e-02  
9.492e-01  3.262e-01  
9.565e-01  3.031e-01  
4.770e-01  9.064e-01  
4.674e-01  9.142e-01  
1.049e-01  1.111e+00  
9.847e-02  1.102e+00  
3.315e-01  1.010e+00  
3.700e-01  1.005e+00  
7.826e-01  5.567e-01  
8.134e-01  5.245e-01  
6.299e-01  7.479e-01  
1.002e+00  2.025e-01  
6.119e-01  8.633e-01  
7.905e-01  5.473e-01  
1.102e+00  1.163e-01  
1.565e-01  1.089e+00  
9.430e-01  3.255e-01  
5.146e-01  8.872e-01  
5.800e-01  8.713e-01  
1.091e+00  7.311e-02  
6.137e-01  7.742e-01  
3.700e-01  1.005e+00  
4.951e-01  8.998e-01  
5.410e-01  8.818e-01  
8.433e-01  4.867e-01  
2.936e-01  1.031e+00  
6.713e-01  7.267e-01  
1.102e+00  6.001e-02  
9.595e-01  2.808e-01  
2.689e-01  1.072e+00  
1.091e+00  7.311e-02  
2.088e-01  1.075e+00  
8.063e-01  5.215e-01  
6.885e-01  7.226e-01  
1.575e-01  1.073e+00  
8.575e-01  4.819e-01  
1.106e+00  1.182e-01  
1.078e+00  1.047e-01  
7.646e-01  7.084e-01  
1.321e-01  1.078e+00  
7.688e-01  6.345e-01  
4.782e-01  9.057e-01  
8.325e-02  1.147e+00  
2.088e-01  1.075e+00  
7.850e-01  5.562e-01  
9.410e-01  3.214e-01  
8.269e-01  5.000e-01  
8.325e-02  1.147e+00  
8.325e-02  1.147e+00  
7.817e-01  5.806e-01  
7.729e-01  5.880e-01  
9.444e-01  3.352e-01  
2.936e-01  1.031e+00  
6.958e-01  6.992e-01  
