1.757e-02  9.700e-01  
9.618e-01  3.714e-02  
4.187e-01  4.279e-01  
6.390e-01  2.276e-01  
1.729e-01  6.106e-01  
5.014e-01  3.633e-01  
1.093e-01  7.799e-01  
2.937e-01  5.532e-01  
9.670e-01  7.266e-02  
9.570e-01  5.874e-02  
4.679e-02  8.260e-01  
5.165e-01  4.012e-01  
6.934e-01  2.496e-01  
2.583e-01  5.645e-01  
3.534e-01  4.708e-01  
6.926e-01  2.198e-01  
1.572e-01  6.562e-01  
1.369e-01  6.890e-01  
7.231e-01  2.512e-01  
9.496e-01  9.433e-02  
2.845e-01  5.426e-01  
4.614e-01  4.180e-01  
3.847e-01  4.539e-01  
9.501e-01  7.696e-02  
5.113e-01  3.872e-01  
9.737e-01  3.841e-02  
2.402e-01  6.093e-01  
5.959e-02  8.322e-01  
3.164e-01  4.970e-01  
8.039e-02  7.870e-01  
6.390e-01  2.276e-01  
6.526e-01  2.256e-01  
1.727e-01  6.447e-01  
7.980e-01  2.284e-01  
9.570e-01  5.874e-02  
4.679e-02  8.260e-01  
2.614e-01  5.514e-01  
1.277e-01  7.493e-01  
9.057e-02  7.573e-01  
5.113e-01  3.872e-01  
3.868e-01  4.791e-01  
5.113e-01  3.872e-01  
3.193e-01  5.157e-01  
2.530e-01  6.068e-01  
1.379e-01  7.303e-01  
6.664e-01  2.392e-01  
4.440e-01  3.866e-01  
9.611e-01  4.205e-02  
4.614e-01  4.180e-01  
2.400e-01  5.591e-01  
4.048e-01  4.574e-01  
2.912e-01  5.406e-01  
1.997e-02  1.016e+00  
6.597e-01  2.666e-01  
6.359e-02  8.343e-01  
4.599e-01  4.070e-01  
6.361e-01  2.413e-01  
9.689e-01  3.986e-02  
1.776e-01  6.192e-01  
9.521e-01  9.238e-02  
9.552e-01  9.990e-02  
3.325e-01  4.587e-01  
9.504e-01  1.501e-01  
6.976e-01  2.223e-01  
1.741e-01  6.742e-01  
9.457e-01  7.389e-02  
5.615e-02  8.044e-01  
6.581e-01  2.240e-01  
4.262e-01  4.174e-01  
4.539e-01  3.874e-01  
7.980e-01  2.284e-01  
1.885e-01  6.498e-01  
6.316e-01  2.305e-01  
3.193e-01  5.157e-01  
4.187e-01  4.239e-01  
1.260e-01  6.952e-01  
1.140e-01  7.291e-01  
6.885e-01  2.296e-01  
4.981e-01  3.672e-01  
9.473e-01  6.065e-02  
6.793e-01  3.472e-01  
2.583e-01  5.349e-01  
4.187e-01  4.279e-01  
4.645e-01  4.383e-01  
3.773e-01  4.627e-01  
4.528e-01  3.890e-01  
1.379e-01  7.303e-01  
3.364e-02  8.490e-01  
3.144e-01  4.774e-01  
4.749e-01  3.724e-01  
2.031e-01  5.967e-01  
6.457e-01  2.395e-01  
9.635e-01  4.886e-02  
3.252e-02  8.828e-01  
9.494e-01  6.922e-02  
2.952e-01  5.594e-01  
3.502e-01  4.883e-01  
6.432e-01  2.316e-01  
2.614e-01  5.514e-01  
4.576e-01  4.002e-01  
4.877e-02  8.923e-01  
1.126e-01  6.955e-01  
4.457e-01  4.608e-01  
7.704e-02  7.742e-01  
6.226e-01  2.595e-01  
9.476e-01  9.170e-02  
8.039e-02  7.870e-01  
4.322e-01  4.168e-01  
6.385e-01  2.691e-01  
7.372e-01  2.473e-01  
3.426e-01  4.615e-01  
1.862e-01  6.908e-01  
2.912e-01  5.406e-01  
3.361e-01  4.797e-01  
2.530e-01  6.068e-01  
9.552e-01  9.990e-02  
1.572e-01  6.562e-01  
9.496e-01  9.742e-02  
5.959e-02  8.322e-01  
9.512e-01  1.130e-01  
9.692e-01  3.991e-02  
1.910e-01  6.139e-01  
9.592e-01  4.967e-02  
1.727e-01  6.447e-01  
6.806e-01  2.306e-01  
5.959e-02  8.322e-01  
9.611e-01  4.205e-02  
3.425e-01  5.281e-01  
9.598e-01  6.934e-02  
3.096e-01  4.905e-01  
9.473e-01  4.697e-02  
1.093e-01  7.799e-01  
1.369e-01  6.890e-01  
9.057e-02  7.573e-01  
9.670e-01  3.872e-02  
9.473e-01  4.697e-02  
9.674e-01  4.612e-02  
2.454e-01  6.120e-01  
6.806e-01  2.306e-01  
1.729e-01  6.106e-01  
2.380e-02  9.381e-01  
6.226e-01  2.595e-01  
6.413e-01  2.312e-01  
2.940e-01  5.243e-01  
3.469e-01  4.650e-01  
4.457e-01  4.608e-01  
1.681e-01  6.260e-01  
4.530e-01  3.854e-01  
1.093e-01  7.799e-01  
2.400e-01  5.591e-01  
3.144e-01  4.774e-01  
6.976e-01  2.223e-01  
2.952e-01  5.594e-01  
4.614e-01  4.180e-01  
1.910e-01  6.140e-01  
6.247e-01  2.877e-01  
1.459e-01  6.839e-01  
1.776e-01  6.192e-01  
4.614e-01  4.180e-01  
4.512e-01  3.806e-01  
7.231e-01  2.512e-01  
2.952e-01  5.594e-01  
5.014e-01  3.633e-01  
1.605e-01  6.644e-01  
3.587e-01  4.417e-01  
3.174e-01  4.961e-01  
3.325e-01  4.587e-01  
4.749e-01  3.724e-01  
9.611e-01  4.205e-02  
4.485e-01  4.033e-01  
4.262e-01  4.174e-01  
6.683e-01  3.158e-01  
1.776e-02  9.910e-01  
5.165e-01  4.012e-01  
3.364e-02  8.490e-01  
4.595e-01  3.825e-01  
1.126e-01  6.955e-01  
4.215e-01  4.309e-01  
8.176e-02  8.489e-01  
4.850e-01  3.772e-01  
6.601e-01  2.259e-01  
2.835e-01  5.565e-01  
4.048e-01  4.574e-01  
3.356e-01  4.775e-01  
9.494e-01  6.922e-02  
9.457e-01  7.389e-02  
1.776e-01  6.192e-01  
3.426e-01  4.615e-01  
4.749e-01  3.724e-01  
3.426e-01  4.615e-01  
4.622e-01  3.952e-01  
5.802e-01  3.711e-01  
4.496e-01  3.883e-01  
3.847e-01  4.539e-01  
9.586e-01  4.639e-02  
6.536e-01  2.239e-01  
4.187e-01  4.279e-01  
6.316e-01  2.305e-01  
3.144e-01  4.774e-01  
1.140e-01  7.291e-01  
5.113e-01  3.872e-01  
2.400e-01  5.591e-01  
4.614e-01  4.180e-01  
9.496e-01  9.742e-02  
2.583e-01  5.349e-01  
6.316e-01  2.305e-01  
4.539e-01  3.874e-01  
7.551e-02  8.439e-01  
9.457e-01  7.389e-02  
2.894e-02  8.947e-01  
9.586e-01  4.639e-02  
6.390e-01  2.276e-01  
7.065e-01  2.432e-01  
1.791e-01  6.135e-01  
4.187e-01  4.239e-01  
9.635e-01  4.886e-02  
7.980e-01  2.284e-01  
6.934e-01  2.496e-01  
7.156e-01  2.378e-01  
5.615e-02  8.044e-01  
1.987e-01  6.248e-01  
1.605e-01  6.644e-01  
1.450e-01  7.155e-01  
6.480e-01  2.261e-01  
9.634e-01  4.608e-02  
1.681e-01  6.260e-01  
1.572e-01  6.562e-01  
1.605e-01  6.644e-01  
2.845e-01  5.426e-01  
8.285e-02  8.108e-01  
9.533e-01  1.011e-01  
9.492e-01  7.054e-02  
1.997e-02  1.016e+00  
3.426e-01  4.615e-01  
7.065e-01  2.432e-01  
7.980e-01  2.284e-01  
3.193e-01  5.157e-01  
2.894e-02  8.947e-01  
1.093e-01  7.799e-01  
6.354e-01  2.428e-01  
1.757e-02  9.700e-01  
5.940e-02  8.140e-01  
9.551e-01  1.081e-01  
1.727e-01  6.447e-01  
9.606e-01  6.474e-02  
9.502e-01  1.092e-01  
2.770e-01  6.309e-01  
9.570e-01  5.874e-02  
2.814e-01  5.367e-01  
3.107e-02  9.762e-01  
9.606e-01  6.474e-02  
9.606e-01  6.474e-02  
5.765e-02  8.552e-01  
6.934e-01  2.496e-01  
9.674e-01  4.612e-02  
9.692e-01  3.991e-02  
9.627e-01  4.187e-02  
9.590e-01  4.303e-02  
2.614e-01  5.514e-01  
9.737e-01  3.841e-02  
6.730e-01  2.169e-01  
6.830e-01  2.255e-01  
9.473e-01  6.065e-02  
2.380e-02  9.381e-01  
4.596e-01  4.243e-01  
9.473e-01  4.697e-02  
9.476e-01  9.476e-02  
7.980e-01  2.284e-01  
3.866e-02  9.128e-01  
2.835e-01  5.565e-01  
4.877e-02  8.923e-01  
1.987e-01  6.248e-01  
4.596e-01  4.243e-01  
3.425e-01  5.281e-01  
3.206e-01  4.897e-01  
9.489e-01  9.777e-02  
8.176e-02  8.489e-01  
1.681e-01  6.260e-01  
6.378e-01  2.423e-01  
5.959e-02  8.322e-01  
3.866e-02  9.128e-01  
2.332e-01  5.917e-01  
6.248e-01  2.863e-01  
6.528e-01  2.410e-01  
1.779e-01  6.345e-01  
1.997e-02  1.016e+00  
9.570e-01  5.874e-02  
8.176e-02  8.489e-01  
3.337e-02  9.739e-01  
1.369e-01  6.890e-01  
5.165e-01  4.012e-01  
4.622e-01  3.952e-01  
7.253e-02  7.875e-01  
6.344e-01  2.803e-01  
6.316e-01  2.305e-01  
3.755e-01  4.824e-01  
3.779e-01  4.567e-01  
2.278e-01  5.740e-01  
6.316e-01  2.305e-01  
4.187e-01  4.279e-01  
1.776e-02  9.910e-01  
3.426e-01  4.615e-01  
6.378e-01  2.423e-01  
4.779e-01  3.914e-01  
3.847e-01  4.539e-01  
4.512e-01  3.806e-01  
3.252e-02  8.828e-01  
3.469e-01  4.650e-01  
5.113e-01  3.872e-01  
4.187e-01  4.239e-01  
1.376e-01  6.840e-01  
2.400e-01  5.591e-01  
4.682e-01  4.100e-01  
6.885e-01  2.296e-01  
1.288e-01  7.256e-01  
4.539e-01  3.874e-01  
4.749e-01  3.724e-01  
6.248e-01  2.863e-01  
2.520e-01  6.002e-01  
4.687e-01  3.851e-01  
4.530e-01  3.854e-01  
6.247e-01  2.877e-01  
2.814e-01  5.367e-01  
9.650e-01  9.849e-02  
2.907e-01  4.903e-01  
1.083e-01  6.935e-01  
9.753e-01  5.879e-02  
6.934e-01  2.496e-01  
6.390e-01  2.276e-01  
8.176e-02  8.489e-01  
4.496e-01  3.883e-01  
3.847e-01  4.539e-01  
4.048e-01  4.574e-01  
1.332e-01  6.970e-01  
1.541e-01  6.468e-01  
3.469e-01  4.650e-01  
6.793e-01  3.472e-01  
9.512e-01  1.130e-01  
3.566e-01  4.471e-01  
2.278e-01  5.740e-01  
6.581e-01  2.240e-01  
2.400e-01  5.591e-01  
4.576e-01  4.002e-01  
6.247e-01  2.877e-01  
1.727e-01  6.447e-01  
9.470e-01  6.484e-02  
8.176e-02  8.489e-01  
4.530e-01  3.854e-01  
1.784e-01  6.345e-01  
4.253e-01  4.247e-01  
4.749e-01  3.724e-01  
1.605e-01  6.644e-01  
2.278e-01  5.740e-01  
9.496e-01  9.433e-02  
4.187e-01  4.279e-01  
3.144e-01  4.774e-01  
6.323e-01  3.106e-01  
3.426e-01  4.615e-01  
3.206e-01  4.897e-01  
3.587e-01  4.417e-01  
9.057e-02  7.573e-01  
4.262e-01  4.174e-01  
3.986e-01  4.226e-01  
5.959e-02  8.322e-01  
3.600e-01  4.740e-01  
2.952e-01  5.594e-01  
9.470e-01  6.484e-02  
6.247e-01  2.877e-01  
6.614e-01  4.189e-01  
6.391e-01  2.673e-01  
3.144e-01  4.774e-01  
2.886e-01  5.294e-01  
2.520e-01  6.002e-01  
4.598e-01  3.828e-01  
7.231e-01  2.512e-01  
5.165e-01  4.012e-01  
6.926e-01  2.198e-01  
1.776e-01  6.192e-01  
9.607e-01  7.737e-02  
7.104e-02  8.201e-01  
6.323e-01  3.106e-01  
4.614e-01  4.180e-01  
3.092e-01  4.857e-01  
5.113e-01  3.872e-01  
1.093e-01  7.799e-01  
4.523e-01  4.011e-01  
3.502e-01  4.883e-01  
4.687e-01  3.851e-01  
9.570e-01  5.874e-02  
6.806e-01  2.306e-01  
4.909e-01  4.033e-01  
1.093e-01  7.799e-01  
1.630e-02  9.597e-01  
2.400e-01  5.591e-01  
9.650e-01  9.849e-02  
3.206e-01  4.897e-01  
6.806e-01  2.306e-01  
1.997e-02  1.016e+00  
1.019e+00  5.182e-02  
4.576e-01  4.002e-01  
2.520e-01  6.002e-01  
6.624e-01  2.227e-01  
3.337e-02  9.739e-01  
9.533e-01  1.011e-01  
9.470e-01  6.484e-02  
5.615e-02  8.044e-01  
2.614e-01  5.514e-01  
3.847e-01  4.539e-01  
4.132e-01  4.555e-01  
9.494e-01  6.922e-02  
6.885e-01  2.296e-01  
1.288e-01  7.256e-01  
6.976e-01  2.223e-01  
7.322e-01  2.409e-01  
3.143e-01  5.062e-01  
4.378e-01  3.974e-01  
2.952e-01  5.594e-01  
4.496e-01  3.883e-01  
4.496e-01  3.883e-01  
1.937e-01  6.035e-01  
7.322e-01  2.409e-01  
1.910e-01  6.139e-01  
9.570e-01  5.874e-02  
2.940e-01  5.243e-01  
4.273e-01  3.946e-01  
3.426e-01  4.615e-01  
1.379e-01  7.303e-01  
1.681e-01  6.260e-01  
4.687e-01  3.851e-01  
6.390e-01  2.276e-01  
7.198e-01  2.559e-01  
3.144e-01  4.774e-01  
7.065e-01  2.432e-01  
6.525e-01  2.540e-01  
5.940e-02  8.140e-01  
6.934e-01  2.496e-01  
9.654e-01  7.332e-02  
1.541e-01  6.468e-01  
1.376e-01  6.840e-01  
2.769e-01  5.160e-01  
4.048e-01  4.574e-01  
1.727e-01  6.447e-01  
1.719e-01  6.377e-01  
2.940e-01  5.243e-01  
2.769e-01  5.160e-01  
4.496e-01  3.883e-01  
6.806e-01  2.306e-01  
7.704e-02  7.742e-01  
9.552e-01  9.990e-02  
3.987e-01  4.290e-01  
5.959e-02  8.322e-01  
1.083e-01  6.935e-01  
6.536e-01  2.239e-01  
2.318e-01  5.826e-01  
1.605e-01  6.644e-01  
2.583e-01  5.349e-01  
9.737e-01  3.841e-02  
9.457e-01  7.389e-02  
2.562e-01  5.546e-01  
9.737e-01  3.841e-02  
4.756e-01  3.763e-01  
2.814e-01  5.367e-01  
9.494e-01  6.922e-02  
1.861e-01  6.595e-01  
2.685e-02  9.268e-01  
9.627e-01  4.187e-02  
1.729e-01  6.106e-01  
1.126e-01  6.955e-01  
6.827e-01  2.190e-01  
9.776e-01  5.270e-02  
6.391e-01  2.673e-01  
9.487e-01  8.019e-02  
9.699e-01  5.213e-02  
1.776e-01  6.192e-01  
1.680e-01  6.568e-01  
6.885e-01  2.296e-01  
6.334e-01  2.883e-01  
9.737e-01  3.841e-02  
5.165e-01  4.012e-01  
6.806e-01  2.306e-01  
9.552e-01  9.990e-02  
9.473e-01  6.065e-02  
9.635e-01  4.886e-02  
5.667e-02  8.194e-01  
1.501e-01  6.961e-01  
6.830e-01  2.255e-01  
1.083e-01  6.935e-01  
9.606e-01  6.474e-02  
2.520e-01  6.002e-01  
5.765e-02  8.552e-01  
2.952e-01  5.594e-01  
9.526e-02  7.387e-01  
1.950e-01  6.833e-01  
2.894e-02  8.947e-01  
9.484e-01  7.832e-02  
9.592e-01  4.967e-02  
9.592e-01  4.967e-02  
8.039e-02  7.870e-01  
1.776e-02  9.910e-01  
9.494e-01  6.922e-02  
8.176e-02  8.489e-01  
9.598e-01  6.934e-02  
9.592e-01  4.967e-02  
9.617e-01  3.975e-02  
3.364e-02  8.490e-01  
9.618e-01  3.714e-02  
1.630e-02  9.597e-01  
9.634e-01  4.608e-02  
9.691e-01  4.534e-02  
1.044e-01  7.414e-01  
6.493e-01  2.275e-01  
9.618e-01  3.714e-02  
1.083e-01  6.935e-01  
9.590e-01  4.303e-02  
9.586e-01  4.639e-02  
9.521e-01  9.238e-02  
3.252e-02  8.828e-01  
9.512e-01  1.130e-01  
9.650e-01  9.849e-02  
9.786e-01  4.059e-02  
9.611e-01  4.205e-02  
2.835e-01  5.565e-01  
1.083e-01  6.935e-01  
9.618e-01  3.714e-02  
5.311e-02  8.226e-01  
1.083e-01  6.935e-01  
5.995e-02  8.515e-01  
6.390e-01  2.276e-01  
9.489e-01  6.813e-02  
9.096e-02  8.189e-01  
6.730e-01  2.169e-01  
9.618e-01  3.714e-02  
2.562e-01  5.546e-01  
2.373e-01  5.504e-01  
2.941e-01  5.358e-01  
5.139e-01  3.683e-01  
9.552e-01  9.990e-02  
1.757e-02  9.700e-01  
1.727e-01  6.447e-01  
9.592e-01  4.967e-02  
6.976e-01  2.223e-01  
5.940e-02  8.140e-01  
9.618e-01  3.714e-02  
5.014e-01  3.633e-01  
3.502e-01  4.883e-01  
9.852e-01  4.520e-02  
6.830e-01  2.255e-01  
6.601e-01  2.259e-01  
3.206e-01  4.897e-01  
2.604e-01  5.357e-01  
9.096e-02  8.189e-01  
3.337e-02  9.739e-01  
1.853e-01  6.099e-01  
1.987e-01  6.248e-01  
4.645e-01  4.383e-01  
4.850e-01  3.772e-01  
3.426e-01  4.615e-01  
9.512e-01  1.130e-01  
3.408e-01  4.946e-01  
4.496e-01  3.883e-01  
9.512e-01  1.130e-01  
1.014e-01  7.397e-01  
6.536e-01  2.239e-01  
2.583e-01  5.349e-01  
2.678e-01  5.424e-01  
9.580e-01  4.952e-02  
3.502e-01  4.883e-01  
1.376e-01  6.840e-01  
2.814e-01  5.367e-01  
2.814e-01  5.367e-01  
6.226e-01  2.595e-01  
1.680e-01  6.568e-01  
3.426e-01  4.615e-01  
9.776e-01  5.270e-02  
7.980e-01  2.284e-01  
2.278e-01  5.740e-01  
9.617e-01  3.975e-02  
1.140e-01  7.291e-01  
5.001e-01  3.626e-01  
3.847e-01  4.539e-01  
1.260e-01  6.952e-01  
6.247e-01  2.877e-01  
9.586e-01  4.639e-02  
9.737e-01  3.841e-02  
4.274e-01  4.253e-01  
6.504e-02  8.082e-01  
4.277e-01  4.192e-01  
2.940e-01  5.243e-01  
1.630e-02  9.597e-01  
1.140e-01  7.291e-01  
4.622e-01  3.952e-01  
6.413e-01  2.312e-01  
4.530e-01  3.854e-01  
1.997e-02  1.016e+00  
1.997e-02  1.016e+00  
4.596e-01  4.243e-01  
4.599e-01  4.070e-01  
6.457e-01  2.395e-01  
1.140e-01  7.291e-01  
4.187e-01  4.279e-01  
