2.469e-02  9.829e-01  
9.740e-01  3.700e-02  
4.158e-01  4.366e-01  
6.344e-01  2.248e-01  
2.103e-01  6.279e-01  
4.877e-01  3.310e-01  
1.103e-01  8.284e-01  
2.926e-01  5.208e-01  
9.177e-01  1.306e-01  
9.400e-01  6.854e-02  
5.731e-02  8.428e-01  
4.792e-01  3.555e-01  
6.407e-01  2.319e-01  
2.861e-01  5.448e-01  
3.623e-01  4.447e-01  
7.918e-01  1.514e-01  
1.187e-01  7.526e-01  
1.336e-01  7.373e-01  
5.235e-01  3.271e-01  
7.988e-01  1.587e-01  
2.700e-01  5.445e-01  
4.542e-01  4.335e-01  
3.887e-01  4.379e-01  
9.123e-01  9.874e-02  
4.694e-01  3.720e-01  
9.756e-01  4.266e-02  
2.218e-01  6.279e-01  
3.684e-02  9.090e-01  
2.926e-01  5.208e-01  
7.760e-02  8.072e-01  
6.336e-01  2.245e-01  
6.395e-01  2.249e-01  
1.712e-01  6.320e-01  
7.918e-01  1.514e-01  
9.556e-01  5.376e-02  
4.881e-02  8.980e-01  
2.660e-01  5.341e-01  
1.297e-01  7.580e-01  
1.006e-01  8.029e-01  
5.136e-01  3.294e-01  
3.801e-01  4.534e-01  
4.817e-01  3.358e-01  
3.346e-01  5.304e-01  
2.421e-01  5.680e-01  
1.519e-01  7.115e-01  
6.407e-01  2.319e-01  
4.810e-01  3.366e-01  
9.294e-01  9.116e-02  
4.573e-01  3.705e-01  
2.220e-01  6.129e-01  
3.685e-01  4.304e-01  
2.890e-01  5.172e-01  
3.607e-02  9.536e-01  
6.449e-01  2.584e-01  
7.386e-02  8.170e-01  
4.070e-01  4.257e-01  
6.331e-01  2.253e-01  
9.739e-01  3.928e-02  
1.949e-01  6.302e-01  
9.035e-01  1.589e-01  
7.918e-01  1.514e-01  
3.671e-01  4.687e-01  
7.902e-01  1.531e-01  
6.560e-01  2.246e-01  
1.581e-01  6.755e-01  
7.902e-01  1.531e-01  
1.379e-01  9.160e-01  
6.393e-01  2.406e-01  
4.070e-01  4.257e-01  
4.817e-01  3.358e-01  
6.405e-01  2.204e-01  
2.055e-01  6.158e-01  
6.448e-01  2.411e-01  
3.043e-01  5.012e-01  
4.366e-01  4.438e-01  
1.476e-01  7.067e-01  
1.119e-01  7.887e-01  
7.988e-01  1.587e-01  
4.867e-01  3.268e-01  
9.277e-01  6.695e-02  
5.109e-01  3.334e-01  
2.729e-01  5.361e-01  
3.636e-01  4.440e-01  
4.910e-01  3.289e-01  
4.058e-01  4.685e-01  
5.009e-01  3.286e-01  
1.431e-01  7.134e-01  
4.459e-02  8.350e-01  
3.213e-01  5.133e-01  
4.817e-01  3.358e-01  
2.251e-01  5.830e-01  
6.384e-01  2.297e-01  
9.550e-01  4.457e-02  
3.737e-02  8.899e-01  
7.992e-01  1.374e-01  
2.448e-01  5.505e-01  
4.158e-01  4.366e-01  
6.331e-01  2.253e-01  
2.251e-01  5.830e-01  
4.588e-01  3.567e-01  
6.556e-02  8.289e-01  
1.068e-01  7.518e-01  
4.631e-01  3.516e-01  
1.005e-01  7.690e-01  
6.336e-01  2.245e-01  
7.904e-01  1.493e-01  
2.326e-02  9.140e-01  
3.636e-01  4.440e-01  
6.393e-01  2.406e-01  
6.560e-01  2.246e-01  
3.685e-01  4.304e-01  
1.806e-01  6.279e-01  
2.832e-01  5.383e-01  
3.877e-01  4.923e-01  
2.660e-01  5.341e-01  
9.124e-01  1.132e-01  
1.913e-01  6.773e-01  
7.902e-01  1.531e-01  
3.094e-02  9.288e-01  
9.035e-01  1.589e-01  
9.644e-01  3.752e-02  
2.207e-01  6.358e-01  
9.252e-01  7.834e-02  
1.712e-01  6.320e-01  
6.465e-01  2.308e-01  
2.469e-02  9.829e-01  
9.188e-01  9.586e-02  
3.346e-01  5.304e-01  
9.740e-01  3.700e-02  
3.040e-01  5.132e-01  
9.264e-01  8.703e-02  
1.007e-01  7.483e-01  
1.477e-01  6.903e-01  
1.006e-01  8.029e-01  
9.619e-01  3.525e-02  
8.030e-01  1.361e-01  
9.739e-01  3.928e-02  
2.280e-01  6.023e-01  
7.891e-01  1.523e-01  
2.139e-01  6.227e-01  
3.259e-02  8.627e-01  
6.407e-01  2.319e-01  
6.331e-01  2.287e-01  
2.890e-01  5.172e-01  
3.881e-01  4.708e-01  
4.213e-01  4.262e-01  
2.038e-01  6.380e-01  
4.735e-01  3.426e-01  
1.007e-01  7.483e-01  
2.660e-01  5.341e-01  
2.660e-01  5.341e-01  
7.902e-01  1.531e-01  
3.078e-01  5.368e-01  
4.508e-01  3.943e-01  
2.038e-01  6.380e-01  
6.449e-01  2.584e-01  
1.514e-01  7.271e-01  
1.947e-01  6.563e-01  
4.694e-01  3.720e-01  
5.136e-01  3.294e-01  
6.336e-01  2.377e-01  
2.583e-01  5.326e-01  
5.009e-01  3.286e-01  
1.560e-01  6.430e-01  
3.685e-01  4.304e-01  
3.040e-01  5.132e-01  
3.671e-01  4.687e-01  
4.909e-01  3.331e-01  
9.585e-01  4.355e-02  
4.694e-01  3.720e-01  
3.467e-01  4.788e-01  
4.914e-01  3.265e-01  
2.171e-02  9.550e-01  
4.834e-01  3.470e-01  
4.644e-02  8.511e-01  
5.009e-01  3.286e-01  
8.210e-02  8.117e-01  
4.158e-01  4.366e-01  
1.103e-01  8.284e-01  
4.694e-01  3.720e-01  
6.370e-01  2.437e-01  
2.700e-01  5.445e-01  
3.886e-01  4.317e-01  
3.801e-01  4.534e-01  
7.918e-01  1.514e-01  
7.898e-01  1.522e-01  
1.634e-01  6.483e-01  
3.396e-01  4.427e-01  
4.736e-01  3.365e-01  
3.623e-01  4.447e-01  
4.542e-01  4.335e-01  
4.904e-01  3.294e-01  
4.278e-01  4.226e-01  
3.916e-01  4.251e-01  
9.602e-01  5.857e-02  
6.336e-01  2.377e-01  
2.890e-01  5.172e-01  
6.393e-01  2.406e-01  
3.118e-01  5.169e-01  
1.187e-01  7.526e-01  
4.910e-01  3.289e-01  
2.480e-01  6.591e-01  
4.347e-01  4.220e-01  
9.035e-01  1.589e-01  
2.724e-01  5.344e-01  
6.448e-01  2.411e-01  
4.588e-01  3.567e-01  
5.731e-02  8.428e-01  
7.912e-01  1.466e-01  
3.607e-02  9.536e-01  
9.264e-01  8.703e-02  
6.336e-01  2.377e-01  
6.448e-01  2.411e-01  
1.873e-01  6.219e-01  
4.270e-01  4.169e-01  
9.585e-01  4.355e-02  
6.560e-01  2.246e-01  
6.366e-01  2.307e-01  
6.508e-01  2.272e-01  
8.210e-02  8.117e-01  
1.947e-01  6.563e-01  
2.207e-01  6.358e-01  
2.207e-01  6.358e-01  
6.407e-01  2.319e-01  
9.761e-01  4.292e-02  
1.723e-01  6.612e-01  
1.913e-01  6.773e-01  
1.560e-01  6.430e-01  
2.729e-01  5.361e-01  
7.659e-02  8.226e-01  
7.912e-01  1.466e-01  
9.177e-01  1.306e-01  
3.094e-02  9.288e-01  
3.387e-01  4.624e-01  
6.412e-01  2.224e-01  
7.918e-01  1.514e-01  
2.583e-01  5.326e-01  
5.731e-02  8.428e-01  
8.953e-02  7.527e-01  
6.331e-01  2.287e-01  
2.171e-02  9.550e-01  
4.077e-02  8.409e-01  
9.124e-01  1.132e-01  
1.723e-01  6.612e-01  
8.030e-01  1.361e-01  
7.897e-01  1.559e-01  
1.947e-01  6.563e-01  
9.223e-01  8.087e-02  
2.603e-01  5.430e-01  
3.368e-02  8.876e-01  
7.905e-01  1.462e-01  
9.035e-01  1.589e-01  
3.094e-02  9.288e-01  
6.432e-01  2.235e-01  
9.035e-01  1.589e-01  
9.595e-01  3.790e-02  
9.591e-01  5.082e-02  
9.550e-01  4.457e-02  
2.629e-01  5.478e-01  
9.550e-01  4.457e-02  
6.563e-01  2.249e-01  
6.563e-01  2.249e-01  
7.905e-01  1.522e-01  
2.126e-02  9.353e-01  
4.307e-01  4.290e-01  
7.992e-01  1.374e-01  
7.912e-01  1.466e-01  
7.894e-01  1.548e-01  
3.165e-02  8.855e-01  
3.043e-01  5.012e-01  
6.556e-02  8.289e-01  
1.634e-01  6.483e-01  
4.508e-01  3.965e-01  
2.890e-01  5.172e-01  
2.978e-01  5.049e-01  
7.897e-01  1.543e-01  
7.386e-02  8.170e-01  
1.873e-01  6.219e-01  
6.373e-01  2.274e-01  
8.210e-02  8.117e-01  
1.103e-01  8.284e-01  
2.038e-01  6.380e-01  
6.449e-01  2.584e-01  
6.370e-01  2.437e-01  
1.806e-01  6.279e-01  
2.171e-02  9.550e-01  
9.164e-01  1.118e-01  
1.431e-01  7.134e-01  
5.199e-02  8.969e-01  
1.431e-01  7.134e-01  
5.136e-01  3.294e-01  
4.687e-01  3.885e-01  
1.006e-01  8.029e-01  
6.336e-01  2.377e-01  
5.087e-01  3.303e-01  
3.671e-01  4.687e-01  
4.070e-01  4.257e-01  
2.251e-01  5.830e-01  
6.463e-01  2.590e-01  
3.467e-01  4.788e-01  
2.604e-02  8.990e-01  
3.486e-01  4.568e-01  
6.373e-01  2.261e-01  
4.694e-01  3.720e-01  
3.623e-01  4.447e-01  
4.744e-01  3.589e-01  
3.607e-02  9.536e-01  
3.397e-01  4.506e-01  
4.834e-01  3.470e-01  
3.801e-01  4.534e-01  
1.519e-01  7.115e-01  
2.496e-01  6.577e-01  
4.158e-01  4.366e-01  
7.894e-01  1.548e-01  
1.187e-01  7.526e-01  
4.668e-01  3.499e-01  
5.682e-01  3.006e-01  
6.361e-01  2.667e-01  
2.571e-01  5.649e-01  
4.792e-01  3.555e-01  
4.727e-01  3.386e-01  
4.877e-01  3.310e-01  
2.251e-01  5.830e-01  
8.610e-01  1.469e-01  
2.832e-01  5.383e-01  
1.297e-01  7.325e-01  
9.377e-01  8.247e-02  
6.373e-01  2.261e-01  
6.331e-01  2.287e-01  
1.216e-01  7.322e-01  
4.158e-01  4.366e-01  
3.396e-01  4.427e-01  
3.688e-01  4.539e-01  
1.444e-01  6.980e-01  
2.223e-01  5.720e-01  
3.671e-01  4.687e-01  
4.838e-01  3.624e-01  
9.156e-01  1.027e-01  
3.685e-01  4.304e-01  
2.223e-01  5.720e-01  
6.373e-01  2.261e-01  
2.629e-01  5.478e-01  
4.588e-01  3.567e-01  
5.087e-01  3.303e-01  
1.947e-01  6.563e-01  
7.898e-01  1.522e-01  
1.589e-01  7.555e-01  
5.109e-01  3.334e-01  
1.873e-01  6.219e-01  
4.347e-01  4.220e-01  
4.727e-01  3.386e-01  
1.723e-01  6.612e-01  
2.103e-01  6.279e-01  
7.901e-01  1.505e-01  
3.043e-01  5.012e-01  
3.518e-01  4.780e-01  
6.336e-01  2.377e-01  
3.213e-01  5.133e-01  
3.043e-01  5.012e-01  
3.636e-01  4.440e-01  
8.070e-02  7.578e-01  
4.366e-01  4.438e-01  
4.213e-01  4.262e-01  
2.604e-02  8.990e-01  
3.471e-01  4.500e-01  
2.818e-01  5.314e-01  
7.905e-01  1.584e-01  
5.009e-01  3.286e-01  
4.810e-01  3.366e-01  
6.407e-01  2.319e-01  
3.887e-01  4.379e-01  
2.926e-01  5.208e-01  
2.700e-01  5.445e-01  
4.792e-01  3.555e-01  
6.454e-01  2.406e-01  
4.909e-01  3.331e-01  
7.912e-01  1.466e-01  
2.251e-01  5.830e-01  
9.156e-01  8.146e-02  
8.622e-02  7.650e-01  
5.087e-01  3.303e-01  
4.668e-01  3.499e-01  
2.926e-01  5.208e-01  
4.829e-01  3.421e-01  
1.297e-01  7.580e-01  
4.366e-01  4.438e-01  
3.040e-01  5.132e-01  
4.631e-01  3.516e-01  
9.252e-01  7.834e-02  
6.465e-01  2.308e-01  
4.877e-01  3.310e-01  
1.519e-01  7.115e-01  
2.469e-02  9.829e-01  
2.700e-01  5.445e-01  
7.900e-01  1.497e-01  
4.158e-01  4.366e-01  
7.902e-01  1.553e-01  
2.126e-02  9.353e-01  
9.761e-01  4.292e-02  
4.727e-01  3.386e-01  
2.583e-01  5.326e-01  
6.448e-01  2.411e-01  
3.165e-02  8.855e-01  
8.610e-01  1.469e-01  
7.900e-01  1.497e-01  
7.760e-02  8.072e-01  
2.583e-01  5.326e-01  
3.623e-01  4.447e-01  
3.801e-01  4.534e-01  
9.156e-01  1.027e-01  
7.898e-01  1.522e-01  
1.614e-01  6.399e-01  
6.411e-01  2.177e-01  
6.366e-01  2.307e-01  
2.890e-01  5.172e-01  
4.307e-01  4.290e-01  
2.861e-01  5.448e-01  
3.467e-01  4.788e-01  
4.727e-01  3.386e-01  
1.819e-01  6.302e-01  
6.373e-01  2.261e-01  
2.103e-01  6.279e-01  
9.264e-01  8.703e-02  
2.755e-01  5.265e-01  
4.508e-01  3.943e-01  
3.536e-01  4.482e-01  
1.634e-01  6.483e-01  
1.614e-01  6.399e-01  
4.909e-01  3.331e-01  
6.384e-01  2.297e-01  
6.356e-01  2.228e-01  
2.700e-01  5.445e-01  
6.448e-01  2.411e-01  
6.336e-01  2.245e-01  
5.706e-02  8.670e-01  
6.465e-01  2.308e-01  
9.194e-01  7.956e-02  
1.519e-01  7.115e-01  
1.474e-01  6.756e-01  
2.583e-01  5.326e-01  
3.688e-01  4.539e-01  
1.702e-01  6.202e-01  
1.717e-01  6.250e-01  
3.151e-01  5.327e-01  
2.571e-01  5.649e-01  
4.694e-01  3.720e-01  
6.373e-01  2.261e-01  
8.210e-02  8.117e-01  
7.912e-01  1.466e-01  
3.801e-01  4.534e-01  
7.386e-02  8.170e-01  
1.297e-01  7.580e-01  
6.508e-01  2.272e-01  
2.191e-01  6.182e-01  
1.431e-01  7.134e-01  
2.716e-01  5.292e-01  
9.595e-01  7.071e-02  
9.035e-01  1.589e-01  
2.251e-01  5.830e-01  
9.911e-01  5.206e-02  
4.792e-01  3.555e-01  
2.604e-01  5.381e-01  
9.188e-01  9.586e-02  
1.634e-01  6.483e-01  
3.259e-02  8.627e-01  
9.976e-01  3.631e-02  
1.949e-01  6.302e-01  
1.431e-01  7.134e-01  
7.928e-01  1.773e-01  
9.400e-01  6.854e-02  
6.366e-01  2.323e-01  
7.992e-01  1.533e-01  
9.585e-01  4.355e-02  
1.913e-01  6.773e-01  
1.634e-01  6.483e-01  
6.432e-01  2.235e-01  
6.393e-01  2.406e-01  
9.585e-01  4.355e-02  
4.877e-01  3.310e-01  
6.373e-01  2.261e-01  
7.898e-01  1.522e-01  
9.277e-01  6.695e-02  
9.761e-01  4.292e-02  
3.259e-02  8.627e-01  
1.712e-01  6.320e-01  
7.902e-01  1.531e-01  
8.210e-02  8.117e-01  
8.610e-01  1.469e-01  
2.223e-01  5.720e-01  
3.094e-02  9.288e-01  
3.185e-01  5.225e-01  
1.187e-01  7.526e-01  
1.884e-01  6.488e-01  
3.094e-02  9.288e-01  
7.992e-01  1.374e-01  
9.235e-01  8.690e-02  
9.731e-01  5.850e-02  
7.760e-02  8.072e-01  
1.656e-02  9.250e-01  
7.992e-01  1.533e-01  
1.297e-01  7.580e-01  
9.264e-01  8.703e-02  
9.911e-01  5.206e-02  
9.252e-01  7.834e-02  
3.094e-02  9.288e-01  
9.644e-01  3.752e-02  
2.469e-02  9.829e-01  
9.761e-01  4.292e-02  
9.571e-01  5.081e-02  
7.386e-02  8.170e-01  
7.894e-01  1.548e-01  
9.761e-01  4.292e-02  
7.386e-02  8.170e-01  
9.558e-01  4.828e-02  
9.550e-01  4.457e-02  
7.894e-01  1.548e-01  
3.121e-02  9.018e-01  
9.177e-01  1.306e-01  
9.264e-01  8.703e-02  
9.644e-01  3.752e-02  
9.595e-01  7.071e-02  
2.861e-01  5.448e-01  
1.119e-01  7.887e-01  
9.585e-01  4.355e-02  
4.562e-02  8.456e-01  
1.187e-01  7.526e-01  
6.556e-02  8.289e-01  
6.331e-01  2.253e-01  
8.097e-01  1.387e-01  
8.210e-02  8.117e-01  
7.897e-01  1.559e-01  
9.558e-01  4.828e-02  
2.583e-01  5.326e-01  
2.496e-01  6.577e-01  
2.926e-01  5.208e-01  
4.829e-01  3.421e-01  
9.264e-01  8.703e-02  
1.656e-02  9.250e-01  
1.952e-01  6.228e-01  
9.585e-01  4.355e-02  
7.900e-01  1.497e-01  
5.731e-02  8.428e-01  
9.591e-01  5.082e-02  
4.792e-01  3.555e-01  
3.881e-01  4.708e-01  
9.761e-01  4.292e-02  
6.336e-01  2.377e-01  
6.343e-01  2.197e-01  
2.890e-01  5.172e-01  
2.660e-01  5.341e-01  
7.760e-02  8.072e-01  
3.737e-02  8.899e-01  
1.786e-01  6.222e-01  
2.115e-01  6.291e-01  
4.631e-01  3.516e-01  
4.755e-01  3.299e-01  
3.671e-01  4.687e-01  
7.918e-01  1.514e-01  
3.476e-01  4.787e-01  
4.727e-01  3.386e-01  
8.145e-01  1.402e-01  
8.210e-02  8.117e-01  
6.339e-01  2.213e-01  
2.641e-01  5.351e-01  
2.660e-01  5.341e-01  
9.571e-01  5.081e-02  
3.450e-01  4.477e-01  
1.723e-01  6.612e-01  
2.632e-01  5.296e-01  
3.043e-01  5.012e-01  
5.087e-01  3.303e-01  
1.560e-01  6.430e-01  
3.671e-01  4.687e-01  
9.739e-01  3.928e-02  
7.894e-01  1.548e-01  
2.438e-01  5.576e-01  
9.976e-01  3.631e-02  
2.207e-01  6.358e-01  
4.867e-01  3.268e-01  
3.467e-01  4.788e-01  
1.187e-01  7.526e-01  
6.393e-01  2.406e-01  
9.289e-01  7.811e-02  
9.911e-01  5.206e-02  
4.213e-01  4.262e-01  
6.116e-02  7.982e-01  
4.213e-01  4.262e-01  
2.641e-01  5.351e-01  
1.824e-02  9.132e-01  
1.103e-01  8.284e-01  
4.631e-01  3.516e-01  
6.451e-01  2.240e-01  
6.486e-01  2.618e-01  
3.607e-02  9.536e-01  
2.326e-02  9.140e-01  
4.307e-01  4.290e-01  
4.307e-01  4.290e-01  
6.449e-01  2.584e-01  
1.560e-01  6.430e-01  
3.467e-01  4.788e-01  
