4.372e-01  9.058e-01  
1.302e+00  5.462e-02  
9.265e-01  4.747e-01  
1.050e+00  1.983e-01  
6.307e-01  8.937e-01  
1.033e+00  3.253e-01  
4.852e-01  8.988e-01  
7.652e-01  6.258e-01  
1.046e+00  5.740e-02  
1.086e+00  8.832e-02  
4.372e-01  9.058e-01  
9.369e-01  4.400e-01  
1.033e+00  3.253e-01  
6.963e-01  6.605e-01  
7.901e-01  6.230e-01  
1.030e+00  1.461e-01  
4.903e-01  9.016e-01  
6.767e-01  8.959e-01  
1.035e+00  3.258e-01  
1.084e+00  1.004e-01  
6.429e-01  6.337e-01  
9.366e-01  4.581e-01  
9.273e-01  5.373e-01  
1.065e+00  7.424e-02  
9.437e-01  4.514e-01  
1.247e+00  6.996e-02  
6.981e-01  8.139e-01  
4.390e-01  8.919e-01  
7.721e-01  6.226e-01  
4.896e-01  9.035e-01  
1.041e+00  2.864e-01  
1.119e+00  1.914e-01  
5.136e-01  8.856e-01  
1.109e+00  2.219e-01  
1.035e+00  6.071e-02  
4.428e-01  9.125e-01  
6.968e-01  6.675e-01  
5.364e-01  8.924e-01  
4.729e-01  9.051e-01  
9.986e-01  3.860e-01  
7.297e-01  6.200e-01  
9.986e-01  3.860e-01  
7.836e-01  6.271e-01  
6.963e-01  6.605e-01  
4.794e-01  9.298e-01  
1.011e+00  2.361e-01  
9.501e-01  4.183e-01  
1.087e+00  7.095e-02  
9.451e-01  4.879e-01  
6.845e-01  7.855e-01  
9.666e-01  4.727e-01  
7.089e-01  6.290e-01  
4.742e-01  9.069e-01  
9.947e-01  2.801e-01  
4.411e-01  9.458e-01  
9.299e-01  4.663e-01  
9.947e-01  2.801e-01  
1.100e+00  5.316e-02  
6.516e-01  8.782e-01  
1.046e+00  5.740e-02  
1.071e+00  1.032e-01  
7.568e-01  6.148e-01  
1.081e+00  6.718e-02  
1.044e+00  2.016e-01  
4.850e-01  8.800e-01  
1.057e+00  1.838e-01  
4.896e-01  9.035e-01  
1.046e+00  2.682e-01  
9.437e-01  4.514e-01  
9.449e-01  4.249e-01  
1.041e+00  1.462e-01  
6.373e-01  8.194e-01  
1.000e+00  3.413e-01  
7.442e-01  6.272e-01  
9.284e-01  4.918e-01  
4.971e-01  9.040e-01  
4.577e-01  8.951e-01  
1.041e+00  1.477e-01  
9.896e-01  2.995e-01  
1.130e+00  7.235e-02  
1.001e+00  3.612e-01  
7.401e-01  6.502e-01  
9.366e-01  4.581e-01  
9.547e-01  4.390e-01  
7.796e-01  6.208e-01  
1.037e+00  3.216e-01  
5.181e-01  8.834e-01  
4.513e-01  9.178e-01  
7.934e-01  6.256e-01  
9.440e-01  4.055e-01  
6.990e-01  8.106e-01  
1.050e+00  1.983e-01  
1.046e+00  5.740e-02  
4.492e-01  9.882e-01  
1.071e+00  1.032e-01  
7.031e-01  7.324e-01  
9.276e-01  4.827e-01  
1.033e+00  3.253e-01  
7.092e-01  6.907e-01  
9.378e-01  4.649e-01  
4.742e-01  9.069e-01  
5.370e-01  8.877e-01  
9.372e-01  4.166e-01  
4.432e-01  9.359e-01  
1.041e+00  2.864e-01  
1.038e+00  1.480e-01  
4.297e-01  9.762e-01  
9.666e-01  4.727e-01  
1.033e+00  3.253e-01  
1.032e+00  2.102e-01  
7.391e-01  6.136e-01  
6.183e-01  8.919e-01  
7.440e-01  6.191e-01  
7.934e-01  6.256e-01  
6.963e-01  6.605e-01  
1.072e+00  1.072e-01  
6.016e-01  8.741e-01  
1.156e+00  1.666e-01  
4.729e-01  9.051e-01  
1.106e+00  1.051e-01  
1.269e+00  5.950e-02  
6.953e-01  7.326e-01  
1.035e+00  7.239e-02  
6.174e-01  8.754e-01  
1.032e+00  1.573e-01  
4.596e-01  1.013e+00  
1.078e+00  6.546e-02  
7.934e-01  6.256e-01  
1.302e+00  5.462e-02  
7.221e-01  6.297e-01  
1.064e+00  5.822e-02  
5.370e-01  8.877e-01  
5.370e-01  8.877e-01  
4.551e-01  8.954e-01  
1.265e+00  4.901e-02  
1.041e+00  1.462e-01  
1.273e+00  5.045e-02  
6.963e-01  6.605e-01  
1.038e+00  1.480e-01  
6.963e-01  6.605e-01  
4.428e-01  9.116e-01  
9.947e-01  2.801e-01  
1.038e+00  2.557e-01  
7.249e-01  6.557e-01  
8.382e-01  6.159e-01  
9.284e-01  4.918e-01  
6.474e-01  8.839e-01  
9.505e-01  4.301e-01  
4.513e-01  9.178e-01  
6.963e-01  6.605e-01  
7.221e-01  6.297e-01  
1.060e+00  1.306e-01  
7.422e-01  6.178e-01  
9.284e-01  4.918e-01  
6.455e-01  8.754e-01  
1.033e+00  3.253e-01  
5.501e-01  8.947e-01  
6.990e-01  8.106e-01  
9.497e-01  4.065e-01  
1.013e+00  3.195e-01  
9.917e-01  2.524e-01  
7.130e-01  6.418e-01  
9.917e-01  2.524e-01  
5.065e-01  9.038e-01  
7.863e-01  6.211e-01  
7.721e-01  6.226e-01  
8.161e-01  6.153e-01  
9.440e-01  4.055e-01  
1.112e+00  7.487e-02  
9.372e-01  4.166e-01  
9.384e-01  5.519e-01  
9.984e-01  3.535e-01  
4.346e-01  9.016e-01  
9.449e-01  4.249e-01  
4.387e-01  9.348e-01  
9.984e-01  3.535e-01  
5.184e-01  9.036e-01  
9.299e-01  4.639e-01  
4.364e-01  8.985e-01  
9.376e-01  4.488e-01  
1.038e+00  2.557e-01  
7.066e-01  6.998e-01  
7.906e-01  6.264e-01  
7.317e-01  6.180e-01  
1.084e+00  1.004e-01  
1.008e+00  1.426e-01  
7.182e-01  8.619e-01  
8.258e-01  6.256e-01  
9.451e-01  4.879e-01  
8.118e-01  6.182e-01  
9.366e-01  4.581e-01  
9.978e-01  3.712e-01  
9.287e-01  4.663e-01  
9.381e-01  4.681e-01  
1.130e+00  7.235e-02  
1.015e+00  1.546e-01  
7.721e-01  6.226e-01  
9.917e-01  2.524e-01  
7.391e-01  6.136e-01  
4.903e-01  9.016e-01  
9.993e-01  3.272e-01  
6.963e-01  6.605e-01  
9.666e-01  4.727e-01  
1.101e+00  7.663e-02  
7.221e-01  6.297e-01  
9.999e-01  2.742e-01  
9.440e-01  4.055e-01  
4.896e-01  9.035e-01  
1.071e+00  1.032e-01  
4.346e-01  9.016e-01  
1.106e+00  9.414e-02  
1.035e+00  3.258e-01  
9.947e-01  2.801e-01  
6.307e-01  8.937e-01  
9.412e-01  5.196e-01  
1.286e+00  9.750e-02  
9.999e-01  1.321e-01  
1.007e+00  2.213e-01  
1.109e+00  2.219e-01  
4.364e-01  8.985e-01  
6.981e-01  8.139e-01  
5.827e-01  8.875e-01  
4.662e-01  8.937e-01  
9.923e-01  1.996e-01  
1.086e+00  8.832e-02  
6.597e-01  8.922e-01  
4.971e-01  9.040e-01  
6.217e-01  8.648e-01  
7.207e-01  6.648e-01  
4.740e-01  9.051e-01  
1.057e+00  1.470e-01  
1.071e+00  1.032e-01  
4.372e-01  9.058e-01  
7.440e-01  6.191e-01  
9.999e-01  1.321e-01  
1.032e+00  1.573e-01  
7.317e-01  6.180e-01  
4.694e-01  9.058e-01  
5.040e-01  8.990e-01  
1.037e+00  3.216e-01  
4.316e-01  1.003e+00  
4.432e-01  9.359e-01  
1.045e+00  7.197e-02  
6.154e-01  8.839e-01  
1.091e+00  1.078e-01  
1.025e+00  3.804e-01  
7.031e-01  7.324e-01  
1.087e+00  7.095e-02  
7.066e-01  6.998e-01  
4.387e-01  9.348e-01  
1.041e+00  1.462e-01  
1.038e+00  6.303e-02  
4.513e-01  9.178e-01  
1.052e+00  1.455e-01  
1.046e+00  5.740e-02  
1.321e+00  4.795e-02  
1.121e+00  5.808e-02  
1.281e+00  5.234e-02  
7.207e-01  6.648e-01  
1.247e+00  6.996e-02  
1.041e+00  1.477e-01  
1.068e+00  2.042e-01  
1.041e+00  1.462e-01  
4.316e-01  1.003e+00  
9.440e-01  4.055e-01  
1.078e+00  6.546e-02  
1.025e+00  3.804e-01  
1.119e+00  1.914e-01  
4.669e-01  9.057e-01  
6.963e-01  6.605e-01  
4.611e-01  9.104e-01  
6.474e-01  8.839e-01  
9.440e-01  4.055e-01  
7.652e-01  6.258e-01  
7.652e-01  6.258e-01  
1.052e+00  1.455e-01  
4.513e-01  9.178e-01  
6.597e-01  8.922e-01  
1.046e+00  2.682e-01  
4.535e-01  9.180e-01  
5.032e-01  9.234e-01  
7.149e-01  7.689e-01  
9.993e-01  3.272e-01  
1.119e+00  1.914e-01  
6.990e-01  8.106e-01  
4.316e-01  1.003e+00  
1.072e+00  1.072e-01  
5.389e-01  9.123e-01  
4.387e-01  9.348e-01  
5.181e-01  8.834e-01  
9.917e-01  2.524e-01  
9.451e-01  4.879e-01  
4.896e-01  9.035e-01  
1.006e+00  3.141e-01  
1.037e+00  3.216e-01  
7.679e-01  6.174e-01  
9.381e-01  4.681e-01  
6.963e-01  6.605e-01  
9.917e-01  2.524e-01  
9.299e-01  4.663e-01  
4.414e-01  9.917e-01  
7.901e-01  6.230e-01  
1.032e+00  1.573e-01  
9.437e-01  4.514e-01  
8.258e-01  6.256e-01  
9.488e-01  4.365e-01  
4.372e-01  9.058e-01  
7.391e-01  6.136e-01  
9.542e-01  4.291e-01  
9.299e-01  4.663e-01  
4.903e-01  9.016e-01  
6.963e-01  6.605e-01  
9.369e-01  4.400e-01  
1.490e+00  1.005e-01  
4.364e-01  8.985e-01  
9.372e-01  4.166e-01  
1.001e+00  3.612e-01  
1.004e+00  3.281e-01  
6.953e-01  7.326e-01  
9.984e-01  3.535e-01  
1.033e+00  3.253e-01  
9.986e-01  3.879e-01  
7.422e-01  6.178e-01  
1.055e+00  8.991e-02  
7.478e-01  6.668e-01  
4.729e-01  9.051e-01  
1.078e+00  6.546e-02  
1.048e+00  3.117e-01  
1.007e+00  2.213e-01  
4.903e-01  9.016e-01  
9.284e-01  4.918e-01  
9.287e-01  4.663e-01  
9.366e-01  4.581e-01  
4.917e-01  8.916e-01  
6.953e-01  7.326e-01  
7.613e-01  6.144e-01  
9.884e-01  3.247e-01  
1.018e+00  1.214e-01  
7.647e-01  6.209e-01  
6.953e-01  7.326e-01  
1.046e+00  2.682e-01  
7.066e-01  6.998e-01  
9.497e-01  4.065e-01  
1.002e+00  3.318e-01  
6.845e-01  7.855e-01  
1.038e+00  1.480e-01  
5.409e-01  9.301e-01  
9.884e-01  3.247e-01  
6.307e-01  8.937e-01  
9.276e-01  4.827e-01  
9.497e-01  4.065e-01  
6.381e-01  8.602e-01  
6.963e-01  6.605e-01  
1.064e+00  1.072e-01  
7.568e-01  6.148e-01  
7.537e-01  6.171e-01  
9.947e-01  2.801e-01  
7.391e-01  6.136e-01  
8.027e-01  6.142e-01  
7.660e-01  6.184e-01  
5.040e-01  8.990e-01  
9.666e-01  4.727e-01  
9.438e-01  5.050e-01  
4.298e-01  9.373e-01  
7.863e-01  6.211e-01  
7.391e-01  6.136e-01  
1.052e+00  1.455e-01  
9.986e-01  3.860e-01  
9.875e-01  3.344e-01  
1.038e+00  2.557e-01  
7.901e-01  6.230e-01  
7.590e-01  6.333e-01  
7.381e-01  7.073e-01  
9.505e-01  4.301e-01  
1.049e+00  3.172e-01  
9.986e-01  3.879e-01  
1.030e+00  1.461e-01  
6.845e-01  7.855e-01  
1.106e+00  9.414e-02  
4.896e-01  9.035e-01  
9.913e-01  3.319e-01  
9.986e-01  3.879e-01  
7.440e-01  6.191e-01  
9.372e-01  4.166e-01  
5.040e-01  8.990e-01  
9.451e-01  4.879e-01  
7.422e-01  6.178e-01  
9.372e-01  4.166e-01  
1.063e+00  8.209e-02  
1.046e+00  2.682e-01  
1.001e+00  3.612e-01  
4.566e-01  8.841e-01  
4.289e-01  9.373e-01  
7.536e-01  6.359e-01  
1.046e+00  1.543e-01  
7.901e-01  6.230e-01  
1.071e+00  1.032e-01  
4.316e-01  1.003e+00  
1.154e+00  5.879e-02  
9.497e-01  4.065e-01  
6.953e-01  7.326e-01  
1.050e+00  1.983e-01  
4.432e-01  9.359e-01  
1.057e+00  9.141e-02  
1.064e+00  1.072e-01  
4.896e-01  9.035e-01  
7.422e-01  6.178e-01  
7.652e-01  6.258e-01  
9.666e-01  4.727e-01  
1.045e+00  7.197e-02  
1.030e+00  1.461e-01  
5.507e-01  8.909e-01  
1.050e+00  1.983e-01  
9.934e-01  1.455e-01  
7.422e-01  6.178e-01  
9.265e-01  4.747e-01  
7.089e-01  6.290e-01  
9.381e-01  4.681e-01  
9.430e-01  4.062e-01  
6.845e-01  8.741e-01  
1.109e+00  2.219e-01  
6.845e-01  7.855e-01  
1.078e+00  6.546e-02  
7.401e-01  6.502e-01  
9.284e-01  4.918e-01  
7.652e-01  6.258e-01  
6.307e-01  8.937e-01  
6.474e-01  8.839e-01  
9.369e-01  4.400e-01  
1.038e+00  2.557e-01  
1.019e+00  2.016e-01  
7.934e-01  6.256e-01  
1.035e+00  3.258e-01  
1.038e+00  2.557e-01  
4.346e-01  9.016e-01  
9.934e-01  1.455e-01  
1.101e+00  7.663e-02  
5.220e-01  8.927e-01  
4.722e-01  8.881e-01  
7.478e-01  6.668e-01  
9.384e-01  5.608e-01  
5.902e-01  8.907e-01  
6.154e-01  8.839e-01  
7.221e-01  6.297e-01  
7.221e-01  6.297e-01  
9.497e-01  4.065e-01  
1.030e+00  1.461e-01  
4.669e-01  9.057e-01  
1.038e+00  1.305e-01  
9.287e-01  4.663e-01  
4.353e-01  9.001e-01  
5.501e-01  8.947e-01  
1.044e+00  2.016e-01  
6.845e-01  7.855e-01  
6.154e-01  8.839e-01  
7.207e-01  6.648e-01  
1.112e+00  7.487e-02  
1.057e+00  7.656e-02  
7.025e-01  7.184e-01  
1.154e+00  5.879e-02  
9.986e-01  3.879e-01  
6.845e-01  7.855e-01  
1.071e+00  1.032e-01  
5.520e-01  8.866e-01  
4.298e-01  9.373e-01  
1.281e+00  5.234e-02  
6.474e-01  8.839e-01  
4.794e-01  9.298e-01  
9.999e-01  1.321e-01  
1.087e+00  7.095e-02  
1.050e+00  2.318e-01  
1.078e+00  6.546e-02  
1.112e+00  7.487e-02  
6.154e-01  8.839e-01  
5.507e-01  8.909e-01  
9.999e-01  1.321e-01  
9.993e-01  3.272e-01  
1.247e+00  6.996e-02  
9.965e-01  3.303e-01  
9.947e-01  2.801e-01  
1.041e+00  1.462e-01  
1.045e+00  7.197e-02  
1.321e+00  4.795e-02  
4.289e-01  9.373e-01  
5.827e-01  8.875e-01  
1.068e+00  2.042e-01  
4.794e-01  9.298e-01  
1.008e+00  1.426e-01  
7.025e-01  7.184e-01  
4.513e-01  9.178e-01  
7.598e-01  6.237e-01  
4.432e-01  9.359e-01  
6.373e-01  8.194e-01  
4.387e-01  9.348e-01  
1.057e+00  9.141e-02  
1.106e+00  9.414e-02  
1.269e+00  5.950e-02  
4.346e-01  9.016e-01  
4.414e-01  9.917e-01  
1.064e+00  1.072e-01  
4.432e-01  9.359e-01  
1.078e+00  6.546e-02  
1.045e+00  7.197e-02  
1.046e+00  5.740e-02  
4.416e-01  9.034e-01  
1.083e+00  6.064e-02  
4.316e-01  1.003e+00  
1.112e+00  7.487e-02  
1.055e+00  8.991e-02  
4.971e-01  9.040e-01  
1.027e+00  1.547e-01  
1.284e+00  4.810e-02  
4.513e-01  9.178e-01  
1.112e+00  7.487e-02  
1.065e+00  7.424e-02  
1.044e+00  1.817e-01  
4.372e-01  9.058e-01  
1.018e+00  1.214e-01  
1.086e+00  8.832e-02  
1.154e+00  5.876e-02  
1.269e+00  5.950e-02  
7.652e-01  6.258e-01  
4.611e-01  9.104e-01  
1.055e+00  8.991e-02  
4.346e-01  9.016e-01  
5.181e-01  8.834e-01  
4.592e-01  8.890e-01  
1.033e+00  1.684e-01  
1.041e+00  1.462e-01  
4.611e-01  9.104e-01  
1.038e+00  1.480e-01  
1.326e+00  5.918e-02  
7.025e-01  7.184e-01  
6.963e-01  6.605e-01  
7.317e-01  6.180e-01  
9.449e-01  4.249e-01  
1.081e+00  6.718e-02  
4.414e-01  9.917e-01  
6.474e-01  8.839e-01  
1.081e+00  6.718e-02  
1.030e+00  1.461e-01  
4.416e-01  9.034e-01  
1.269e+00  5.950e-02  
9.547e-01  4.390e-01  
7.721e-01  6.226e-01  
1.247e+00  5.176e-02  
1.052e+00  1.455e-01  
9.934e-01  1.455e-01  
7.905e-01  6.629e-01  
6.968e-01  6.675e-01  
4.750e-01  8.998e-01  
4.449e-01  9.939e-01  
6.316e-01  8.878e-01  
6.474e-01  8.839e-01  
9.595e-01  4.120e-01  
9.505e-01  4.301e-01  
7.901e-01  6.230e-01  
1.087e+00  7.095e-02  
7.089e-01  6.290e-01  
9.497e-01  4.065e-01  
1.046e+00  5.740e-02  
4.740e-01  9.112e-01  
1.109e+00  2.219e-01  
7.422e-01  6.178e-01  
7.721e-01  6.226e-01  
1.112e+00  7.487e-02  
8.161e-01  6.153e-01  
5.507e-01  8.909e-01  
7.207e-01  6.648e-01  
7.144e-01  6.241e-01  
9.993e-01  3.272e-01  
6.154e-01  8.839e-01  
7.934e-01  6.256e-01  
1.269e+00  5.950e-02  
1.052e+00  1.455e-01  
7.066e-01  6.998e-01  
1.064e+00  5.822e-02  
4.850e-01  8.800e-01  
9.986e-01  3.879e-01  
9.383e-01  4.548e-01  
4.903e-01  9.016e-01  
1.007e+00  3.266e-01  
1.087e+00  7.095e-02  
1.223e+00  9.437e-02  
9.666e-01  4.727e-01  
4.346e-01  9.016e-01  
9.265e-01  4.747e-01  
7.249e-01  6.557e-01  
4.289e-01  9.373e-01  
5.008e-01  8.894e-01  
9.389e-01  4.198e-01  
9.934e-01  1.455e-01  
9.986e-01  3.860e-01  
4.289e-01  9.373e-01  
4.242e-01  9.599e-01  
9.440e-01  4.055e-01  
9.451e-01  4.879e-01  
9.862e-01  1.988e-01  
5.220e-01  8.927e-01  
9.366e-01  4.581e-01  
