1.825e-03  1.008e+00  
1.027e+00  9.162e-06  
3.925e-01  4.179e-01  
7.151e-01  2.126e-01  
2.154e-01  6.586e-01  
5.552e-01  3.297e-01  
8.069e-02  7.690e-01  
3.227e-01  5.820e-01  
9.103e-01  1.165e-01  
9.304e-01  4.508e-02  
6.937e-02  8.620e-01  
4.783e-01  3.629e-01  
5.845e-01  2.689e-01  
2.731e-01  5.603e-01  
3.776e-01  4.829e-01  
7.151e-01  2.126e-01  
1.663e-01  7.178e-01  
7.619e-02  7.929e-01  
5.503e-01  2.934e-01  
8.471e-01  1.244e-01  
3.140e-01  5.871e-01  
4.409e-01  4.076e-01  
3.753e-01  4.421e-01  
8.773e-01  8.217e-02  
4.843e-01  3.840e-01  
9.992e-01  2.190e-02  
2.561e-01  6.527e-01  
1.140e-02  1.000e+00  
3.079e-01  5.195e-01  
8.122e-02  7.879e-01  
6.713e-01  2.464e-01  
7.076e-01  1.994e-01  
1.799e-01  6.906e-01  
7.645e-01  1.979e-01  
9.690e-01  4.167e-02  
1.825e-03  1.008e+00  
2.651e-01  6.069e-01  
8.085e-02  7.961e-01  
8.069e-02  7.690e-01  
5.608e-01  3.143e-01  
3.753e-01  4.535e-01  
5.552e-01  3.297e-01  
3.142e-01  5.103e-01  
2.621e-01  6.064e-01  
1.139e-01  7.402e-01  
6.724e-01  2.398e-01  
4.843e-01  3.840e-01  
9.668e-01  6.191e-02  
4.650e-01  3.648e-01  
2.207e-01  6.950e-01  
3.831e-01  4.121e-01  
3.227e-01  5.820e-01  
3.274e-03  1.002e+00  
6.287e-01  2.937e-01  
6.834e-02  8.218e-01  
4.275e-01  4.211e-01  
5.757e-01  2.784e-01  
9.991e-01  1.003e-02  
2.139e-01  6.588e-01  
9.035e-01  1.086e-01  
8.439e-01  1.195e-01  
3.159e-01  4.829e-01  
8.625e-01  1.507e-01  
6.847e-01  1.990e-01  
1.962e-01  7.751e-01  
8.301e-01  1.774e-01  
8.863e-02  7.459e-01  
6.724e-01  2.398e-01  
4.265e-01  3.959e-01  
4.764e-01  3.787e-01  
7.076e-01  1.994e-01  
2.139e-01  6.588e-01  
5.837e-01  2.913e-01  
3.227e-01  5.820e-01  
3.900e-01  4.586e-01  
1.449e-01  7.021e-01  
9.992e-02  7.284e-01  
7.420e-01  1.819e-01  
5.412e-01  3.016e-01  
1.020e+00  3.419e-02  
5.412e-01  3.016e-01  
3.087e-01  6.189e-01  
3.753e-01  4.535e-01  
5.552e-01  3.297e-01  
3.879e-01  4.686e-01  
5.347e-01  3.443e-01  
1.156e-01  7.275e-01  
8.085e-02  7.961e-01  
3.303e-01  4.974e-01  
5.037e-01  3.296e-01  
2.270e-01  6.876e-01  
6.847e-01  1.990e-01  
9.925e-01  4.484e-02  
1.510e-03  1.008e+00  
8.664e-01  1.042e-01  
2.651e-01  6.069e-01  
4.276e-01  4.637e-01  
5.845e-01  2.689e-01  
2.451e-01  6.037e-01  
4.265e-01  3.959e-01  
6.834e-02  8.218e-01  
9.992e-02  7.284e-01  
4.897e-01  3.353e-01  
7.619e-02  7.929e-01  
6.440e-01  2.774e-01  
8.509e-01  1.256e-01  
1.117e-02  1.000e+00  
4.215e-01  3.982e-01  
6.940e-01  3.095e-01  
7.151e-01  2.126e-01  
3.290e-01  4.906e-01  
1.679e-01  6.715e-01  
3.140e-01  5.871e-01  
3.079e-01  5.195e-01  
2.358e-01  5.744e-01  
9.516e-01  9.680e-02  
1.629e-01  6.862e-01  
8.471e-01  1.244e-01  
8.081e-02  8.934e-01  
8.872e-01  1.154e-01  
9.873e-01  2.100e-02  
2.207e-01  6.950e-01  
9.714e-01  4.761e-02  
1.679e-01  6.715e-01  
6.744e-01  2.044e-01  
1.825e-03  1.008e+00  
9.553e-01  8.469e-02  
3.140e-01  5.871e-01  
9.997e-01  1.188e-02  
3.159e-01  4.829e-01  
9.243e-01  9.419e-02  
1.143e-01  7.416e-01  
8.069e-02  7.690e-01  
8.069e-02  7.690e-01  
1.016e+00  1.909e-02  
8.608e-01  1.199e-01  
9.877e-01  1.094e-02  
2.871e-01  5.525e-01  
7.765e-01  1.818e-01  
2.196e-01  6.386e-01  
2.992e-02  1.000e+00  
5.987e-01  3.081e-01  
6.926e-01  2.046e-01  
3.038e-01  5.673e-01  
3.776e-01  4.829e-01  
4.008e-01  4.388e-01  
2.207e-01  6.950e-01  
4.843e-01  3.840e-01  
9.840e-02  7.463e-01  
2.667e-01  6.165e-01  
2.886e-01  5.563e-01  
7.441e-01  1.846e-01  
3.310e-01  5.189e-01  
4.567e-01  4.022e-01  
2.113e-01  6.833e-01  
5.769e-01  2.968e-01  
1.593e-01  6.856e-01  
2.476e-01  6.662e-01  
4.764e-01  3.787e-01  
5.608e-01  3.143e-01  
6.713e-01  2.464e-01  
3.079e-01  5.195e-01  
5.429e-01  3.220e-01  
1.449e-01  7.021e-01  
3.753e-01  4.421e-01  
3.346e-01  5.176e-01  
3.753e-01  4.535e-01  
4.764e-01  3.787e-01  
9.925e-01  4.484e-02  
5.347e-01  3.443e-01  
4.162e-01  3.814e-01  
5.761e-01  2.989e-01  
1.159e-03  1.007e+00  
4.783e-01  3.629e-01  
3.125e-03  1.013e+00  
5.412e-01  3.016e-01  
1.139e-01  7.402e-01  
4.146e-01  4.626e-01  
8.622e-02  7.748e-01  
4.764e-01  3.787e-01  
6.683e-01  2.550e-01  
3.084e-01  6.317e-01  
4.037e-01  4.505e-01  
3.879e-01  4.686e-01  
8.903e-01  1.528e-01  
7.790e-01  1.736e-01  
1.993e-01  6.644e-01  
3.969e-01  4.818e-01  
5.347e-01  3.443e-01  
3.489e-01  4.807e-01  
4.764e-01  3.787e-01  
5.347e-01  3.443e-01  
4.008e-01  4.388e-01  
3.849e-01  4.553e-01  
9.655e-01  3.799e-02  
7.002e-01  1.960e-01  
3.600e-01  5.036e-01  
6.847e-01  2.518e-01  
3.138e-01  5.011e-01  
1.139e-01  7.402e-01  
5.347e-01  3.443e-01  
2.651e-01  6.069e-01  
4.215e-01  3.982e-01  
9.233e-01  7.599e-02  
2.949e-01  5.458e-01  
5.893e-01  2.746e-01  
4.783e-01  3.629e-01  
8.081e-02  8.934e-01  
8.301e-01  1.774e-01  
1.510e-03  1.008e+00  
9.668e-01  6.191e-02  
6.052e-01  2.582e-01  
5.831e-01  2.831e-01  
1.560e-01  6.851e-01  
4.509e-01  4.142e-01  
9.925e-01  4.484e-02  
7.334e-01  2.010e-01  
7.007e-01  2.479e-01  
7.631e-01  1.806e-01  
7.619e-02  7.929e-01  
2.271e-01  6.417e-01  
1.629e-01  6.862e-01  
1.432e-01  7.331e-01  
7.217e-01  1.972e-01  
9.804e-01  2.251e-02  
1.799e-01  6.906e-01  
1.663e-01  7.178e-01  
1.745e-01  6.782e-01  
2.871e-01  5.525e-01  
7.619e-02  7.929e-01  
8.170e-01  1.295e-01  
8.827e-01  9.615e-02  
4.959e-04  1.013e+00  
3.274e-01  5.114e-01  
7.076e-01  1.994e-01  
7.151e-01  2.126e-01  
3.310e-01  5.189e-01  
5.771e-02  8.953e-01  
8.612e-02  7.495e-01  
6.440e-01  2.774e-01  
1.825e-03  1.008e+00  
7.262e-02  8.921e-01  
9.233e-01  7.599e-02  
1.819e-01  6.630e-01  
8.471e-01  1.244e-01  
8.061e-01  1.705e-01  
2.575e-01  6.486e-01  
9.304e-01  4.508e-02  
3.140e-01  5.871e-01  
2.579e-02  1.000e+00  
8.509e-01  1.256e-01  
9.035e-01  1.086e-01  
1.828e-02  1.010e+00  
6.926e-01  2.046e-01  
9.668e-01  6.191e-02  
1.029e+00  1.017e-02  
9.560e-01  3.272e-02  
1.038e+00  1.449e-02  
2.691e-01  5.494e-01  
9.877e-01  3.294e-02  
6.847e-01  1.990e-01  
6.926e-01  2.046e-01  
8.439e-01  1.195e-01  
1.159e-03  1.007e+00  
4.275e-01  4.211e-01  
8.608e-01  1.199e-01  
7.901e-01  1.594e-01  
7.645e-01  1.979e-01  
5.576e-02  9.203e-01  
2.871e-01  5.525e-01  
7.023e-02  8.270e-01  
2.004e-01  6.272e-01  
4.783e-01  3.629e-01  
3.159e-01  4.829e-01  
3.142e-01  5.103e-01  
8.301e-01  1.774e-01  
8.233e-02  7.879e-01  
1.560e-01  6.851e-01  
6.535e-01  2.530e-01  
8.081e-02  8.934e-01  
8.233e-02  7.879e-01  
2.739e-01  5.710e-01  
5.837e-01  2.913e-01  
7.211e-01  2.539e-01  
2.139e-01  6.588e-01  
1.117e-02  1.000e+00  
9.216e-01  8.047e-02  
9.992e-02  7.284e-01  
4.959e-04  1.013e+00  
9.840e-02  7.463e-01  
5.237e-01  3.137e-01  
4.764e-01  3.787e-01  
7.619e-02  7.929e-01  
5.768e-01  2.907e-01  
5.769e-01  2.968e-01  
3.879e-01  4.686e-01  
3.900e-01  4.586e-01  
2.270e-01  6.876e-01  
5.769e-01  2.968e-01  
3.695e-01  4.580e-01  
1.140e-02  1.000e+00  
3.776e-01  4.829e-01  
6.276e-01  2.643e-01  
4.764e-01  3.787e-01  
3.879e-01  4.686e-01  
4.843e-01  3.840e-01  
1.825e-03  1.008e+00  
3.776e-01  4.829e-01  
5.155e-01  3.436e-01  
4.008e-01  4.388e-01  
1.449e-01  7.021e-01  
2.207e-01  6.950e-01  
4.146e-01  4.626e-01  
7.164e-01  2.065e-01  
7.619e-02  7.929e-01  
4.443e-01  3.675e-01  
5.831e-01  2.831e-01  
6.940e-01  3.095e-01  
2.358e-01  5.744e-01  
5.037e-01  3.296e-01  
5.415e-01  3.163e-01  
5.552e-01  3.297e-01  
2.871e-01  5.525e-01  
9.103e-01  1.165e-01  
3.142e-01  5.103e-01  
1.032e-01  7.630e-01  
9.337e-01  9.158e-02  
6.847e-01  2.518e-01  
6.847e-01  2.518e-01  
8.612e-02  7.495e-01  
4.409e-01  4.076e-01  
4.211e-01  4.404e-01  
3.799e-01  4.462e-01  
1.321e-01  6.991e-01  
2.270e-01  6.876e-01  
3.514e-01  4.866e-01  
5.837e-01  2.913e-01  
8.773e-01  8.217e-02  
3.596e-01  4.507e-01  
2.039e-01  6.621e-01  
6.971e-01  2.364e-01  
2.667e-01  6.165e-01  
4.843e-01  3.840e-01  
5.758e-01  2.989e-01  
2.270e-01  6.876e-01  
8.185e-01  1.462e-01  
8.069e-02  7.690e-01  
5.347e-01  3.443e-01  
1.815e-01  6.629e-01  
3.900e-01  4.586e-01  
4.891e-01  3.701e-01  
1.449e-01  7.021e-01  
2.113e-01  6.833e-01  
8.625e-01  1.507e-01  
3.489e-01  4.807e-01  
3.634e-01  5.133e-01  
5.837e-01  2.913e-01  
3.310e-01  5.189e-01  
3.138e-01  5.011e-01  
3.658e-01  4.405e-01  
8.622e-02  7.748e-01  
4.265e-01  3.959e-01  
4.275e-01  4.211e-01  
3.654e-02  9.650e-01  
3.753e-01  4.535e-01  
2.957e-01  5.335e-01  
9.103e-01  1.165e-01  
5.837e-01  2.913e-01  
5.987e-01  3.081e-01  
6.683e-01  2.550e-01  
3.358e-01  5.116e-01  
3.019e-01  5.093e-01  
2.763e-01  5.866e-01  
4.443e-01  3.675e-01  
5.514e-01  3.526e-01  
4.897e-01  3.353e-01  
7.684e-01  1.954e-01  
1.993e-01  6.644e-01  
9.233e-01  7.599e-02  
8.121e-02  7.952e-01  
5.987e-01  3.081e-01  
4.942e-01  3.543e-01  
3.276e-01  5.218e-01  
4.764e-01  3.787e-01  
8.085e-02  7.961e-01  
4.426e-01  3.779e-01  
3.634e-01  5.133e-01  
4.846e-01  3.609e-01  
9.233e-01  7.599e-02  
6.971e-01  2.364e-01  
5.429e-01  3.220e-01  
1.532e-01  7.563e-01  
5.000e-05  1.002e+00  
3.079e-01  5.195e-01  
8.903e-01  1.528e-01  
3.879e-01  4.686e-01  
8.301e-01  1.774e-01  
1.389e-03  1.005e+00  
1.001e+00  1.206e-03  
5.412e-01  3.016e-01  
2.300e-01  5.933e-01  
6.847e-01  2.044e-01  
1.510e-03  1.008e+00  
8.921e-01  1.195e-01  
9.069e-01  1.366e-01  
6.834e-02  8.218e-01  
2.651e-01  6.069e-01  
3.753e-01  4.535e-01  
4.126e-01  4.465e-01  
8.685e-01  9.306e-02  
8.105e-01  1.899e-01  
1.663e-01  7.178e-01  
7.217e-01  1.972e-01  
6.891e-01  2.154e-01  
3.227e-01  5.820e-01  
4.265e-01  3.959e-01  
2.949e-01  5.458e-01  
4.846e-01  3.609e-01  
5.155e-01  3.436e-01  
2.154e-01  6.586e-01  
6.914e-01  1.958e-01  
2.242e-01  5.976e-01  
9.668e-01  6.191e-02  
2.993e-01  5.641e-01  
4.460e-01  3.867e-01  
3.776e-01  4.829e-01  
1.685e-01  6.712e-01  
1.663e-01  7.178e-01  
4.443e-01  3.675e-01  
5.939e-01  2.798e-01  
6.891e-01  2.154e-01  
3.358e-01  5.116e-01  
5.757e-01  2.784e-01  
5.939e-01  2.798e-01  
5.771e-02  8.953e-01  
6.724e-01  2.398e-01  
9.233e-01  7.599e-02  
1.567e-01  6.811e-01  
1.449e-01  7.021e-01  
3.207e-01  5.311e-01  
3.900e-01  4.586e-01  
2.039e-01  6.621e-01  
1.745e-01  6.782e-01  
3.142e-01  5.103e-01  
2.886e-01  5.563e-01  
4.764e-01  3.787e-01  
7.151e-01  2.126e-01  
6.937e-02  8.620e-01  
8.301e-01  1.774e-01  
4.008e-01  4.388e-01  
7.483e-02  9.157e-01  
8.817e-02  7.487e-01  
6.847e-01  2.518e-01  
2.476e-01  6.662e-01  
1.593e-01  6.856e-01  
3.140e-01  5.871e-01  
9.622e-01  2.734e-02  
8.644e-01  1.048e-01  
2.731e-01  5.603e-01  
1.029e+00  1.017e-02  
5.268e-01  3.220e-01  
2.871e-01  5.525e-01  
9.026e-01  1.136e-01  
2.207e-01  6.950e-01  
9.286e-04  1.001e+00  
1.011e+00  5.457e-03  
2.041e-01  7.087e-01  
8.863e-02  7.459e-01  
7.002e-01  1.960e-01  
9.861e-01  3.603e-02  
6.683e-01  2.550e-01  
8.827e-01  9.615e-02  
9.697e-01  3.859e-02  
1.679e-01  6.715e-01  
1.685e-01  6.712e-01  
7.076e-01  1.994e-01  
5.788e-01  2.808e-01  
9.925e-01  4.484e-02  
5.429e-01  3.220e-01  
6.891e-01  2.154e-01  
7.654e-01  1.696e-01  
9.714e-01  4.761e-02  
1.011e+00  5.457e-03  
5.680e-02  9.181e-01  
1.369e-01  7.202e-01  
7.076e-01  1.994e-01  
8.863e-02  7.459e-01  
8.509e-01  1.256e-01  
2.739e-01  5.710e-01  
5.680e-02  9.181e-01  
3.207e-01  5.311e-01  
8.085e-02  7.961e-01  
1.745e-01  6.782e-01  
1.915e-03  1.014e+00  
8.509e-01  1.256e-01  
9.945e-01  5.550e-02  
1.029e+00  1.017e-02  
8.204e-02  8.542e-01  
1.389e-03  1.005e+00  
8.509e-01  1.256e-01  
8.233e-02  7.879e-01  
1.038e+00  1.449e-02  
1.019e+00  4.161e-02  
9.925e-01  4.484e-02  
1.389e-03  1.005e+00  
9.880e-01  2.765e-02  
1.389e-03  1.005e+00  
1.038e+00  1.449e-02  
9.533e-01  5.140e-02  
8.085e-02  7.961e-01  
7.151e-01  2.126e-01  
1.001e+00  2.556e-03  
9.992e-02  7.284e-01  
1.003e+00  2.594e-02  
9.714e-01  4.761e-02  
8.301e-01  1.774e-01  
1.510e-03  1.008e+00  
9.035e-01  1.086e-01  
9.553e-01  8.469e-02  
9.860e-01  2.082e-02  
1.020e+00  3.419e-02  
3.142e-01  5.103e-01  
8.817e-02  7.487e-01  
9.268e-01  7.000e-02  
1.153e-02  1.014e+00  
1.213e-01  6.942e-01  
6.336e-02  9.787e-01  
6.847e-01  2.044e-01  
8.872e-01  1.154e-01  
8.863e-02  7.459e-01  
7.645e-01  1.979e-01  
1.011e+00  5.457e-03  
2.532e-01  6.235e-01  
2.621e-01  6.064e-01  
3.140e-01  5.871e-01  
5.552e-01  3.297e-01  
8.827e-01  9.615e-02  
8.251e-04  1.001e+00  
2.070e-01  6.428e-01  
9.168e-01  7.361e-02  
7.631e-01  1.806e-01  
7.583e-02  8.008e-01  
9.861e-01  3.603e-02  
5.155e-01  3.436e-01  
3.776e-01  4.829e-01  
9.991e-01  1.003e-02  
7.164e-01  2.065e-01  
7.164e-01  2.065e-01  
3.303e-01  4.974e-01  
2.886e-01  5.563e-01  
8.069e-02  7.690e-01  
2.579e-02  1.000e+00  
2.139e-01  6.588e-01  
2.022e-01  6.485e-01  
4.843e-01  3.840e-01  
4.846e-01  3.609e-01  
3.695e-01  4.580e-01  
9.069e-01  1.366e-01  
3.151e-01  5.048e-01  
4.897e-01  3.353e-01  
9.103e-01  1.165e-01  
9.034e-02  7.961e-01  
7.441e-01  1.846e-01  
2.885e-01  5.289e-01  
3.151e-01  5.048e-01  
9.880e-01  2.765e-02  
3.317e-01  4.777e-01  
1.582e-01  6.641e-01  
3.124e-01  5.773e-01  
3.079e-01  5.195e-01  
5.608e-01  3.143e-01  
1.401e-01  6.761e-01  
3.753e-01  4.535e-01  
1.001e+00  1.206e-03  
7.217e-01  1.972e-01  
2.532e-01  6.235e-01  
1.011e+00  5.457e-03  
1.312e-01  7.923e-01  
5.268e-01  3.220e-01  
3.925e-01  4.179e-01  
1.156e-01  7.275e-01  
5.788e-01  2.808e-01  
9.997e-01  1.188e-02  
9.925e-01  4.484e-02  
3.925e-01  4.179e-01  
7.583e-02  8.008e-01  
4.275e-01  4.211e-01  
2.871e-01  5.525e-01  
1.510e-03  1.008e+00  
1.086e-01  7.630e-01  
4.970e-01  3.762e-01  
6.926e-01  2.046e-01  
5.608e-01  3.143e-01  
1.828e-02  1.010e+00  
1.510e-03  1.008e+00  
4.426e-01  3.779e-01  
3.900e-01  4.586e-01  
7.164e-01  2.065e-01  
1.463e-01  6.736e-01  
3.831e-01  4.115e-01  
