4.343e-02  1.044e+00  
1.042e+00  5.202e-02  
6.541e-01  6.844e-01  
9.240e-01  3.315e-01  
3.368e-01  9.511e-01  
8.169e-01  5.059e-01  
1.642e-01  1.031e+00  
5.435e-01  7.933e-01  
1.032e+00  7.636e-02  
1.027e+00  8.533e-02  
4.632e-02  1.042e+00  
7.505e-01  5.933e-01  
8.362e-01  4.024e-01  
4.289e-01  9.326e-01  
5.844e-01  7.851e-01  
9.809e-01  2.134e-01  
5.652e-02  1.045e+00  
4.632e-02  1.042e+00  
8.251e-01  4.392e-01  
1.037e+00  6.687e-02  
3.214e-01  9.710e-01  
6.835e-01  6.237e-01  
6.522e-01  7.093e-01  
1.010e+00  1.084e-01  
8.168e-01  4.985e-01  
1.050e+00  5.477e-02  
3.609e-01  9.400e-01  
4.681e-02  1.045e+00  
5.231e-01  8.071e-01  
5.772e-02  1.052e+00  
8.913e-01  3.442e-01  
9.833e-01  2.434e-01  
2.152e-01  1.016e+00  
9.947e-01  1.356e-01  
1.024e+00  8.523e-02  
4.343e-02  1.044e+00  
3.965e-01  9.308e-01  
6.783e-02  1.050e+00  
4.377e-02  1.042e+00  
8.210e-01  5.094e-01  
6.541e-01  6.844e-01  
8.169e-01  5.059e-01  
5.231e-01  8.071e-01  
3.214e-01  9.710e-01  
6.783e-02  1.050e+00  
8.995e-01  3.456e-01  
8.289e-01  5.615e-01  
1.021e+00  9.340e-02  
6.706e-01  6.391e-01  
3.445e-01  9.435e-01  
6.568e-01  6.898e-01  
4.918e-01  8.559e-01  
5.436e-02  1.051e+00  
8.362e-01  4.024e-01  
4.296e-02  1.043e+00  
6.706e-01  6.391e-01  
8.291e-01  4.718e-01  
1.027e+00  6.959e-02  
2.200e-01  1.016e+00  
1.006e+00  1.017e-01  
1.005e+00  1.226e-01  
5.775e-01  7.869e-01  
9.791e-01  2.314e-01  
9.814e-01  2.161e-01  
2.152e-01  1.016e+00  
9.820e-01  2.356e-01  
5.502e-02  1.048e+00  
8.648e-01  3.716e-01  
6.770e-01  6.306e-01  
7.505e-01  5.933e-01  
9.816e-01  1.782e-01  
3.263e-01  9.627e-01  
8.291e-01  4.718e-01  
4.884e-01  8.595e-01  
6.589e-01  6.798e-01  
2.249e-01  1.017e+00  
4.305e-02  1.043e+00  
9.820e-01  2.356e-01  
8.215e-01  4.409e-01  
1.019e+00  1.416e-01  
8.191e-01  4.636e-01  
3.214e-01  9.710e-01  
6.522e-01  7.093e-01  
7.505e-01  5.933e-01  
5.803e-01  7.880e-01  
8.161e-01  4.692e-01  
2.291e-01  1.017e+00  
4.311e-02  1.044e+00  
5.209e-01  8.025e-01  
7.837e-01  5.837e-01  
3.609e-01  9.400e-01  
9.917e-01  1.224e-01  
1.027e+00  6.959e-02  
5.502e-02  1.048e+00  
9.832e-01  1.676e-01  
3.609e-01  9.400e-01  
6.591e-01  6.745e-01  
8.591e-01  3.717e-01  
3.214e-01  9.710e-01  
6.996e-01  6.064e-01  
6.420e-02  1.052e+00  
1.902e-01  1.018e+00  
8.354e-01  5.841e-01  
6.195e-02  1.048e+00  
8.301e-01  4.152e-01  
9.988e-01  1.279e-01  
4.804e-02  1.045e+00  
6.594e-01  6.573e-01  
9.240e-01  3.315e-01  
9.997e-01  1.068e-01  
5.200e-01  8.084e-01  
2.213e-01  1.016e+00  
4.132e-01  9.352e-01  
5.115e-01  8.168e-01  
3.965e-01  9.308e-01  
9.901e-01  1.426e-01  
2.152e-01  1.016e+00  
9.964e-01  2.067e-01  
6.420e-02  1.052e+00  
1.010e+00  1.084e-01  
1.019e+00  1.416e-01  
3.356e-01  9.508e-01  
1.028e+00  6.911e-02  
2.152e-01  1.016e+00  
9.952e-01  1.165e-01  
5.150e-02  1.044e+00  
1.015e+00  1.180e-01  
5.150e-01  8.163e-01  
1.054e+00  5.244e-02  
5.154e-01  8.099e-01  
1.019e+00  1.398e-01  
6.854e-02  1.055e+00  
2.133e-01  1.016e+00  
5.745e-02  1.044e+00  
1.027e+00  6.959e-02  
1.000e+00  1.252e-01  
1.042e+00  5.202e-02  
3.491e-01  9.409e-01  
9.952e-01  1.165e-01  
3.356e-01  9.508e-01  
5.502e-02  1.048e+00  
6.719e-01  6.339e-01  
9.128e-01  3.367e-01  
4.884e-01  8.512e-01  
5.115e-01  8.168e-01  
6.771e-01  6.342e-01  
3.307e-01  9.579e-01  
7.837e-01  5.837e-01  
6.854e-02  1.055e+00  
4.143e-01  9.315e-01  
4.921e-01  9.050e-01  
9.799e-01  2.036e-01  
3.491e-01  9.409e-01  
6.808e-01  6.340e-01  
3.307e-01  9.579e-01  
8.224e-01  4.479e-01  
1.902e-01  1.018e+00  
3.737e-01  9.338e-01  
6.975e-01  6.157e-01  
8.191e-01  4.636e-01  
8.531e-01  3.715e-01  
4.289e-01  9.326e-01  
8.224e-01  4.479e-01  
2.200e-01  1.016e+00  
6.522e-01  7.093e-01  
5.115e-01  8.168e-01  
5.115e-01  8.168e-01  
8.169e-01  5.059e-01  
1.028e+00  7.401e-02  
8.251e-01  4.298e-01  
6.706e-01  6.391e-01  
8.201e-01  4.590e-01  
6.376e-02  1.052e+00  
7.837e-01  5.837e-01  
6.376e-02  1.052e+00  
8.191e-01  4.636e-01  
5.693e-02  1.045e+00  
6.541e-01  6.844e-01  
6.195e-02  1.048e+00  
6.975e-01  6.157e-01  
8.291e-01  4.718e-01  
4.289e-01  9.326e-01  
6.568e-01  6.898e-01  
6.770e-01  6.534e-01  
9.820e-01  2.073e-01  
9.807e-01  2.053e-01  
3.346e-01  9.506e-01  
6.511e-01  6.992e-01  
7.837e-01  5.837e-01  
5.435e-01  7.933e-01  
7.032e-01  6.091e-01  
7.505e-01  5.933e-01  
6.975e-01  6.157e-01  
6.568e-01  6.898e-01  
1.028e+00  7.401e-02  
9.947e-01  1.356e-01  
5.803e-01  7.880e-01  
8.599e-01  3.681e-01  
5.200e-01  8.084e-01  
6.068e-02  1.050e+00  
8.210e-01  5.094e-01  
3.965e-01  9.308e-01  
6.770e-01  6.306e-01  
1.017e+00  1.446e-01  
4.857e-01  8.857e-01  
8.408e-01  3.946e-01  
8.354e-01  5.841e-01  
5.652e-02  1.045e+00  
9.841e-01  1.528e-01  
5.150e-02  1.044e+00  
1.021e+00  9.340e-02  
8.256e-01  4.212e-01  
8.215e-01  4.409e-01  
2.185e-01  1.017e+00  
6.771e-01  6.342e-01  
1.041e+00  9.791e-02  
9.832e-01  1.676e-01  
9.997e-01  1.068e-01  
9.399e-01  3.255e-01  
6.778e-02  1.050e+00  
3.498e-01  9.496e-01  
2.200e-01  1.016e+00  
2.213e-01  1.016e+00  
9.240e-01  3.315e-01  
1.047e+00  5.330e-02  
3.231e-01  9.824e-01  
2.291e-01  1.017e+00  
2.133e-01  1.016e+00  
4.857e-01  8.857e-01  
5.745e-02  1.044e+00  
9.910e-01  1.332e-01  
1.007e+00  1.045e-01  
5.546e-02  1.044e+00  
5.201e-01  8.044e-01  
9.128e-01  3.367e-01  
1.008e+00  8.500e-02  
5.185e-01  8.064e-01  
5.615e-02  1.054e+00  
5.713e-02  1.046e+00  
8.365e-01  3.973e-01  
4.411e-02  1.044e+00  
6.084e-02  1.045e+00  
9.901e-01  1.426e-01  
2.152e-01  1.016e+00  
1.002e+00  1.326e-01  
9.791e-01  2.314e-01  
3.835e-01  9.319e-01  
1.013e+00  1.004e-01  
4.132e-01  9.352e-01  
6.420e-02  1.052e+00  
9.988e-01  1.279e-01  
1.005e+00  1.226e-01  
7.391e-02  1.056e+00  
9.805e-01  2.484e-01  
1.047e+00  5.330e-02  
1.054e+00  5.244e-02  
1.031e+00  6.731e-02  
1.046e+00  5.433e-02  
3.214e-01  9.710e-01  
1.041e+00  6.184e-02  
9.832e-01  1.676e-01  
9.820e-01  2.356e-01  
9.842e-01  1.826e-01  
4.081e-02  1.047e+00  
6.706e-01  6.391e-01  
1.006e+00  1.017e-01  
9.820e-01  2.073e-01  
9.809e-01  2.134e-01  
6.420e-02  1.052e+00  
3.491e-01  9.409e-01  
5.772e-02  1.052e+00  
2.152e-01  1.016e+00  
6.808e-01  6.340e-01  
5.463e-01  7.930e-01  
4.969e-01  8.326e-01  
9.947e-01  1.356e-01  
5.745e-02  1.044e+00  
2.152e-01  1.016e+00  
1.008e+00  8.500e-02  
6.898e-02  1.049e+00  
5.772e-02  1.052e+00  
3.693e-01  9.366e-01  
8.501e-01  3.766e-01  
8.913e-01  3.442e-01  
3.346e-01  9.506e-01  
5.150e-02  1.044e+00  
1.013e+00  1.256e-01  
2.133e-01  1.016e+00  
6.898e-02  1.049e+00  
2.152e-01  1.016e+00  
8.168e-01  4.985e-01  
6.975e-01  6.157e-01  
7.391e-02  1.056e+00  
8.388e-01  4.027e-01  
8.291e-01  4.718e-01  
6.124e-01  7.840e-01  
6.522e-01  7.093e-01  
4.049e-01  9.312e-01  
8.227e-01  4.392e-01  
6.650e-01  6.487e-01  
5.772e-02  1.052e+00  
5.185e-01  8.064e-01  
8.995e-01  3.456e-01  
6.958e-01  6.227e-01  
6.545e-01  7.341e-01  
7.555e-01  5.899e-01  
6.420e-02  1.052e+00  
5.115e-01  8.168e-01  
8.016e-01  5.805e-01  
6.571e-01  6.820e-01  
2.072e-01  1.016e+00  
3.307e-01  9.579e-01  
6.754e-01  6.383e-01  
9.802e-01  2.379e-01  
1.682e-01  1.032e+00  
8.354e-01  5.841e-01  
8.191e-01  4.636e-01  
8.388e-01  4.027e-01  
3.609e-01  9.400e-01  
8.210e-01  5.094e-01  
8.405e-01  3.865e-01  
8.160e-01  4.850e-01  
4.143e-01  9.315e-01  
1.013e+00  1.297e-01  
4.918e-01  8.427e-01  
6.854e-02  1.055e+00  
1.019e+00  1.398e-01  
8.501e-01  3.766e-01  
8.461e-01  3.823e-01  
7.391e-02  1.056e+00  
6.975e-01  6.157e-01  
6.706e-01  6.391e-01  
6.545e-01  7.341e-01  
2.249e-01  1.017e+00  
3.445e-01  9.435e-01  
5.803e-01  7.880e-01  
8.190e-01  4.758e-01  
1.005e+00  1.226e-01  
6.568e-01  6.898e-01  
3.720e-01  9.334e-01  
8.913e-01  3.442e-01  
3.314e-01  9.554e-01  
7.089e-01  6.053e-01  
8.405e-01  3.865e-01  
3.485e-01  9.423e-01  
1.005e+00  1.226e-01  
6.854e-02  1.055e+00  
8.289e-01  5.615e-01  
2.200e-01  1.016e+00  
6.687e-01  6.482e-01  
7.601e-01  5.859e-01  
3.180e-01  1.048e+00  
3.498e-01  9.496e-01  
9.814e-01  2.161e-01  
5.952e-01  7.842e-01  
5.231e-01  8.071e-01  
9.832e-01  1.676e-01  
5.231e-01  8.071e-01  
5.435e-01  7.933e-01  
6.492e-01  7.119e-01  
4.311e-02  1.044e+00  
6.650e-01  6.487e-01  
6.808e-01  6.340e-01  
4.647e-02  1.044e+00  
6.124e-01  7.840e-01  
5.231e-01  8.071e-01  
9.820e-01  2.356e-01  
8.684e-01  3.692e-01  
8.291e-01  4.718e-01  
8.913e-01  3.442e-01  
5.803e-01  7.880e-01  
3.214e-01  9.710e-01  
3.491e-01  9.409e-01  
8.289e-01  5.615e-01  
8.913e-01  3.442e-01  
8.161e-01  4.692e-01  
9.802e-01  2.379e-01  
3.516e-01  9.396e-01  
1.006e+00  1.017e-01  
5.502e-02  1.048e+00  
8.215e-01  4.409e-01  
8.354e-01  5.841e-01  
4.996e-01  8.298e-01  
7.505e-01  5.933e-01  
1.682e-01  1.032e+00  
6.706e-01  6.391e-01  
5.782e-01  7.881e-01  
6.996e-01  6.064e-01  
1.013e+00  1.256e-01  
8.913e-01  3.442e-01  
8.199e-01  4.453e-01  
2.109e-01  1.016e+00  
6.026e-02  1.046e+00  
4.999e-01  8.733e-01  
9.947e-01  1.356e-01  
6.492e-01  7.119e-01  
9.791e-01  2.314e-01  
5.202e-02  1.049e+00  
1.054e+00  5.244e-02  
8.191e-01  4.636e-01  
4.138e-01  9.342e-01  
9.240e-01  3.315e-01  
6.420e-02  1.052e+00  
1.018e+00  8.726e-02  
1.003e+00  2.059e-01  
4.681e-02  1.045e+00  
3.965e-01  9.308e-01  
5.952e-01  7.842e-01  
6.568e-01  6.898e-01  
9.947e-01  1.356e-01  
9.814e-01  2.161e-01  
2.200e-01  1.016e+00  
9.802e-01  2.379e-01  
9.802e-01  2.379e-01  
5.060e-01  8.222e-01  
6.754e-01  6.383e-01  
4.884e-01  8.595e-01  
6.676e-01  6.405e-01  
6.719e-01  6.339e-01  
3.368e-01  9.511e-01  
9.820e-01  2.356e-01  
3.346e-01  9.506e-01  
1.013e+00  1.256e-01  
4.938e-01  8.375e-01  
6.835e-01  6.237e-01  
5.115e-01  8.168e-01  
2.200e-01  1.016e+00  
2.385e-01  1.020e+00  
7.505e-01  5.933e-01  
8.461e-01  3.823e-01  
9.137e-01  3.327e-01  
5.185e-01  8.064e-01  
8.301e-01  4.152e-01  
8.365e-01  3.973e-01  
5.693e-02  1.045e+00  
8.995e-01  3.456e-01  
9.901e-01  1.426e-01  
2.176e-01  1.016e+00  
2.152e-01  1.016e+00  
5.231e-01  8.071e-01  
6.501e-01  7.095e-01  
3.231e-01  9.824e-01  
2.152e-01  1.016e+00  
5.200e-01  8.084e-01  
4.884e-01  8.512e-01  
7.095e-01  6.105e-01  
9.240e-01  3.315e-01  
4.411e-02  1.044e+00  
9.820e-01  2.073e-01  
6.589e-01  6.798e-01  
4.681e-02  1.045e+00  
1.939e-01  1.018e+00  
9.137e-01  3.327e-01  
3.491e-01  9.409e-01  
2.200e-01  1.016e+00  
4.921e-01  9.050e-01  
1.019e+00  1.398e-01  
1.017e+00  1.446e-01  
4.289e-01  9.326e-01  
1.054e+00  5.244e-02  
8.160e-01  4.850e-01  
4.167e-01  9.302e-01  
9.921e-01  1.417e-01  
3.307e-01  9.579e-01  
4.647e-02  1.044e+00  
1.054e+00  5.244e-02  
3.271e-01  9.605e-01  
4.632e-02  1.042e+00  
9.833e-01  2.434e-01  
1.047e+00  5.330e-02  
8.291e-01  4.718e-01  
9.947e-01  1.356e-01  
1.028e+00  7.401e-02  
2.072e-01  1.016e+00  
2.596e-01  1.025e+00  
9.799e-01  2.036e-01  
8.191e-01  4.636e-01  
1.046e+00  5.433e-02  
6.719e-01  6.339e-01  
9.128e-01  3.367e-01  
9.791e-01  2.314e-01  
1.027e+00  6.959e-02  
1.046e+00  5.433e-02  
4.632e-02  1.042e+00  
2.249e-01  1.017e+00  
9.952e-01  1.165e-01  
5.693e-02  1.045e+00  
1.040e+00  6.320e-02  
3.609e-01  9.400e-01  
5.502e-02  1.048e+00  
5.231e-01  8.071e-01  
6.854e-02  1.055e+00  
3.173e-01  9.920e-01  
6.026e-02  1.046e+00  
1.013e+00  1.297e-01  
1.006e+00  1.017e-01  
1.034e+00  6.229e-02  
5.150e-02  1.044e+00  
5.202e-02  1.049e+00  
9.832e-01  1.676e-01  
5.502e-02  1.048e+00  
1.054e+00  5.244e-02  
1.028e+00  6.911e-02  
1.047e+00  5.330e-02  
6.279e-02  1.048e+00  
1.045e+00  5.143e-02  
5.150e-02  1.044e+00  
1.019e+00  1.416e-01  
1.013e+00  1.004e-01  
6.783e-02  1.050e+00  
9.814e-01  2.161e-01  
1.042e+00  5.202e-02  
6.783e-02  1.050e+00  
1.044e+00  4.991e-02  
1.019e+00  1.416e-01  
9.802e-01  2.379e-01  
4.969e-02  1.044e+00  
1.005e+00  1.226e-01  
1.027e+00  6.959e-02  
1.028e+00  7.401e-02  
1.019e+00  1.398e-01  
5.060e-01  8.222e-01  
4.632e-02  1.042e+00  
1.019e+00  1.416e-01  
5.546e-02  1.044e+00  
6.778e-02  1.050e+00  
4.632e-02  1.042e+00  
8.995e-01  3.456e-01  
1.055e+00  7.877e-02  
4.222e-02  1.043e+00  
9.791e-01  2.314e-01  
1.032e+00  5.308e-02  
3.926e-01  9.305e-01  
3.346e-01  9.506e-01  
4.884e-01  8.512e-01  
6.719e-01  6.339e-01  
9.901e-01  1.426e-01  
4.681e-02  1.045e+00  
3.301e-01  9.574e-01  
9.998e-01  1.246e-01  
9.917e-01  1.224e-01  
5.745e-02  1.044e+00  
1.031e+00  6.731e-02  
8.161e-01  4.692e-01  
5.867e-01  7.839e-01  
1.053e+00  5.194e-02  
9.952e-01  1.165e-01  
9.805e-01  2.484e-01  
5.060e-01  8.222e-01  
4.132e-01  9.352e-01  
5.772e-02  1.052e+00  
6.195e-02  1.048e+00  
3.346e-01  9.506e-01  
3.307e-01  9.579e-01  
7.061e-01  6.160e-01  
8.169e-01  5.059e-01  
6.541e-01  6.844e-01  
1.032e+00  7.636e-02  
5.060e-01  8.222e-01  
8.354e-01  5.841e-01  
9.901e-01  1.426e-01  
6.783e-02  1.050e+00  
9.814e-01  2.161e-01  
4.884e-01  8.512e-01  
4.990e-01  8.264e-01  
1.024e+00  8.265e-02  
5.965e-01  7.857e-01  
2.152e-01  1.016e+00  
4.921e-01  9.050e-01  
4.935e-01  8.362e-01  
8.227e-01  4.392e-01  
2.152e-01  1.016e+00  
6.124e-01  7.840e-01  
1.045e+00  5.143e-02  
9.791e-01  2.314e-01  
3.491e-01  9.409e-01  
1.045e+00  5.143e-02  
2.042e-01  1.016e+00  
8.169e-01  5.059e-01  
6.511e-01  6.992e-01  
6.854e-02  1.055e+00  
8.408e-01  3.946e-01  
1.028e+00  7.401e-02  
1.022e+00  9.772e-02  
6.613e-01  6.566e-01  
6.068e-02  1.050e+00  
6.754e-01  6.383e-01  
4.884e-01  8.595e-01  
6.026e-02  1.046e+00  
5.615e-02  1.054e+00  
7.383e-01  5.908e-01  
9.952e-01  1.165e-01  
8.215e-01  4.409e-01  
5.772e-02  1.052e+00  
5.449e-02  1.048e+00  
6.676e-01  6.405e-01  
6.835e-01  6.237e-01  
8.889e-01  3.425e-01  
2.152e-01  1.016e+00  
6.589e-01  6.798e-01  
