1.166e-01  1.453e+00  
1.447e+00  7.794e-02  
1.015e+00  5.681e-01  
1.023e+00  2.301e-01  
3.566e-01  1.010e+00  
1.008e+00  3.869e-01  
2.554e-01  1.052e+00  
6.077e-01  9.783e-01  
1.092e+00  1.876e-01  
1.214e+00  9.899e-02  
1.822e-01  1.120e+00  
1.017e+00  4.833e-01  
1.020e+00  4.330e-01  
5.298e-01  1.021e+00  
6.413e-01  9.725e-01  
1.125e+00  2.808e-01  
3.193e-01  1.012e+00  
2.737e-01  9.946e-01  
1.013e+00  3.856e-01  
1.130e+00  2.354e-01  
5.972e-01  1.008e+00  
1.011e+00  7.442e-01  
6.755e-01  9.746e-01  
1.210e+00  1.781e-01  
1.046e+00  6.307e-01  
1.159e+00  1.036e-01  
4.278e-01  1.014e+00  
1.438e-01  1.123e+00  
7.130e-01  9.793e-01  
1.784e-01  1.051e+00  
1.010e+00  2.618e-01  
1.051e+00  2.439e-01  
3.374e-01  1.028e+00  
1.031e+00  2.627e-01  
1.180e+00  1.479e-01  
1.291e-01  1.100e+00  
4.538e-01  9.908e-01  
2.249e-01  1.031e+00  
2.106e-01  1.123e+00  
1.014e+00  5.489e-01  
5.954e-01  9.745e-01  
1.013e+00  6.138e-01  
6.749e-01  9.850e-01  
3.555e-01  1.004e+00  
2.737e-01  9.946e-01  
1.051e+00  2.439e-01  
1.009e+00  6.676e-01  
1.119e+00  1.567e-01  
1.011e+00  5.204e-01  
4.395e-01  1.101e+00  
6.749e-01  9.850e-01  
6.077e-01  9.783e-01  
1.166e-01  1.453e+00  
1.018e+00  4.301e-01  
1.906e-01  1.051e+00  
1.008e+00  2.313e-01  
1.026e+00  3.557e-01  
1.252e+00  8.813e-02  
3.657e-01  1.034e+00  
1.157e+00  1.683e-01  
1.157e+00  1.683e-01  
5.754e-01  9.716e-01  
1.130e+00  2.354e-01  
1.038e+00  2.471e-01  
3.088e-01  1.008e+00  
1.099e+00  2.335e-01  
2.554e-01  1.052e+00  
1.008e+00  4.037e-01  
1.009e+00  4.004e-01  
1.007e+00  4.802e-01  
1.052e+00  2.605e-01  
4.009e-01  1.108e+00  
1.009e+00  5.151e-01  
5.487e-01  9.906e-01  
7.739e-01  9.754e-01  
2.554e-01  1.052e+00  
2.130e-01  1.013e+00  
1.058e+00  2.191e-01  
1.014e+00  2.966e-01  
1.211e+00  1.690e-01  
1.010e+00  2.618e-01  
5.262e-01  9.826e-01  
7.356e-01  9.916e-01  
1.008e+00  3.869e-01  
5.754e-01  9.716e-01  
1.015e+00  5.633e-01  
2.367e-01  1.046e+00  
1.660e-01  1.162e+00  
7.116e-01  9.790e-01  
1.011e+00  5.204e-01  
3.555e-01  1.004e+00  
1.068e+00  3.170e-01  
1.135e+00  8.386e-02  
1.367e-01  1.185e+00  
1.157e+00  1.683e-01  
4.977e-01  1.014e+00  
7.116e-01  9.790e-01  
1.018e+00  4.301e-01  
5.396e-01  1.012e+00  
1.048e+00  5.478e-01  
1.367e-01  1.185e+00  
2.009e-01  1.028e+00  
1.008e+00  7.165e-01  
1.784e-01  1.051e+00  
1.007e+00  4.233e-01  
1.107e+00  1.624e-01  
1.367e-01  1.185e+00  
1.012e+00  3.471e-01  
1.023e+00  5.732e-01  
1.019e+00  3.212e-01  
5.954e-01  9.745e-01  
3.948e-01  1.062e+00  
4.747e-01  1.004e+00  
5.754e-01  9.716e-01  
4.174e-01  1.007e+00  
1.149e+00  1.422e-01  
2.976e-01  1.042e+00  
1.080e+00  1.615e-01  
1.166e-01  1.453e+00  
1.119e+00  1.567e-01  
1.219e+00  9.443e-02  
4.051e-01  1.017e+00  
1.180e+00  1.479e-01  
3.094e-01  1.061e+00  
1.026e+00  3.557e-01  
1.227e-01  1.192e+00  
1.108e+00  1.615e-01  
4.957e-01  9.832e-01  
1.213e+00  8.114e-02  
6.730e-01  9.834e-01  
1.180e+00  1.479e-01  
1.577e-01  1.038e+00  
3.088e-01  1.008e+00  
2.106e-01  1.123e+00  
1.172e+00  8.908e-02  
1.092e+00  1.876e-01  
1.213e+00  8.114e-02  
4.803e-01  1.027e+00  
1.086e+00  2.702e-01  
4.278e-01  1.014e+00  
1.367e-01  1.185e+00  
1.012e+00  3.926e-01  
1.022e+00  4.049e-01  
6.313e-01  9.780e-01  
5.754e-01  9.716e-01  
1.010e+00  8.675e-01  
4.051e-01  1.017e+00  
1.011e+00  5.204e-01  
2.577e-01  1.013e+00  
4.502e-01  1.034e+00  
5.963e-01  9.918e-01  
1.088e+00  2.830e-01  
5.877e-01  9.970e-01  
1.009e+00  6.676e-01  
4.278e-01  1.014e+00  
1.017e+00  4.833e-01  
2.106e-01  1.123e+00  
4.395e-01  1.101e+00  
1.011e+00  5.204e-01  
1.033e+00  3.968e-01  
1.007e+00  4.233e-01  
5.298e-01  1.021e+00  
1.010e+00  5.342e-01  
3.088e-01  1.008e+00  
8.546e-01  9.743e-01  
5.827e-01  1.030e+00  
7.356e-01  9.916e-01  
1.017e+00  4.758e-01  
1.161e+00  9.219e-02  
1.033e+00  3.968e-01  
1.017e+00  3.264e-01  
1.012e+00  4.707e-01  
1.262e-01  1.202e+00  
1.046e+00  6.307e-01  
1.538e-01  1.122e+00  
1.013e+00  6.138e-01  
2.009e-01  1.028e+00  
7.826e-01  9.953e-01  
2.367e-01  1.046e+00  
1.006e+00  5.084e-01  
1.026e+00  3.718e-01  
5.298e-01  1.021e+00  
6.473e-01  9.765e-01  
6.465e-01  9.738e-01  
1.116e+00  2.430e-01  
1.080e+00  1.615e-01  
3.094e-01  1.061e+00  
6.465e-01  9.738e-01  
1.033e+00  3.968e-01  
5.754e-01  9.716e-01  
1.011e+00  7.442e-01  
1.011e+00  3.819e-01  
1.017e+00  3.264e-01  
6.749e-01  9.850e-01  
1.185e+00  1.103e-01  
1.051e+00  2.439e-01  
7.826e-01  9.953e-01  
1.023e+00  5.732e-01  
6.628e-01  9.722e-01  
2.529e-01  1.053e+00  
1.011e+00  4.724e-01  
3.555e-01  1.004e+00  
1.021e+00  4.824e-01  
1.154e+00  1.689e-01  
5.797e-01  9.780e-01  
1.030e+00  2.847e-01  
1.007e+00  4.498e-01  
1.878e-01  1.174e+00  
1.157e+00  1.683e-01  
1.435e-01  1.135e+00  
1.161e+00  9.219e-02  
1.012e+00  3.381e-01  
1.018e+00  4.301e-01  
3.948e-01  1.062e+00  
1.015e+00  5.681e-01  
1.148e+00  8.243e-02  
1.068e+00  3.170e-01  
1.036e+00  2.991e-01  
1.026e+00  3.557e-01  
2.130e-01  1.013e+00  
3.227e-01  1.010e+00  
4.395e-01  1.101e+00  
2.106e-01  1.123e+00  
1.051e+00  2.439e-01  
1.216e+00  9.871e-02  
3.088e-01  1.008e+00  
1.651e-01  1.025e+00  
2.072e-01  1.032e+00  
3.005e-01  1.016e+00  
1.822e-01  1.120e+00  
1.020e+00  2.386e-01  
1.122e+00  1.639e-01  
1.192e-01  1.249e+00  
7.356e-01  9.916e-01  
1.038e+00  2.471e-01  
1.189e+00  1.433e-01  
6.292e-01  9.766e-01  
1.689e-01  1.024e+00  
1.519e-01  1.046e+00  
1.023e+00  5.732e-01  
1.227e-01  1.192e+00  
1.438e-01  1.123e+00  
1.162e+00  8.677e-02  
4.395e-01  1.101e+00  
1.100e+00  2.151e-01  
1.127e+00  2.567e-01  
4.572e-01  1.055e+00  
1.149e+00  1.422e-01  
4.977e-01  1.014e+00  
1.426e-01  1.176e+00  
1.107e+00  1.624e-01  
1.108e+00  1.604e-01  
1.757e-01  1.115e+00  
1.068e+00  3.170e-01  
1.080e+00  1.615e-01  
1.447e+00  7.794e-02  
1.167e+00  1.029e-01  
1.252e+00  8.813e-02  
2.661e-01  9.972e-01  
1.189e+00  1.433e-01  
1.088e+00  2.830e-01  
1.125e+00  2.808e-01  
1.080e+00  1.615e-01  
1.239e-01  1.288e+00  
1.011e+00  7.442e-01  
1.163e+00  1.235e-01  
1.102e+00  2.733e-01  
1.068e+00  3.170e-01  
1.538e-01  1.122e+00  
5.298e-01  1.021e+00  
1.822e-01  1.120e+00  
3.094e-01  1.061e+00  
1.010e+00  8.675e-01  
7.116e-01  9.790e-01  
6.077e-01  9.783e-01  
1.086e+00  2.850e-01  
1.695e-01  1.026e+00  
3.227e-01  1.010e+00  
1.011e+00  3.367e-01  
1.695e-01  1.026e+00  
2.327e-01  1.113e+00  
4.174e-01  1.007e+00  
1.090e+00  3.785e-01  
1.062e+00  4.582e-01  
4.051e-01  1.017e+00  
1.192e-01  1.249e+00  
1.123e+00  1.390e-01  
2.554e-01  1.052e+00  
1.166e-01  1.453e+00  
2.737e-01  9.946e-01  
1.018e+00  4.367e-01  
1.011e+00  7.442e-01  
1.784e-01  1.051e+00  
1.014e+00  4.038e-01  
1.017e+00  4.833e-01  
8.546e-01  9.743e-01  
6.533e-01  9.932e-01  
5.396e-01  1.012e+00  
1.007e+00  4.498e-01  
1.010e+00  8.675e-01  
1.367e-01  1.185e+00  
6.077e-01  9.783e-01  
1.008e+00  4.037e-01  
1.046e+00  6.307e-01  
7.356e-01  9.916e-01  
1.009e+00  4.871e-01  
1.538e-01  1.122e+00  
5.954e-01  9.745e-01  
1.015e+00  5.633e-01  
6.465e-01  9.738e-01  
2.737e-01  9.946e-01  
4.278e-01  1.014e+00  
1.010e+00  5.342e-01  
1.040e+00  2.858e-01  
2.850e-01  1.030e+00  
1.009e+00  4.871e-01  
1.023e+00  5.732e-01  
1.009e+00  4.054e-01  
5.166e-01  1.047e+00  
1.018e+00  4.301e-01  
1.018e+00  4.301e-01  
1.008e+00  4.037e-01  
4.538e-01  9.908e-01  
1.214e+00  9.899e-02  
5.375e-01  9.844e-01  
2.335e-01  9.951e-01  
1.107e+00  1.624e-01  
1.007e+00  4.233e-01  
1.051e+00  2.439e-01  
2.130e-01  1.013e+00  
1.009e+00  4.004e-01  
7.116e-01  9.790e-01  
6.473e-01  9.765e-01  
2.737e-01  9.946e-01  
4.762e-01  1.132e+00  
6.946e-01  9.853e-01  
1.009e+00  5.151e-01  
1.113e+00  1.817e-01  
6.465e-01  9.738e-01  
4.051e-01  1.017e+00  
1.014e+00  4.038e-01  
4.538e-01  9.908e-01  
1.011e+00  7.442e-01  
1.013e+00  3.856e-01  
4.762e-01  1.132e+00  
1.080e+00  1.615e-01  
3.193e-01  1.012e+00  
1.009e+00  3.907e-01  
3.948e-01  1.062e+00  
1.008e+00  4.349e-01  
1.011e+00  2.379e-01  
3.321e-01  1.103e+00  
3.649e-01  1.027e+00  
1.107e+00  1.624e-01  
6.631e-01  9.762e-01  
6.413e-01  9.725e-01  
1.033e+00  3.968e-01  
6.772e-01  9.701e-01  
7.130e-01  9.793e-01  
6.792e-01  9.957e-01  
2.327e-01  1.113e+00  
1.017e+00  3.264e-01  
1.006e+00  5.084e-01  
1.426e-01  1.176e+00  
7.356e-01  9.916e-01  
5.877e-01  9.970e-01  
1.086e+00  2.702e-01  
1.007e+00  4.802e-01  
1.015e+00  5.633e-01  
1.023e+00  5.732e-01  
5.954e-01  9.745e-01  
5.423e-01  9.817e-01  
4.538e-01  9.908e-01  
1.007e+00  4.498e-01  
1.036e+00  2.991e-01  
1.015e+00  5.633e-01  
1.051e+00  2.439e-01  
4.174e-01  1.007e+00  
1.189e+00  1.433e-01  
1.833e-01  1.070e+00  
1.007e+00  3.105e-01  
1.011e+00  5.204e-01  
5.877e-01  9.970e-01  
1.009e+00  3.907e-01  
2.009e-01  1.028e+00  
1.009e+00  6.676e-01  
4.938e-01  9.729e-01  
1.007e+00  4.802e-01  
1.167e+00  1.029e-01  
1.010e+00  2.618e-01  
1.010e+00  5.342e-01  
2.367e-01  1.046e+00  
1.166e-01  1.453e+00  
6.347e-01  9.888e-01  
1.031e+00  2.627e-01  
6.321e-01  9.701e-01  
1.092e+00  1.876e-01  
1.227e-01  1.192e+00  
1.252e+00  8.813e-02  
1.015e+00  5.633e-01  
4.977e-01  1.014e+00  
1.036e+00  2.991e-01  
1.438e-01  1.123e+00  
1.080e+00  1.615e-01  
1.092e+00  1.876e-01  
1.822e-01  1.120e+00  
6.260e-01  1.014e+00  
5.754e-01  9.716e-01  
5.954e-01  9.745e-01  
1.123e+00  1.390e-01  
1.015e+00  2.392e-01  
2.665e-01  1.062e+00  
1.036e+00  2.991e-01  
1.008e+00  3.000e-01  
6.347e-01  9.888e-01  
1.009e+00  4.871e-01  
4.889e-01  9.944e-01  
1.048e+00  5.478e-01  
1.009e+00  5.151e-01  
4.762e-01  1.132e+00  
1.019e+00  3.212e-01  
3.566e-01  1.010e+00  
1.189e+00  1.433e-01  
6.413e-01  9.725e-01  
1.015e+00  5.423e-01  
6.749e-01  9.850e-01  
2.327e-01  1.113e+00  
3.119e-01  1.018e+00  
1.008e+00  7.165e-01  
1.022e+00  4.049e-01  
1.012e+00  2.852e-01  
7.116e-01  9.790e-01  
1.018e+00  4.301e-01  
1.090e+00  3.785e-01  
1.660e-01  1.162e+00  
1.018e+00  3.022e-01  
1.180e+00  1.479e-01  
3.537e-01  1.060e+00  
2.327e-01  1.113e+00  
6.347e-01  9.888e-01  
7.356e-01  9.916e-01  
4.009e-01  1.108e+00  
3.241e-01  1.070e+00  
6.749e-01  9.850e-01  
3.005e-01  1.016e+00  
1.007e+00  4.802e-01  
1.012e+00  2.852e-01  
1.822e-01  1.120e+00  
1.088e+00  2.830e-01  
5.954e-01  9.745e-01  
1.833e-01  1.066e+00  
2.737e-01  9.946e-01  
1.019e+00  3.212e-01  
2.661e-01  9.972e-01  
1.651e-01  1.025e+00  
5.018e-01  1.032e+00  
1.163e+00  1.235e-01  
1.107e+00  1.986e-01  
4.395e-01  1.101e+00  
1.219e+00  9.443e-02  
1.015e+00  5.633e-01  
2.661e-01  9.972e-01  
1.107e+00  1.986e-01  
3.649e-01  1.027e+00  
1.524e-01  1.116e+00  
1.397e+00  8.187e-02  
3.814e-01  1.032e+00  
2.529e-01  1.053e+00  
1.040e+00  2.858e-01  
1.111e+00  1.316e-01  
1.019e+00  3.212e-01  
1.092e+00  1.876e-01  
1.214e+00  9.899e-02  
3.566e-01  1.010e+00  
2.652e-01  1.059e+00  
1.026e+00  3.557e-01  
1.022e+00  4.049e-01  
1.185e+00  1.103e-01  
1.017e+00  4.833e-01  
1.026e+00  3.557e-01  
1.067e+00  2.349e-01  
1.152e+00  1.032e-01  
1.186e+00  8.827e-02  
1.825e-01  1.087e+00  
2.106e-01  1.123e+00  
1.036e+00  2.991e-01  
2.327e-01  1.113e+00  
1.157e+00  1.683e-01  
4.747e-01  1.004e+00  
1.538e-01  1.122e+00  
6.413e-01  9.725e-01  
2.629e-01  1.069e+00  
3.657e-01  1.034e+00  
1.370e-01  1.190e+00  
1.108e+00  1.604e-01  
1.185e+00  1.103e-01  
1.162e+00  8.677e-02  
1.689e-01  1.024e+00  
1.166e-01  1.453e+00  
1.107e+00  1.624e-01  
2.106e-01  1.123e+00  
1.180e+00  1.479e-01  
1.219e+00  9.443e-02  
1.167e+00  1.029e-01  
1.426e-01  1.176e+00  
1.186e+00  8.827e-02  
1.227e-01  1.192e+00  
1.167e+00  1.029e-01  
1.149e+00  1.422e-01  
2.378e-01  9.473e-01  
1.088e+00  2.830e-01  
1.475e+00  8.088e-02  
2.327e-01  1.113e+00  
1.228e+00  1.044e-01  
1.180e+00  1.479e-01  
1.068e+00  3.170e-01  
1.426e-01  1.176e+00  
1.154e+00  1.689e-01  
1.107e+00  1.624e-01  
1.211e+00  9.288e-02  
1.189e+00  1.433e-01  
6.536e-01  9.889e-01  
2.130e-01  1.013e+00  
1.123e+00  1.390e-01  
1.426e-01  1.176e+00  
2.335e-01  9.951e-01  
1.759e-01  1.093e+00  
1.034e+00  3.665e-01  
1.108e+00  1.604e-01  
2.327e-01  1.113e+00  
1.175e+00  2.925e-01  
1.186e+00  8.827e-02  
4.977e-01  1.014e+00  
5.298e-01  1.021e+00  
5.877e-01  9.970e-01  
1.013e+00  6.138e-01  
1.080e+00  1.615e-01  
1.221e-01  1.201e+00  
4.278e-01  1.014e+00  
1.111e+00  1.316e-01  
1.080e+00  1.615e-01  
1.784e-01  1.051e+00  
1.167e+00  1.109e-01  
1.009e+00  3.122e-01  
6.749e-01  9.850e-01  
1.330e+00  7.413e-02  
1.030e+00  2.847e-01  
1.019e+00  3.212e-01  
5.487e-01  9.906e-01  
4.747e-01  1.004e+00  
2.554e-01  1.052e+00  
1.538e-01  1.122e+00  
3.566e-01  1.010e+00  
4.278e-01  1.014e+00  
1.011e+00  7.442e-01  
1.013e+00  3.856e-01  
6.730e-01  9.834e-01  
1.080e+00  1.615e-01  
6.077e-01  9.783e-01  
1.018e+00  4.367e-01  
1.214e+00  9.899e-02  
2.378e-01  9.473e-01  
1.175e+00  2.925e-01  
6.347e-01  9.888e-01  
6.395e-01  9.808e-01  
1.151e+00  8.922e-02  
6.730e-01  9.834e-01  
3.374e-01  1.028e+00  
5.972e-01  1.008e+00  
6.347e-01  9.888e-01  
1.033e+00  3.968e-01  
3.104e-01  1.043e+00  
6.413e-01  9.725e-01  
1.252e+00  8.813e-02  
1.023e+00  2.301e-01  
4.762e-01  1.132e+00  
1.186e+00  8.827e-02  
2.327e-01  1.113e+00  
1.007e+00  3.729e-01  
6.321e-01  9.701e-01  
2.577e-01  1.013e+00  
1.033e+00  3.968e-01  
1.123e+00  1.390e-01  
1.147e+00  1.224e-01  
1.015e+00  5.681e-01  
1.642e-01  1.047e+00  
1.009e+00  5.677e-01  
5.375e-01  9.844e-01  
1.196e-01  1.139e+00  
2.327e-01  1.113e+00  
1.007e+00  4.498e-01  
1.068e+00  3.170e-01  
1.046e+00  6.307e-01  
1.227e-01  1.192e+00  
1.192e-01  1.249e+00  
1.009e+00  6.676e-01  
1.009e+00  3.122e-01  
1.014e+00  4.038e-01  
2.588e-01  1.034e+00  
1.009e+00  4.004e-01  
