6.569e-02  1.036e+00  
1.034e+00  5.633e-02  
6.738e-01  6.792e-01  
9.135e-01  3.331e-01  
3.903e-02  1.052e+00  
7.652e-01  5.583e-01  
8.754e-02  1.040e+00  
5.262e-01  8.583e-01  
1.016e+00  8.094e-02  
1.026e+00  7.592e-02  
8.310e-02  1.043e+00  
6.958e-01  6.131e-01  
8.513e-01  3.922e-01  
4.269e-01  9.198e-01  
6.017e-01  7.768e-01  
1.002e+00  1.630e-01  
2.147e-01  1.027e+00  
2.131e-01  1.026e+00  
8.454e-01  4.065e-01  
1.002e+00  1.630e-01  
4.430e-01  9.160e-01  
6.958e-01  6.131e-01  
6.735e-01  6.958e-01  
1.019e+00  9.667e-02  
7.940e-01  5.469e-01  
1.038e+00  6.031e-02  
3.529e-01  9.454e-01  
7.394e-02  1.037e+00  
5.600e-01  7.956e-01  
6.576e-02  1.035e+00  
8.750e-01  3.605e-01  
9.504e-01  2.947e-01  
4.569e-02  1.034e+00  
1.011e+00  9.911e-02  
1.031e+00  6.546e-02  
4.913e-02  1.039e+00  
4.430e-01  9.160e-01  
4.939e-02  1.034e+00  
4.792e-02  1.035e+00  
8.546e-01  4.342e-01  
6.748e-01  7.144e-01  
7.981e-01  5.479e-01  
5.368e-01  8.017e-01  
3.745e-01  9.282e-01  
5.049e-02  1.035e+00  
9.070e-01  3.167e-01  
7.642e-01  5.637e-01  
1.031e+00  5.696e-02  
7.356e-01  5.714e-01  
2.230e-01  1.011e+00  
6.735e-01  6.985e-01  
5.129e-01  8.311e-01  
6.549e-02  1.036e+00  
8.524e-01  4.110e-01  
5.882e-02  1.035e+00  
6.799e-01  6.521e-01  
8.580e-01  3.776e-01  
1.036e+00  7.214e-02  
4.871e-02  1.036e+00  
1.032e+00  5.512e-02  
1.004e+00  1.440e-01  
5.464e-01  7.832e-01  
1.003e+00  1.663e-01  
9.386e-01  3.036e-01  
3.193e-02  1.035e+00  
1.003e+00  1.621e-01  
5.681e-02  1.038e+00  
8.965e-01  3.449e-01  
6.868e-01  6.274e-01  
7.254e-01  5.793e-01  
1.071e+00  1.233e-01  
3.348e-02  1.034e+00  
8.524e-01  4.110e-01  
5.262e-01  8.583e-01  
6.735e-01  6.958e-01  
3.193e-02  1.035e+00  
4.939e-02  1.034e+00  
1.004e+00  2.445e-01  
8.881e-01  3.654e-01  
1.027e+00  7.372e-02  
8.568e-01  3.803e-01  
4.672e-01  9.156e-01  
6.735e-01  6.958e-01  
7.981e-01  5.479e-01  
5.932e-01  7.796e-01  
8.418e-01  5.380e-01  
2.244e-01  1.026e+00  
5.034e-02  1.036e+00  
5.408e-01  7.976e-01  
7.680e-01  5.583e-01  
3.709e-01  9.324e-01  
9.135e-01  3.331e-01  
1.037e+00  5.262e-02  
6.124e-02  1.037e+00  
1.007e+00  1.209e-01  
4.010e-01  9.167e-01  
7.535e-01  5.740e-01  
8.652e-01  3.915e-01  
4.063e-01  9.243e-01  
7.356e-01  5.714e-01  
4.913e-02  1.039e+00  
3.554e-02  1.035e+00  
7.090e-01  5.951e-01  
6.040e-02  1.036e+00  
8.513e-01  3.922e-01  
1.001e+00  1.815e-01  
4.678e-02  1.034e+00  
6.791e-01  6.669e-01  
8.786e-01  3.515e-01  
1.016e+00  8.187e-02  
5.932e-01  7.796e-01  
2.687e-01  1.011e+00  
4.421e-01  9.157e-01  
5.685e-01  7.884e-01  
3.520e-01  9.634e-01  
1.031e+00  5.425e-02  
3.348e-02  1.034e+00  
1.003e+00  2.180e-01  
5.882e-02  1.035e+00  
1.006e+00  1.349e-01  
1.034e+00  5.241e-02  
2.662e-01  1.012e+00  
1.031e+00  6.546e-02  
2.400e-01  1.010e+00  
1.071e+00  1.233e-01  
6.124e-02  1.037e+00  
1.009e+00  1.176e-01  
5.368e-01  8.017e-01  
1.034e+00  5.241e-02  
5.262e-01  8.583e-01  
1.007e+00  1.209e-01  
6.576e-02  1.035e+00  
6.040e-02  1.036e+00  
5.882e-02  1.035e+00  
1.037e+00  5.705e-02  
1.007e+00  1.413e-01  
1.035e+00  5.759e-02  
4.010e-01  9.167e-01  
1.003e+00  2.134e-01  
2.662e-01  1.012e+00  
5.200e-02  1.036e+00  
8.564e-01  4.140e-01  
8.786e-01  3.515e-01  
5.262e-01  8.583e-01  
6.017e-01  7.768e-01  
6.791e-01  6.669e-01  
6.601e-02  1.034e+00  
7.940e-01  5.469e-01  
6.040e-02  1.036e+00  
3.882e-01  9.236e-01  
5.052e-01  8.964e-01  
1.004e+00  2.445e-01  
5.600e-01  7.956e-01  
6.804e-01  6.432e-01  
2.230e-01  1.011e+00  
8.564e-01  4.140e-01  
2.279e-01  1.021e+00  
3.827e-01  9.334e-01  
7.356e-01  5.714e-01  
8.568e-01  3.803e-01  
8.652e-01  3.691e-01  
4.672e-01  9.156e-01  
8.881e-01  3.654e-01  
5.049e-02  1.035e+00  
6.799e-01  6.521e-01  
5.349e-01  8.328e-01  
6.181e-01  7.742e-01  
7.846e-01  5.482e-01  
1.036e+00  7.214e-02  
7.652e-01  5.583e-01  
6.799e-01  6.521e-01  
8.564e-01  4.140e-01  
6.569e-02  1.036e+00  
7.254e-01  5.793e-01  
6.124e-02  1.037e+00  
8.411e-01  5.403e-01  
5.079e-02  1.035e+00  
6.746e-01  6.855e-01  
4.792e-02  1.035e+00  
7.254e-01  5.793e-01  
8.786e-01  3.515e-01  
4.103e-01  9.235e-01  
6.735e-01  6.985e-01  
6.002e-01  7.738e-01  
1.016e+00  8.094e-02  
1.004e+00  2.445e-01  
3.348e-02  1.034e+00  
6.181e-01  7.742e-01  
7.652e-01  5.583e-01  
5.608e-01  7.776e-01  
7.191e-01  5.870e-01  
6.986e-01  6.003e-01  
6.868e-01  6.339e-01  
6.746e-01  6.855e-01  
1.021e+00  7.851e-02  
9.497e-01  2.977e-01  
5.729e-01  7.813e-01  
8.616e-01  3.901e-01  
5.368e-01  8.017e-01  
3.193e-02  1.035e+00  
8.579e-01  5.364e-01  
3.779e-01  9.354e-01  
6.958e-01  6.131e-01  
1.031e+00  5.425e-02  
4.367e-01  9.149e-01  
8.580e-01  3.776e-01  
7.373e-01  5.738e-01  
4.851e-02  1.036e+00  
1.016e+00  8.094e-02  
4.913e-02  1.039e+00  
1.019e+00  8.535e-02  
8.606e-01  3.820e-01  
8.641e-01  3.934e-01  
2.662e-01  1.012e+00  
6.835e-01  6.399e-01  
1.017e+00  8.839e-02  
1.015e+00  1.718e-01  
9.046e-01  3.264e-01  
9.250e-01  3.147e-01  
5.681e-02  1.038e+00  
4.871e-02  1.036e+00  
2.662e-01  1.012e+00  
3.348e-02  1.034e+00  
8.786e-01  3.515e-01  
1.034e+00  5.241e-02  
4.442e-02  1.038e+00  
4.442e-02  1.038e+00  
2.279e-01  1.021e+00  
3.529e-01  9.454e-01  
4.913e-02  1.039e+00  
1.016e+00  8.187e-02  
1.033e+00  7.610e-02  
6.280e-02  1.035e+00  
5.476e-01  8.009e-01  
1.022e+00  2.788e-01  
1.016e+00  8.187e-02  
5.262e-01  8.583e-01  
4.913e-02  1.039e+00  
5.882e-02  1.035e+00  
8.513e-01  3.922e-01  
5.681e-02  1.038e+00  
5.882e-02  1.035e+00  
1.043e+00  6.242e-02  
3.348e-02  1.034e+00  
1.006e+00  1.219e-01  
1.003e+00  1.621e-01  
3.709e-01  9.324e-01  
1.030e+00  6.814e-02  
3.900e-01  9.208e-01  
8.310e-02  1.043e+00  
1.011e+00  9.911e-02  
1.003e+00  1.558e-01  
5.681e-02  1.038e+00  
1.022e+00  2.788e-01  
1.033e+00  7.610e-02  
1.033e+00  5.138e-02  
1.036e+00  7.214e-02  
1.036e+00  5.311e-02  
4.367e-01  9.149e-01  
1.031e+00  5.696e-02  
9.135e-01  3.331e-01  
1.009e+00  1.703e-01  
1.016e+00  8.094e-02  
4.601e-02  1.034e+00  
6.735e-01  6.958e-01  
1.016e+00  8.094e-02  
1.003e+00  2.134e-01  
1.011e+00  1.007e-01  
6.549e-02  1.036e+00  
4.430e-01  9.160e-01  
4.913e-02  1.039e+00  
4.946e-02  1.034e+00  
6.804e-01  6.432e-01  
5.383e-01  8.048e-01  
5.129e-01  8.311e-01  
1.003e+00  1.621e-01  
4.939e-02  1.034e+00  
2.653e-01  1.012e+00  
8.884e-01  3.401e-01  
4.872e-02  1.034e+00  
4.606e-02  1.036e+00  
3.529e-01  9.454e-01  
8.606e-01  3.820e-01  
8.899e-01  3.380e-01  
4.569e-02  1.034e+00  
5.681e-02  1.038e+00  
1.003e+00  1.621e-01  
6.040e-02  1.036e+00  
7.035e-02  1.037e+00  
3.193e-02  1.035e+00  
8.546e-01  4.342e-01  
7.095e-01  5.938e-01  
5.983e-02  1.034e+00  
9.412e-01  3.148e-01  
8.443e-01  4.039e-01  
6.017e-01  7.768e-01  
6.738e-01  6.792e-01  
3.882e-01  9.236e-01  
8.568e-01  3.803e-01  
6.746e-01  6.855e-01  
6.973e-02  1.037e+00  
7.535e-01  5.740e-01  
8.579e-01  3.797e-01  
7.230e-01  5.784e-01  
6.718e-01  7.467e-01  
7.068e-01  5.962e-01  
6.549e-02  1.036e+00  
7.535e-01  5.740e-01  
7.940e-01  5.469e-01  
6.764e-01  6.669e-01  
4.458e-02  1.034e+00  
3.464e-01  9.733e-01  
7.068e-01  5.962e-01  
1.016e+00  8.187e-02  
4.458e-02  1.034e+00  
7.095e-01  5.938e-01  
8.881e-01  3.654e-01  
8.440e-01  4.021e-01  
3.464e-01  9.733e-01  
8.411e-01  5.403e-01  
8.579e-01  5.364e-01  
8.427e-01  4.221e-01  
4.430e-01  9.160e-01  
1.003e+00  1.621e-01  
5.114e-01  8.588e-01  
6.040e-02  1.036e+00  
1.007e+00  1.209e-01  
8.606e-01  3.820e-01  
8.965e-01  3.449e-01  
4.606e-02  1.036e+00  
6.958e-01  6.131e-01  
6.748e-01  7.144e-01  
6.804e-01  6.432e-01  
4.384e-02  1.034e+00  
3.827e-01  9.334e-01  
5.729e-01  7.813e-01  
6.986e-01  6.003e-01  
1.007e+00  1.413e-01  
6.181e-01  7.742e-01  
4.871e-02  1.036e+00  
8.881e-01  3.654e-01  
3.520e-01  9.634e-01  
7.563e-01  5.706e-01  
8.524e-01  4.110e-01  
3.709e-01  9.324e-01  
1.006e+00  1.219e-01  
2.131e-01  1.026e+00  
7.981e-01  5.479e-01  
4.375e-02  1.051e+00  
6.835e-01  6.399e-01  
7.356e-01  5.714e-01  
2.279e-01  1.021e+00  
4.946e-02  1.034e+00  
1.016e+00  8.082e-02  
5.611e-01  7.893e-01  
5.616e-01  7.828e-01  
8.674e-01  3.746e-01  
5.368e-01  8.017e-01  
5.464e-01  7.832e-01  
6.735e-01  6.985e-01  
4.606e-02  1.036e+00  
6.791e-01  6.669e-01  
6.846e-01  6.437e-01  
6.175e-02  1.035e+00  
6.002e-01  7.738e-01  
5.262e-01  8.583e-01  
1.003e+00  1.663e-01  
8.546e-01  4.342e-01  
8.568e-01  3.803e-01  
8.881e-01  3.654e-01  
5.611e-01  7.893e-01  
5.052e-01  8.964e-01  
3.882e-01  9.236e-01  
7.523e-01  5.621e-01  
8.742e-01  3.557e-01  
7.680e-01  5.583e-01  
1.004e+00  2.445e-01  
3.419e-01  9.662e-01  
1.026e+00  7.592e-02  
4.712e-02  1.034e+00  
8.524e-01  4.110e-01  
7.680e-01  5.583e-01  
5.220e-01  8.160e-01  
7.254e-01  5.793e-01  
4.458e-02  1.034e+00  
7.224e-01  5.924e-01  
5.608e-01  7.876e-01  
6.835e-01  6.399e-01  
1.019e+00  8.535e-02  
9.019e-01  3.264e-01  
8.733e-01  5.290e-01  
2.244e-01  1.026e+00  
6.708e-02  1.035e+00  
5.072e-01  9.191e-01  
1.031e+00  5.425e-02  
6.017e-01  7.768e-01  
1.007e+00  2.183e-01  
6.973e-02  1.037e+00  
1.036e+00  5.734e-02  
7.400e-01  5.687e-01  
4.355e-01  9.260e-01  
1.071e+00  1.233e-01  
4.792e-02  1.037e+00  
1.004e+00  1.475e-01  
1.003e+00  1.621e-01  
4.419e-02  1.037e+00  
4.672e-01  9.156e-01  
5.932e-01  7.796e-01  
6.735e-01  6.985e-01  
1.007e+00  1.209e-01  
1.004e+00  2.445e-01  
2.662e-01  1.012e+00  
1.009e+00  1.703e-01  
9.373e-01  3.129e-01  
5.170e-01  8.156e-01  
6.946e-01  6.171e-01  
5.072e-01  9.191e-01  
6.835e-01  6.399e-01  
7.739e-01  5.569e-01  
5.071e-02  1.044e+00  
1.071e+00  1.233e-01  
4.871e-02  1.036e+00  
1.009e+00  1.176e-01  
5.386e-01  8.163e-01  
6.880e-01  6.223e-01  
5.932e-01  7.796e-01  
5.079e-02  1.035e+00  
2.662e-01  1.012e+00  
7.373e-01  5.738e-01  
8.568e-01  3.803e-01  
9.070e-01  3.167e-01  
5.685e-01  7.884e-01  
8.881e-01  3.654e-01  
8.513e-01  3.922e-01  
4.399e-02  1.034e+00  
9.063e-01  3.313e-01  
1.019e+00  8.535e-02  
4.871e-02  1.036e+00  
4.458e-02  1.034e+00  
5.349e-01  8.328e-01  
6.716e-01  6.910e-01  
2.397e-01  1.011e+00  
2.230e-01  1.011e+00  
5.223e-01  8.078e-01  
3.882e-01  9.236e-01  
7.254e-01  5.793e-01  
9.135e-01  3.331e-01  
6.040e-02  1.036e+00  
1.019e+00  9.667e-02  
6.735e-01  6.958e-01  
4.752e-02  1.038e+00  
4.442e-02  1.038e+00  
9.386e-01  3.036e-01  
3.882e-01  9.236e-01  
4.792e-02  1.035e+00  
4.430e-01  9.160e-01  
1.022e+00  7.465e-02  
1.006e+00  1.318e-01  
4.269e-01  9.198e-01  
1.036e+00  7.214e-02  
7.846e-01  5.482e-01  
3.610e-01  9.545e-01  
1.011e+00  9.911e-02  
2.230e-01  1.011e+00  
6.057e-02  1.034e+00  
1.034e+00  5.241e-02  
3.348e-02  1.034e+00  
4.661e-02  1.034e+00  
1.016e+00  8.082e-02  
1.017e+00  8.839e-02  
8.947e-01  3.408e-01  
1.002e+00  1.630e-01  
1.026e+00  7.592e-02  
4.907e-02  1.035e+00  
2.153e-01  1.028e+00  
9.135e-01  3.331e-01  
8.631e-01  3.997e-01  
1.034e+00  5.241e-02  
7.981e-01  5.479e-01  
9.140e-01  3.334e-01  
1.001e+00  1.815e-01  
1.027e+00  7.372e-02  
1.032e+00  6.623e-02  
5.183e-02  1.034e+00  
4.503e-02  1.034e+00  
1.022e+00  2.788e-01  
4.939e-02  1.034e+00  
1.003e+00  1.663e-01  
4.010e-01  9.167e-01  
6.124e-02  1.037e+00  
5.221e-01  8.386e-01  
4.872e-02  1.034e+00  
2.400e-01  1.010e+00  
6.549e-02  1.036e+00  
1.011e+00  9.911e-02  
1.019e+00  8.535e-02  
1.038e+00  6.031e-02  
6.576e-02  1.035e+00  
5.228e-02  1.035e+00  
1.011e+00  9.911e-02  
5.882e-02  1.035e+00  
1.036e+00  7.214e-02  
1.038e+00  6.031e-02  
1.033e+00  7.610e-02  
5.034e-02  1.036e+00  
1.031e+00  5.696e-02  
5.742e-02  1.035e+00  
1.032e+00  6.623e-02  
1.032e+00  6.623e-02  
2.244e-01  1.026e+00  
1.016e+00  8.187e-02  
1.037e+00  5.494e-02  
5.079e-02  1.035e+00  
1.034e+00  5.241e-02  
1.017e+00  8.839e-02  
1.003e+00  2.134e-01  
4.645e-02  1.036e+00  
1.006e+00  1.536e-01  
1.032e+00  6.623e-02  
1.037e+00  5.262e-02  
1.027e+00  7.372e-02  
5.182e-01  8.216e-01  
4.712e-02  1.034e+00  
1.036e+00  7.214e-02  
4.923e-02  1.034e+00  
4.712e-02  1.034e+00  
8.310e-02  1.043e+00  
9.063e-01  3.313e-01  
1.003e+00  1.663e-01  
4.458e-02  1.034e+00  
1.016e+00  8.094e-02  
1.031e+00  6.546e-02  
3.529e-01  9.454e-01  
3.745e-01  9.282e-01  
5.129e-01  8.311e-01  
7.642e-01  5.637e-01  
1.006e+00  1.277e-01  
6.124e-02  1.037e+00  
2.377e-01  1.009e+00  
1.026e+00  7.592e-02  
1.016e+00  8.187e-02  
6.040e-02  1.036e+00  
1.038e+00  6.031e-02  
6.946e-01  6.171e-01  
5.932e-01  7.796e-01  
1.039e+00  5.895e-02  
1.071e+00  1.233e-01  
1.002e+00  2.262e-01  
5.221e-01  8.386e-01  
3.882e-01  9.236e-01  
5.006e-02  1.035e+00  
6.280e-02  1.035e+00  
2.397e-01  1.011e+00  
5.549e-02  1.035e+00  
6.986e-01  6.003e-01  
7.356e-01  5.714e-01  
6.804e-01  6.432e-01  
1.003e+00  1.663e-01  
5.368e-01  8.017e-01  
7.596e-01  5.561e-01  
1.003e+00  1.558e-01  
4.792e-02  1.035e+00  
1.002e+00  1.630e-01  
5.221e-01  8.386e-01  
5.114e-01  8.588e-01  
1.021e+00  7.488e-02  
5.932e-01  7.796e-01  
3.193e-02  1.035e+00  
4.010e-01  9.167e-01  
5.114e-01  8.588e-01  
8.568e-01  3.803e-01  
2.131e-01  1.026e+00  
6.002e-01  7.738e-01  
1.037e+00  5.262e-02  
1.003e+00  1.558e-01  
3.610e-01  9.545e-01  
1.037e+00  5.494e-02  
3.193e-02  1.035e+00  
8.411e-01  5.403e-01  
6.835e-01  6.399e-01  
4.939e-02  1.034e+00  
8.524e-01  4.110e-01  
1.027e+00  7.948e-02  
1.025e+00  7.101e-02  
6.799e-01  6.521e-01  
6.769e-02  1.036e+00  
6.846e-01  6.437e-01  
4.430e-01  9.160e-01  
4.923e-02  1.034e+00  
6.040e-02  1.036e+00  
7.356e-01  5.714e-01  
9.386e-01  3.036e-01  
8.480e-01  5.136e-01  
6.280e-02  1.035e+00  
5.112e-02  1.036e+00  
6.958e-01  6.131e-01  
6.835e-01  6.399e-01  
9.070e-01  3.167e-01  
2.153e-01  1.028e+00  
6.804e-01  6.432e-01  
