2.024e-02  1.104e+00  
8.504e-01  1.135e-01  
3.771e-01  4.861e-01  
6.112e-01  2.805e-01  
1.816e-01  6.029e-01  
5.215e-01  3.791e-01  
1.278e-01  7.516e-01  
2.918e-01  5.415e-01  
7.930e-01  1.669e-01  
8.486e-01  1.271e-01  
5.268e-02  8.450e-01  
4.693e-01  4.122e-01  
4.898e-01  3.202e-01  
1.998e-01  6.344e-01  
3.124e-01  5.107e-01  
7.908e-01  2.291e-01  
1.539e-01  6.511e-01  
1.283e-01  7.284e-01  
4.765e-01  3.388e-01  
7.953e-01  1.533e-01  
2.538e-01  5.490e-01  
4.339e-01  4.527e-01  
2.977e-01  4.902e-01  
8.169e-01  1.765e-01  
4.761e-01  3.773e-01  
8.502e-01  1.260e-01  
2.017e-01  6.358e-01  
2.230e-02  9.471e-01  
3.124e-01  5.107e-01  
3.754e-02  9.155e-01  
5.429e-01  3.328e-01  
6.618e-01  2.707e-01  
1.644e-01  6.488e-01  
6.626e-01  2.675e-01  
8.486e-01  1.271e-01  
3.601e-02  9.380e-01  
2.219e-01  5.591e-01  
9.257e-02  7.986e-01  
6.255e-02  8.368e-01  
4.765e-01  3.388e-01  
2.942e-01  4.917e-01  
4.630e-01  3.618e-01  
2.691e-01  5.240e-01  
1.698e-01  6.096e-01  
1.450e-01  7.357e-01  
5.705e-01  2.872e-01  
4.529e-01  3.676e-01  
8.230e-01  1.533e-01  
4.693e-01  4.122e-01  
1.945e-01  6.127e-01  
3.915e-01  4.804e-01  
2.596e-01  5.291e-01  
1.428e-02  1.038e+00  
5.229e-01  3.347e-01  
5.776e-02  8.142e-01  
3.995e-01  4.524e-01  
4.898e-01  3.202e-01  
8.769e-01  1.192e-01  
1.502e-01  6.523e-01  
8.226e-01  1.587e-01  
7.896e-01  2.022e-01  
2.843e-01  5.398e-01  
7.960e-01  2.153e-01  
6.208e-01  2.787e-01  
1.497e-01  6.631e-01  
8.000e-01  2.031e-01  
6.233e-02  8.390e-01  
5.933e-01  2.755e-01  
3.995e-01  4.524e-01  
4.375e-01  4.196e-01  
6.798e-01  2.728e-01  
1.729e-01  6.207e-01  
5.128e-01  3.538e-01  
3.106e-01  5.150e-01  
3.844e-01  4.782e-01  
1.177e-01  7.559e-01  
7.027e-02  8.506e-01  
6.798e-01  2.728e-01  
5.014e-01  3.682e-01  
8.161e-01  1.334e-01  
4.931e-01  3.552e-01  
2.482e-01  5.420e-01  
3.124e-01  5.107e-01  
4.421e-01  3.994e-01  
2.843e-01  5.398e-01  
4.529e-01  3.676e-01  
1.472e-01  7.273e-01  
5.381e-02  9.663e-01  
3.106e-01  5.150e-01  
4.421e-01  3.994e-01  
1.839e-01  6.065e-01  
5.933e-01  2.755e-01  
8.769e-01  1.192e-01  
4.457e-02  8.903e-01  
8.033e-01  1.540e-01  
2.169e-01  5.762e-01  
3.771e-01  4.861e-01  
4.898e-01  3.202e-01  
2.433e-01  5.952e-01  
3.996e-01  4.234e-01  
5.066e-02  8.921e-01  
1.008e-01  7.394e-01  
4.514e-01  4.347e-01  
5.268e-02  8.450e-01  
5.248e-01  3.262e-01  
7.900e-01  2.185e-01  
2.752e-02  1.120e+00  
3.890e-01  4.670e-01  
5.561e-01  3.042e-01  
6.321e-01  2.704e-01  
2.843e-01  5.398e-01  
1.528e-01  6.424e-01  
2.595e-01  5.301e-01  
2.874e-01  5.124e-01  
2.008e-01  6.040e-01  
7.964e-01  1.531e-01  
1.562e-01  7.194e-01  
7.960e-01  2.153e-01  
5.381e-02  9.663e-01  
7.909e-01  1.896e-01  
9.132e-01  1.073e-01  
1.936e-01  6.350e-01  
8.920e-01  1.234e-01  
1.487e-01  6.533e-01  
5.962e-01  2.723e-01  
2.024e-02  1.104e+00  
8.271e-01  1.265e-01  
2.787e-01  5.123e-01  
9.904e-01  1.176e-01  
3.106e-01  5.150e-01  
8.024e-01  1.514e-01  
1.177e-01  7.746e-01  
1.472e-01  7.273e-01  
5.776e-02  8.102e-01  
9.417e-01  1.059e-01  
8.169e-01  1.765e-01  
8.235e-01  1.236e-01  
2.169e-01  5.762e-01  
6.798e-01  2.728e-01  
1.874e-01  6.285e-01  
7.886e-02  8.396e-01  
4.765e-01  3.388e-01  
6.112e-01  2.805e-01  
2.596e-01  5.291e-01  
2.855e-01  4.927e-01  
3.879e-01  4.782e-01  
1.991e-01  5.930e-01  
4.630e-01  3.618e-01  
5.776e-02  8.102e-01  
1.955e-01  5.943e-01  
2.596e-01  5.291e-01  
7.271e-01  2.730e-01  
2.642e-01  5.200e-01  
4.201e-01  4.412e-01  
1.676e-01  7.041e-01  
5.229e-01  3.347e-01  
1.278e-01  7.516e-01  
1.874e-01  6.285e-01  
4.105e-01  4.013e-01  
4.761e-01  3.773e-01  
5.248e-01  3.262e-01  
2.169e-01  5.762e-01  
5.059e-01  3.216e-01  
1.377e-01  7.197e-01  
3.253e-01  5.003e-01  
2.723e-01  5.207e-01  
3.253e-01  5.003e-01  
4.421e-01  3.994e-01  
8.470e-01  1.143e-01  
4.761e-01  3.773e-01  
3.936e-01  4.596e-01  
5.248e-01  3.262e-01  
1.628e-02  1.146e+00  
4.544e-01  4.120e-01  
5.381e-02  9.663e-01  
5.014e-01  3.682e-01  
1.008e-01  7.394e-01  
3.043e-01  4.684e-01  
1.133e-01  8.793e-01  
4.514e-01  4.347e-01  
5.654e-01  2.778e-01  
1.725e-01  6.541e-01  
3.273e-01  4.976e-01  
2.977e-01  4.902e-01  
7.930e-01  1.669e-01  
7.908e-01  2.291e-01  
1.945e-01  6.127e-01  
3.253e-01  5.003e-01  
4.693e-01  4.122e-01  
2.855e-01  4.927e-01  
4.339e-01  4.527e-01  
4.761e-01  3.773e-01  
3.462e-01  4.623e-01  
3.462e-01  4.623e-01  
8.276e-01  1.171e-01  
6.452e-01  2.685e-01  
2.787e-01  5.123e-01  
5.660e-01  2.880e-01  
2.855e-01  4.927e-01  
9.257e-02  7.986e-01  
4.630e-01  3.618e-01  
2.306e-01  5.934e-01  
4.090e-01  4.468e-01  
8.034e-01  1.540e-01  
2.526e-01  5.463e-01  
5.429e-01  3.328e-01  
4.172e-01  3.968e-01  
7.886e-02  8.396e-01  
7.908e-01  2.291e-01  
2.230e-02  9.471e-01  
8.128e-01  1.430e-01  
5.059e-01  3.216e-01  
5.178e-01  3.268e-01  
1.676e-01  7.041e-01  
4.053e-01  4.591e-01  
8.920e-01  1.234e-01  
6.618e-01  2.707e-01  
5.903e-01  2.861e-01  
6.220e-01  2.798e-01  
8.862e-02  8.195e-01  
1.611e-01  7.338e-01  
1.487e-01  6.533e-01  
1.729e-01  6.207e-01  
5.705e-01  2.872e-01  
8.634e-01  1.447e-01  
1.502e-01  6.523e-01  
1.472e-01  7.273e-01  
1.502e-01  6.523e-01  
2.723e-01  5.207e-01  
6.255e-02  8.368e-01  
7.895e-01  2.022e-01  
8.014e-01  1.821e-01  
1.019e-02  1.180e+00  
2.839e-01  5.168e-01  
5.429e-01  3.328e-01  
6.112e-01  2.805e-01  
2.596e-01  5.291e-01  
5.268e-02  8.450e-01  
9.244e-02  7.539e-01  
5.321e-01  3.317e-01  
2.024e-02  1.104e+00  
4.911e-02  8.770e-01  
8.128e-01  1.430e-01  
1.377e-01  7.197e-01  
8.000e-01  2.031e-01  
7.960e-01  2.153e-01  
1.818e-01  6.029e-01  
8.033e-01  1.540e-01  
2.322e-01  5.869e-01  
1.428e-02  1.038e+00  
7.965e-01  2.132e-01  
8.119e-01  1.908e-01  
4.810e-02  9.045e-01  
6.310e-01  2.706e-01  
8.002e-01  1.547e-01  
1.029e+00  1.008e-01  
8.504e-01  1.135e-01  
8.486e-01  1.271e-01  
2.477e-01  5.366e-01  
8.504e-01  1.135e-01  
6.501e-01  2.743e-01  
6.618e-01  2.707e-01  
7.953e-01  1.533e-01  
2.024e-02  1.104e+00  
3.996e-01  4.234e-01  
8.014e-01  1.821e-01  
7.876e-01  2.130e-01  
6.452e-01  2.685e-01  
4.179e-02  9.140e-01  
2.477e-01  5.366e-01  
4.810e-02  9.045e-01  
1.698e-01  6.096e-01  
3.996e-01  4.234e-01  
3.106e-01  5.150e-01  
2.691e-01  5.240e-01  
7.960e-01  2.153e-01  
9.822e-02  8.108e-01  
1.698e-01  6.096e-01  
6.008e-01  2.813e-01  
7.886e-02  8.396e-01  
8.862e-02  8.195e-01  
1.998e-01  6.344e-01  
5.178e-01  3.268e-01  
6.451e-01  2.770e-01  
1.729e-01  6.207e-01  
7.104e-03  1.146e+00  
7.953e-01  1.533e-01  
1.278e-01  7.516e-01  
4.179e-02  9.140e-01  
1.450e-01  7.357e-01  
4.722e-01  3.666e-01  
3.904e-01  4.301e-01  
3.754e-02  9.155e-01  
5.167e-01  3.256e-01  
5.248e-01  3.262e-01  
2.880e-01  5.014e-01  
3.462e-01  4.623e-01  
1.936e-01  6.350e-01  
5.248e-01  3.262e-01  
3.995e-01  4.524e-01  
2.024e-02  1.104e+00  
2.977e-01  4.902e-01  
5.675e-01  3.572e-01  
4.514e-01  4.347e-01  
2.977e-01  4.902e-01  
4.366e-01  3.882e-01  
3.754e-02  9.155e-01  
2.977e-01  4.902e-01  
4.865e-01  4.212e-01  
3.927e-01  4.815e-01  
1.008e-01  7.394e-01  
2.169e-01  5.762e-01  
4.865e-01  4.212e-01  
6.155e-01  2.699e-01  
9.257e-02  7.986e-01  
4.033e-01  4.425e-01  
4.765e-01  3.388e-01  
5.350e-01  3.386e-01  
2.152e-01  5.941e-01  
4.630e-01  3.618e-01  
4.761e-01  3.773e-01  
4.853e-01  3.276e-01  
2.346e-01  5.541e-01  
7.953e-01  1.533e-01  
2.466e-01  5.450e-01  
1.162e-01  7.809e-01  
8.634e-01  1.447e-01  
5.705e-01  2.872e-01  
5.429e-01  3.328e-01  
1.021e-01  7.366e-01  
4.339e-01  4.527e-01  
3.915e-01  4.804e-01  
3.215e-01  4.983e-01  
1.562e-01  7.194e-01  
2.176e-01  6.411e-01  
2.787e-01  5.123e-01  
4.898e-01  3.202e-01  
8.169e-01  1.765e-01  
3.234e-01  4.632e-01  
1.936e-01  6.350e-01  
6.446e-01  3.017e-01  
2.219e-01  5.591e-01  
3.996e-01  4.234e-01  
5.167e-01  3.256e-01  
1.874e-01  6.285e-01  
8.000e-01  2.031e-01  
1.409e-01  6.705e-01  
4.722e-01  3.666e-01  
1.539e-01  6.511e-01  
4.021e-01  4.750e-01  
4.514e-01  4.347e-01  
1.644e-01  6.488e-01  
1.945e-01  6.127e-01  
7.895e-01  2.022e-01  
2.787e-01  5.123e-01  
2.855e-01  4.927e-01  
4.898e-01  3.202e-01  
2.880e-01  5.014e-01  
2.691e-01  5.240e-01  
3.844e-01  4.782e-01  
6.255e-02  8.368e-01  
3.995e-01  4.524e-01  
4.060e-01  4.756e-01  
4.179e-02  9.140e-01  
3.222e-01  4.853e-01  
2.772e-01  5.297e-01  
7.965e-01  2.132e-01  
4.761e-01  3.773e-01  
4.931e-01  3.552e-01  
5.660e-01  2.880e-01  
2.850e-01  5.110e-01  
2.484e-01  5.407e-01  
3.106e-01  5.150e-01  
4.536e-01  3.980e-01  
5.624e-01  3.076e-01  
4.630e-01  3.618e-01  
7.161e-01  2.717e-01  
1.864e-01  6.337e-01  
8.161e-01  1.334e-01  
5.776e-02  8.142e-01  
5.059e-01  3.216e-01  
4.421e-01  3.994e-01  
2.839e-01  5.168e-01  
4.644e-01  3.659e-01  
1.008e-01  7.394e-01  
4.375e-01  4.196e-01  
2.777e-01  5.123e-01  
4.652e-01  4.040e-01  
8.128e-01  1.430e-01  
5.903e-01  2.861e-01  
4.765e-01  3.388e-01  
1.487e-01  6.533e-01  
7.104e-03  1.146e+00  
2.477e-01  5.366e-01  
7.895e-01  2.022e-01  
3.253e-01  5.003e-01  
7.909e-01  1.896e-01  
7.891e-03  1.162e+00  
8.634e-01  1.447e-01  
4.865e-01  4.212e-01  
1.991e-01  5.930e-01  
5.933e-01  2.755e-01  
3.754e-02  9.155e-01  
7.930e-01  1.669e-01  
7.876e-01  2.130e-01  
7.027e-02  8.506e-01  
2.169e-01  5.762e-01  
3.234e-01  4.632e-01  
2.977e-01  4.902e-01  
8.332e-01  1.554e-01  
6.452e-01  2.685e-01  
1.528e-01  6.424e-01  
6.257e-01  2.685e-01  
5.933e-01  2.755e-01  
2.843e-01  5.398e-01  
3.996e-01  4.234e-01  
2.607e-01  5.307e-01  
4.060e-01  4.756e-01  
4.865e-01  4.212e-01  
1.539e-01  6.511e-01  
6.113e-01  2.840e-01  
1.945e-01  6.127e-01  
8.008e-01  1.633e-01  
2.850e-01  5.211e-01  
4.297e-01  4.694e-01  
2.880e-01  5.014e-01  
1.539e-01  6.511e-01  
1.539e-01  6.511e-01  
4.231e-01  3.989e-01  
5.248e-01  3.262e-01  
5.933e-01  2.755e-01  
2.777e-01  5.123e-01  
5.167e-01  3.256e-01  
4.898e-01  3.202e-01  
3.754e-02  9.155e-01  
6.112e-01  2.805e-01  
8.161e-01  1.334e-01  
1.487e-01  6.533e-01  
1.377e-01  7.197e-01  
2.596e-01  5.291e-01  
3.771e-01  4.861e-01  
1.658e-01  7.235e-01  
1.570e-01  6.794e-01  
2.691e-01  5.240e-01  
2.482e-01  5.420e-01  
4.445e-01  3.777e-01  
5.654e-01  2.778e-01  
5.776e-02  8.142e-01  
7.965e-01  2.132e-01  
3.879e-01  4.782e-01  
6.255e-02  8.368e-01  
1.008e-01  7.394e-01  
6.321e-01  2.704e-01  
1.998e-01  6.344e-01  
1.472e-01  7.273e-01  
2.680e-01  5.401e-01  
8.504e-01  1.135e-01  
7.917e-01  1.792e-01  
2.169e-01  5.762e-01  
8.769e-01  1.192e-01  
4.816e-01  3.708e-01  
1.998e-01  6.344e-01  
8.128e-01  1.430e-01  
1.580e-01  6.911e-01  
3.601e-02  9.380e-01  
1.023e+00  1.062e-01  
1.936e-01  6.350e-01  
1.133e-01  8.793e-01  
6.112e-01  2.805e-01  
8.161e-01  1.334e-01  
5.605e-01  2.889e-01  
7.953e-01  1.533e-01  
8.246e-01  1.244e-01  
1.729e-01  6.207e-01  
1.502e-01  6.523e-01  
5.857e-01  2.704e-01  
5.167e-01  3.256e-01  
8.285e-01  1.321e-01  
4.816e-01  3.708e-01  
5.829e-01  2.845e-01  
7.908e-01  2.291e-01  
8.502e-01  1.260e-01  
8.870e-01  1.448e-01  
5.776e-02  8.102e-01  
1.377e-01  7.197e-01  
6.452e-01  2.685e-01  
7.027e-02  8.506e-01  
8.000e-01  2.031e-01  
2.008e-01  6.040e-01  
4.810e-02  9.045e-01  
2.708e-01  5.390e-01  
6.622e-02  7.928e-01  
1.729e-01  6.207e-01  
2.599e-02  9.315e-01  
8.106e-01  1.559e-01  
8.033e-01  1.540e-01  
1.046e+00  1.046e-01  
5.379e-02  8.464e-01  
2.752e-02  1.120e+00  
7.965e-01  2.132e-01  
7.886e-02  8.396e-01  
8.486e-01  1.271e-01  
9.532e-01  1.159e-01  
8.126e-01  1.477e-01  
2.230e-02  9.471e-01  
8.920e-01  1.240e-01  
7.891e-03  1.162e+00  
8.126e-01  1.477e-01  
8.486e-01  1.271e-01  
9.244e-02  7.539e-01  
6.452e-01  2.685e-01  
8.486e-01  1.271e-01  
1.133e-01  8.793e-01  
9.532e-01  1.159e-01  
8.115e-01  1.412e-01  
7.876e-01  2.130e-01  
3.805e-02  1.085e+00  
8.014e-01  1.821e-01  
7.953e-01  1.533e-01  
9.425e-01  1.108e-01  
8.128e-01  1.430e-01  
2.691e-01  5.240e-01  
1.008e-01  7.394e-01  
8.769e-01  1.192e-01  
5.275e-02  8.842e-01  
1.133e-01  8.793e-01  
3.754e-02  9.155e-01  
5.740e-01  2.832e-01  
8.128e-01  1.430e-01  
9.822e-02  8.108e-01  
7.271e-01  2.730e-01  
8.634e-01  1.447e-01  
2.017e-01  6.358e-01  
1.998e-01  6.344e-01  
2.772e-01  5.297e-01  
4.383e-01  3.714e-01  
8.038e-01  1.673e-01  
2.230e-02  9.471e-01  
1.539e-01  6.511e-01  
8.126e-01  1.477e-01  
6.321e-01  2.704e-01  
4.810e-02  9.045e-01  
8.502e-01  1.260e-01  
4.773e-01  3.620e-01  
2.880e-01  5.014e-01  
8.282e-01  1.553e-01  
6.277e-01  2.735e-01  
6.618e-01  2.707e-01  
2.850e-01  5.211e-01  
2.201e-01  5.880e-01  
8.517e-02  8.432e-01  
7.886e-02  8.396e-01  
1.936e-01  6.350e-01  
1.728e-01  6.443e-01  
4.504e-01  4.276e-01  
4.421e-01  3.994e-01  
3.234e-01  4.632e-01  
7.934e-01  1.971e-01  
2.850e-01  5.211e-01  
4.421e-01  3.994e-01  
8.119e-01  1.908e-01  
9.244e-02  7.539e-01  
6.452e-01  2.685e-01  
2.787e-01  5.123e-01  
3.106e-01  5.150e-01  
8.504e-01  1.135e-01  
3.049e-01  4.711e-01  
1.487e-01  6.533e-01  
1.998e-01  6.344e-01  
2.642e-01  5.200e-01  
5.429e-01  3.328e-01  
1.502e-01  6.523e-01  
3.144e-01  5.292e-01  
9.532e-01  1.159e-01  
6.310e-01  2.706e-01  
2.477e-01  5.366e-01  
8.504e-01  1.135e-01  
1.278e-01  7.516e-01  
5.014e-01  3.682e-01  
3.915e-01  4.804e-01  
1.729e-01  6.207e-01  
5.334e-01  3.511e-01  
8.920e-01  1.234e-01  
8.634e-01  1.447e-01  
3.996e-01  4.234e-01  
7.886e-02  8.396e-01  
4.693e-01  4.122e-01  
2.484e-01  5.407e-01  
2.024e-02  1.104e+00  
1.278e-01  7.516e-01  
4.375e-01  4.196e-01  
6.112e-01  2.805e-01  
4.630e-01  3.618e-01  
7.104e-03  1.146e+00  
7.104e-03  1.146e+00  
4.201e-01  4.412e-01  
4.053e-01  4.591e-01  
6.446e-01  3.017e-01  
1.398e-01  6.917e-01  
3.771e-01  4.861e-01  
