2.803e-02  1.046e+00  
1.072e+00  4.446e-02  
4.170e-01  4.175e-01  
6.732e-01  2.328e-01  
1.988e-01  5.968e-01  
5.165e-01  3.522e-01  
9.339e-02  7.611e-01  
3.180e-01  5.116e-01  
1.006e+00  5.288e-02  
9.963e-01  6.711e-02  
4.130e-02  8.515e-01  
4.707e-01  3.646e-01  
6.575e-01  2.759e-01  
2.385e-01  5.931e-01  
3.393e-01  4.445e-01  
7.725e-01  1.748e-01  
1.390e-01  6.988e-01  
9.542e-02  7.251e-01  
6.543e-01  2.796e-01  
7.791e-01  1.594e-01  
2.713e-01  5.359e-01  
3.760e-01  4.241e-01  
3.644e-01  4.381e-01  
1.002e+00  6.138e-02  
4.454e-01  3.730e-01  
1.008e+00  3.731e-02  
2.379e-01  5.941e-01  
4.130e-02  8.515e-01  
3.179e-01  4.829e-01  
7.795e-02  7.670e-01  
6.569e-01  2.216e-01  
7.733e-01  1.742e-01  
1.715e-01  6.410e-01  
6.633e-01  2.074e-01  
1.012e+00  5.756e-02  
4.051e-02  8.530e-01  
2.808e-01  5.301e-01  
8.457e-02  7.511e-01  
8.457e-02  7.511e-01  
5.507e-01  3.618e-01  
3.644e-01  4.381e-01  
4.557e-01  3.524e-01  
3.033e-01  5.073e-01  
2.034e-01  5.862e-01  
1.172e-01  6.969e-01  
6.683e-01  2.221e-01  
4.813e-01  3.689e-01  
9.985e-01  5.073e-02  
4.557e-01  3.524e-01  
1.988e-01  5.968e-01  
3.874e-01  4.366e-01  
2.788e-01  5.453e-01  
4.484e-02  9.592e-01  
6.486e-01  2.870e-01  
4.130e-02  8.515e-01  
4.203e-01  3.958e-01  
6.838e-01  2.507e-01  
1.010e+00  3.196e-02  
1.902e-01  6.066e-01  
9.930e-01  9.111e-02  
8.266e-01  1.486e-01  
3.504e-01  5.037e-01  
7.731e-01  1.753e-01  
6.466e-01  2.228e-01  
1.390e-01  6.988e-01  
7.811e-01  1.825e-01  
8.457e-02  7.511e-01  
6.546e-01  2.129e-01  
4.597e-01  4.013e-01  
4.361e-01  3.774e-01  
6.873e-01  2.177e-01  
1.875e-01  6.141e-01  
4.910e-01  3.435e-01  
2.958e-01  5.280e-01  
4.019e-01  4.185e-01  
1.172e-01  6.969e-01  
9.542e-02  7.251e-01  
7.733e-01  1.742e-01  
5.165e-01  3.522e-01  
9.985e-01  5.073e-02  
4.765e-01  3.640e-01  
2.796e-01  5.563e-01  
3.802e-01  4.449e-01  
4.638e-01  3.551e-01  
3.374e-01  4.689e-01  
5.182e-01  3.772e-01  
1.001e-01  7.276e-01  
3.949e-02  9.122e-01  
3.285e-01  5.062e-01  
5.004e-01  3.534e-01  
2.477e-01  6.062e-01  
6.573e-01  2.146e-01  
1.012e+00  5.756e-02  
3.949e-02  9.122e-01  
8.348e-01  1.506e-01  
2.554e-01  5.653e-01  
4.011e-01  4.529e-01  
6.646e-01  2.937e-01  
2.554e-01  5.653e-01  
4.361e-01  3.774e-01  
5.426e-02  8.453e-01  
9.542e-02  7.251e-01  
4.682e-01  3.877e-01  
9.884e-02  7.247e-01  
6.477e-01  2.986e-01  
7.924e-01  1.461e-01  
4.484e-02  9.592e-01  
3.760e-01  4.241e-01  
6.549e-01  2.793e-01  
6.683e-01  2.221e-01  
3.618e-01  4.537e-01  
1.640e-01  6.569e-01  
2.958e-01  5.280e-01  
3.179e-01  4.829e-01  
2.034e-01  5.862e-01  
9.908e-01  9.938e-02  
7.997e-02  8.361e-01  
7.804e-01  1.665e-01  
8.457e-02  7.511e-01  
9.960e-01  8.628e-02  
1.012e+00  2.327e-02  
2.034e-01  5.862e-01  
9.922e-01  4.069e-02  
1.640e-01  6.569e-01  
6.838e-01  2.507e-01  
1.471e-02  9.703e-01  
9.899e-01  5.673e-02  
2.788e-01  5.453e-01  
1.010e+00  3.196e-02  
3.124e-01  5.075e-01  
9.851e-01  6.143e-02  
8.830e-02  7.611e-01  
7.997e-02  8.361e-01  
8.629e-02  7.524e-01  
1.012e+00  2.327e-02  
7.912e-01  1.448e-01  
1.012e+00  2.327e-02  
2.034e-01  5.862e-01  
7.811e-01  1.825e-01  
2.037e-01  6.135e-01  
3.996e-02  8.713e-01  
6.486e-01  2.843e-01  
6.466e-01  2.228e-01  
2.889e-01  5.320e-01  
3.418e-01  4.496e-01  
4.019e-01  4.185e-01  
2.037e-01  6.135e-01  
5.182e-01  3.772e-01  
9.339e-02  7.611e-01  
2.491e-01  5.659e-01  
2.958e-01  5.280e-01  
6.956e-01  2.697e-01  
3.052e-01  5.280e-01  
4.449e-01  3.934e-01  
1.806e-01  6.306e-01  
5.678e-01  3.351e-01  
1.151e-01  6.967e-01  
2.094e-01  6.024e-01  
4.454e-01  3.730e-01  
5.507e-01  3.618e-01  
6.737e-01  2.357e-01  
2.795e-01  5.654e-01  
5.507e-01  3.618e-01  
1.487e-01  6.420e-01  
3.988e-01  4.278e-01  
3.277e-01  5.272e-01  
3.406e-01  4.581e-01  
5.182e-01  3.772e-01  
9.899e-01  5.673e-02  
5.182e-01  3.772e-01  
4.096e-01  3.979e-01  
4.962e-01  3.531e-01  
1.471e-02  9.703e-01  
4.813e-01  3.689e-01  
4.051e-02  8.438e-01  
4.776e-01  3.794e-01  
7.997e-02  8.361e-01  
4.019e-01  4.185e-01  
7.997e-02  8.361e-01  
4.547e-01  3.656e-01  
6.489e-01  2.394e-01  
2.385e-01  5.931e-01  
3.799e-01  4.347e-01  
3.257e-01  4.562e-01  
7.834e-01  1.522e-01  
7.811e-01  1.825e-01  
1.988e-01  5.968e-01  
3.618e-01  4.537e-01  
4.813e-01  3.689e-01  
3.011e-01  4.704e-01  
4.318e-01  3.732e-01  
5.182e-01  3.772e-01  
3.985e-01  4.290e-01  
4.019e-01  4.185e-01  
9.851e-01  6.143e-02  
7.831e-01  1.849e-01  
3.179e-01  4.829e-01  
6.543e-01  2.796e-01  
3.355e-01  4.600e-01  
1.355e-01  7.322e-01  
4.692e-01  3.553e-01  
2.491e-01  5.659e-01  
4.394e-01  3.930e-01  
9.899e-01  5.673e-02  
2.788e-01  5.453e-01  
6.486e-01  2.843e-01  
4.813e-01  3.689e-01  
6.766e-02  8.784e-01  
7.733e-01  1.742e-01  
3.949e-02  9.122e-01  
9.899e-01  5.673e-02  
6.515e-01  2.518e-01  
6.477e-01  2.986e-01  
1.685e-01  6.284e-01  
4.104e-01  4.369e-01  
9.933e-01  5.821e-02  
6.569e-01  2.216e-01  
6.683e-01  2.221e-01  
6.732e-01  2.328e-01  
6.656e-02  7.888e-01  
2.094e-01  6.024e-01  
1.879e-01  6.820e-01  
9.884e-02  7.247e-01  
6.466e-01  2.228e-01  
1.012e+00  2.327e-02  
1.981e-01  6.376e-01  
1.559e-01  6.951e-01  
1.640e-01  6.569e-01  
2.726e-01  5.361e-01  
6.656e-02  7.888e-01  
7.920e-01  1.647e-01  
1.006e+00  8.731e-02  
1.887e-02  1.044e+00  
2.788e-01  5.453e-01  
6.725e-01  2.384e-01  
6.767e-01  2.145e-01  
2.993e-01  4.863e-01  
6.164e-02  8.834e-01  
9.047e-02  7.411e-01  
6.476e-01  2.540e-01  
1.935e-02  1.040e+00  
6.656e-02  7.888e-01  
9.908e-01  9.938e-02  
1.795e-01  6.299e-01  
7.833e-01  1.629e-01  
7.831e-01  1.849e-01  
2.384e-01  5.695e-01  
9.985e-01  5.073e-02  
2.770e-01  6.117e-01  
2.363e-02  9.440e-01  
8.798e-01  1.698e-01  
9.899e-01  5.673e-02  
4.484e-02  9.592e-01  
6.956e-01  2.697e-01  
9.928e-01  7.462e-02  
1.013e+00  2.311e-02  
9.985e-01  5.073e-02  
1.012e+00  2.327e-02  
2.540e-01  5.504e-01  
1.014e+00  4.536e-02  
6.546e-01  2.129e-01  
6.569e-01  2.216e-01  
7.924e-01  1.461e-01  
2.047e-02  9.398e-01  
4.096e-01  3.979e-01  
8.303e-01  1.453e-01  
7.733e-01  1.742e-01  
7.831e-01  1.849e-01  
4.130e-02  8.515e-01  
2.796e-01  5.563e-01  
6.766e-02  8.784e-01  
2.037e-01  6.135e-01  
4.096e-01  3.979e-01  
3.102e-01  4.785e-01  
3.277e-01  5.272e-01  
7.801e-01  1.724e-01  
9.542e-02  7.251e-01  
1.754e-01  6.122e-01  
6.683e-01  2.221e-01  
7.795e-02  7.670e-01  
9.542e-02  7.251e-01  
2.379e-01  5.941e-01  
6.486e-01  2.870e-01  
6.838e-01  2.507e-01  
2.037e-01  6.135e-01  
1.887e-02  1.044e+00  
1.002e+00  6.138e-02  
9.339e-02  7.611e-01  
4.051e-02  8.438e-01  
1.318e-01  6.905e-01  
4.919e-01  3.566e-01  
4.026e-01  4.120e-01  
7.997e-02  8.361e-01  
6.573e-01  2.146e-01  
6.486e-01  2.843e-01  
3.618e-01  4.537e-01  
4.026e-01  4.120e-01  
2.491e-01  5.659e-01  
6.477e-01  2.986e-01  
3.985e-01  4.290e-01  
1.471e-02  9.703e-01  
3.179e-01  4.829e-01  
6.486e-01  2.870e-01  
4.096e-01  3.979e-01  
3.374e-01  4.689e-01  
4.557e-01  3.524e-01  
4.130e-02  8.515e-01  
3.134e-01  5.282e-01  
4.638e-01  3.551e-01  
4.011e-01  4.529e-01  
1.390e-01  6.988e-01  
2.094e-01  6.024e-01  
4.446e-01  3.871e-01  
7.773e-01  1.822e-01  
9.873e-02  7.247e-01  
4.361e-01  3.774e-01  
5.165e-01  3.522e-01  
4.776e-01  3.794e-01  
2.384e-01  5.695e-01  
5.182e-01  3.772e-01  
4.776e-01  3.794e-01  
4.658e-01  3.526e-01  
2.385e-01  5.931e-01  
8.266e-01  1.486e-01  
3.046e-01  5.291e-01  
9.873e-02  7.247e-01  
1.006e+00  5.288e-02  
6.486e-01  2.843e-01  
6.489e-01  2.394e-01  
1.157e-01  7.174e-01  
4.394e-01  3.930e-01  
3.953e-01  4.195e-01  
3.680e-01  4.452e-01  
9.339e-02  7.611e-01  
2.375e-01  6.151e-01  
3.335e-01  4.518e-01  
5.677e-01  3.382e-01  
9.952e-01  7.588e-02  
4.026e-01  4.120e-01  
2.375e-01  6.151e-01  
6.683e-01  2.221e-01  
2.491e-01  5.659e-01  
4.449e-01  3.934e-01  
4.776e-01  3.794e-01  
1.986e-01  6.114e-01  
8.266e-01  1.486e-01  
1.408e-01  7.184e-01  
4.962e-01  3.531e-01  
1.806e-01  6.306e-01  
3.953e-01  4.195e-01  
4.813e-01  3.689e-01  
1.616e-01  6.358e-01  
2.034e-01  5.862e-01  
7.833e-01  1.629e-01  
3.134e-01  5.282e-01  
3.285e-01  5.062e-01  
6.486e-01  2.870e-01  
3.142e-01  4.867e-01  
3.285e-01  5.062e-01  
3.680e-01  4.452e-01  
8.457e-02  7.511e-01  
4.115e-01  4.116e-01  
4.019e-01  4.185e-01  
4.051e-02  8.438e-01  
3.503e-01  4.542e-01  
2.808e-01  5.301e-01  
7.801e-01  1.724e-01  
5.004e-01  3.534e-01  
4.734e-01  3.783e-01  
6.540e-01  2.544e-01  
3.335e-01  4.518e-01  
2.788e-01  5.453e-01  
2.385e-01  5.931e-01  
4.831e-01  3.610e-01  
6.732e-01  2.328e-01  
4.776e-01  3.794e-01  
7.725e-01  1.748e-01  
2.037e-01  6.135e-01  
9.960e-01  8.628e-02  
8.124e-02  7.693e-01  
6.477e-01  2.986e-01  
4.765e-01  3.640e-01  
3.284e-01  5.043e-01  
4.692e-01  3.553e-01  
9.047e-02  7.411e-01  
4.394e-01  3.930e-01  
3.277e-01  5.272e-01  
4.682e-01  3.877e-01  
9.963e-01  6.711e-02  
6.683e-01  2.221e-01  
4.658e-01  3.526e-01  
1.172e-01  6.969e-01  
3.949e-02  9.122e-01  
2.815e-01  5.149e-01  
7.849e-01  1.639e-01  
3.257e-01  4.562e-01  
7.745e-01  1.603e-01  
1.471e-02  9.703e-01  
1.008e+00  3.731e-02  
4.698e-01  3.560e-01  
2.348e-01  5.500e-01  
6.956e-01  2.697e-01  
3.949e-02  9.122e-01  
8.499e-01  1.492e-01  
7.804e-01  1.665e-01  
5.847e-02  8.126e-01  
3.277e-01  5.272e-01  
3.374e-01  4.689e-01  
3.760e-01  4.241e-01  
9.869e-01  4.225e-02  
7.811e-01  1.825e-01  
1.157e-01  7.174e-01  
6.546e-01  2.129e-01  
6.770e-01  2.383e-01  
3.124e-01  5.075e-01  
4.614e-01  4.118e-01  
2.726e-01  5.361e-01  
4.361e-01  3.774e-01  
4.557e-01  3.524e-01  
1.902e-01  6.066e-01  
6.573e-01  2.146e-01  
1.988e-01  5.968e-01  
9.960e-01  8.628e-02  
3.046e-01  5.291e-01  
4.026e-01  4.120e-01  
3.257e-01  4.562e-01  
1.671e-01  6.701e-01  
1.795e-01  6.299e-01  
4.813e-01  3.689e-01  
6.477e-01  2.986e-01  
6.569e-01  2.216e-01  
3.179e-01  4.829e-01  
6.486e-01  2.843e-01  
6.466e-01  2.228e-01  
5.083e-02  8.738e-01  
6.615e-01  2.348e-01  
9.922e-01  4.069e-02  
2.037e-01  6.135e-01  
1.420e-01  6.612e-01  
3.033e-01  5.073e-01  
3.134e-01  5.282e-01  
1.705e-01  6.298e-01  
1.640e-01  6.569e-01  
3.157e-01  5.067e-01  
2.808e-01  5.301e-01  
4.361e-01  3.774e-01  
6.546e-01  2.129e-01  
7.468e-02  7.868e-01  
7.774e-01  1.643e-01  
3.680e-01  4.452e-01  
6.656e-02  7.888e-01  
1.001e-01  7.276e-01  
6.770e-01  2.383e-01  
2.477e-01  6.062e-01  
1.151e-01  6.967e-01  
2.554e-01  5.653e-01  
1.012e+00  5.756e-02  
9.908e-01  9.938e-02  
2.540e-01  5.504e-01  
1.013e+00  2.311e-02  
4.766e-01  3.728e-01  
2.554e-01  5.653e-01  
1.006e+00  5.288e-02  
1.981e-01  6.376e-01  
3.675e-02  8.953e-01  
1.014e+00  4.536e-02  
1.902e-01  6.066e-01  
1.355e-01  7.322e-01  
6.770e-01  2.383e-01  
9.985e-01  5.073e-02  
6.838e-01  2.507e-01  
7.924e-01  1.461e-01  
1.000e+00  2.847e-02  
1.640e-01  6.569e-01  
1.001e-01  7.276e-01  
7.012e-01  2.294e-01  
6.838e-01  2.507e-01  
1.033e+00  4.841e-02  
4.792e-01  3.599e-01  
6.630e-01  2.411e-01  
7.801e-01  1.724e-01  
9.922e-01  4.069e-02  
1.017e+00  3.294e-02  
5.426e-02  8.453e-01  
1.484e-01  7.189e-01  
6.767e-01  2.145e-01  
8.415e-02  7.394e-01  
8.434e-01  1.656e-01  
2.554e-01  5.653e-01  
4.130e-02  8.515e-01  
3.046e-01  5.291e-01  
9.047e-02  7.411e-01  
1.508e-01  6.710e-01  
2.740e-02  9.214e-01  
1.006e+00  5.288e-02  
9.907e-01  3.891e-02  
1.006e+00  2.415e-02  
8.415e-02  7.394e-01  
2.803e-02  1.046e+00  
1.006e+00  5.288e-02  
1.060e-01  7.724e-01  
1.014e+00  4.536e-02  
9.933e-01  5.821e-02  
1.014e+00  4.536e-02  
3.675e-02  8.953e-01  
9.979e-01  2.976e-02  
1.935e-02  1.040e+00  
1.014e+00  4.536e-02  
9.963e-01  6.711e-02  
8.830e-02  7.611e-01  
7.732e-01  1.673e-01  
1.072e+00  4.446e-02  
1.151e-01  6.967e-01  
1.000e+00  2.769e-02  
9.960e-01  8.628e-02  
7.811e-01  1.825e-01  
3.288e-02  8.994e-01  
1.006e+00  5.288e-02  
1.033e+00  4.841e-02  
9.989e-01  3.308e-02  
9.949e-01  3.212e-02  
3.180e-01  5.116e-01  
9.339e-02  7.611e-01  
1.002e+00  6.138e-02  
5.426e-02  8.453e-01  
9.873e-02  7.247e-01  
4.222e-02  9.075e-01  
6.569e-01  2.216e-01  
8.195e-01  1.441e-01  
9.873e-02  7.247e-01  
7.733e-01  1.742e-01  
1.016e+00  3.222e-02  
2.540e-01  5.504e-01  
2.379e-01  5.941e-01  
2.958e-01  5.280e-01  
4.658e-01  3.526e-01  
1.002e+00  6.138e-02  
1.471e-02  9.703e-01  
1.962e-01  6.758e-01  
9.869e-01  4.225e-02  
7.732e-01  1.673e-01  
5.847e-02  8.126e-01  
9.946e-01  3.362e-02  
4.962e-01  3.531e-01  
3.277e-01  5.272e-01  
1.012e+00  2.327e-02  
6.569e-01  2.216e-01  
6.732e-01  2.328e-01  
3.046e-01  5.291e-01  
2.641e-01  5.829e-01  
8.457e-02  7.511e-01  
3.739e-02  8.488e-01  
1.981e-01  6.376e-01  
1.981e-01  6.376e-01  
4.361e-01  3.774e-01  
5.004e-01  3.534e-01  
3.134e-01  5.282e-01  
8.266e-01  1.486e-01  
3.335e-01  4.518e-01  
4.454e-01  3.730e-01  
8.303e-01  1.453e-01  
9.884e-02  7.247e-01  
6.701e-01  2.093e-01  
2.870e-01  5.146e-01  
2.726e-01  5.361e-01  
1.000e+00  2.769e-02  
3.335e-01  4.518e-01  
9.884e-02  7.247e-01  
2.788e-01  5.453e-01  
2.958e-01  5.280e-01  
6.477e-01  2.986e-01  
1.395e-01  6.631e-01  
3.374e-01  4.689e-01  
1.072e+00  4.446e-02  
7.782e-01  1.767e-01  
2.385e-01  5.931e-01  
1.008e+00  3.731e-02  
1.151e-01  6.967e-01  
4.638e-01  3.551e-01  
4.019e-01  4.185e-01  
9.339e-02  7.611e-01  
6.486e-01  2.843e-01  
1.002e+00  6.138e-02  
1.016e+00  3.222e-02  
3.985e-01  4.290e-01  
7.468e-02  7.868e-01  
4.096e-01  3.979e-01  
2.726e-01  5.361e-01  
1.887e-02  1.044e+00  
8.813e-02  7.537e-01  
4.701e-01  3.581e-01  
6.956e-01  2.697e-01  
5.507e-01  3.618e-01  
1.935e-02  1.040e+00  
4.484e-02  9.592e-01  
4.394e-01  3.930e-01  
4.096e-01  3.979e-01  
6.466e-01  2.228e-01  
1.390e-01  6.988e-01  
3.418e-01  4.496e-01  
