1.425e-02  1.049e+00  
1.469e+00  1.590e-04  
4.221e-01  4.333e-01  
6.737e-01  2.140e-01  
2.453e-01  7.548e-01  
5.191e-01  3.472e-01  
3.111e-02  9.955e-01  
2.977e-01  5.761e-01  
8.537e-01  1.233e-01  
9.698e-01  3.477e-02  
3.692e-03  1.001e+00  
4.708e-01  3.488e-01  
6.212e-01  2.597e-01  
2.761e-01  5.745e-01  
3.633e-01  4.656e-01  
8.746e-01  1.907e-01  
2.098e-01  8.712e-01  
9.742e-03  9.999e-01  
6.062e-01  2.963e-01  
7.801e-01  1.464e-01  
2.900e-01  5.461e-01  
4.715e-01  4.110e-01  
3.724e-01  4.520e-01  
8.706e-01  9.142e-02  
5.037e-01  3.386e-01  
9.645e-01  2.843e-02  
2.737e-01  5.541e-01  
3.140e-02  9.935e-01  
3.923e-01  4.813e-01  
5.979e-02  9.930e-01  
6.519e-01  2.594e-01  
6.775e-01  2.009e-01  
2.232e-01  7.880e-01  
7.087e-01  1.928e-01  
9.578e-01  2.613e-02  
2.819e-02  1.000e+00  
2.891e-01  5.820e-01  
1.734e-02  9.989e-01  
1.110e-01  9.980e-01  
5.244e-01  3.361e-01  
3.800e-01  4.526e-01  
5.229e-01  3.337e-01  
3.273e-01  5.140e-01  
2.655e-01  5.925e-01  
1.977e-01  8.987e-01  
6.254e-01  2.372e-01  
4.951e-01  3.462e-01  
9.519e-01  7.004e-02  
4.708e-01  3.488e-01  
2.248e-01  7.221e-01  
4.052e-01  4.332e-01  
3.190e-01  5.483e-01  
9.814e-03  1.020e+00  
6.024e-01  2.735e-01  
7.899e-02  9.925e-01  
3.872e-01  4.367e-01  
6.218e-01  2.569e-01  
9.994e-01  1.974e-03  
2.248e-01  7.221e-01  
8.635e-01  1.024e-01  
8.125e-01  1.352e-01  
3.466e-01  4.971e-01  
8.249e-01  1.448e-01  
6.775e-01  2.009e-01  
2.098e-01  8.085e-01  
7.460e-01  1.617e-01  
7.033e-02  9.957e-01  
6.823e-01  2.393e-01  
4.612e-01  4.229e-01  
4.625e-01  3.488e-01  
7.087e-01  1.928e-01  
2.220e-01  6.405e-01  
5.978e-01  2.781e-01  
3.186e-01  4.998e-01  
3.724e-01  4.520e-01  
1.915e-01  9.043e-01  
4.342e-02  1.022e+00  
7.210e-01  1.714e-01  
5.704e-01  3.289e-01  
9.433e-01  4.739e-02  
5.229e-01  3.337e-01  
2.743e-01  5.540e-01  
3.872e-01  4.367e-01  
5.037e-01  3.386e-01  
3.923e-01  4.813e-01  
5.308e-01  3.288e-01  
2.098e-01  8.712e-01  
2.208e-02  9.931e-01  
3.524e-01  5.398e-01  
4.969e-01  3.571e-01  
2.325e-01  7.366e-01  
6.775e-01  2.009e-01  
9.916e-01  1.885e-02  
1.802e-03  1.004e+00  
8.291e-01  1.241e-01  
2.882e-01  6.093e-01  
3.724e-01  4.520e-01  
5.978e-01  2.781e-01  
2.756e-01  5.599e-01  
4.715e-01  4.110e-01  
3.692e-03  1.001e+00  
3.971e-02  9.941e-01  
4.731e-01  3.811e-01  
7.033e-02  9.957e-01  
6.218e-01  2.569e-01  
8.434e-01  1.400e-01  
1.634e-02  1.001e+00  
4.034e-01  4.781e-01  
6.416e-01  2.436e-01  
7.087e-01  1.928e-01  
3.471e-01  4.909e-01  
2.282e-01  6.844e-01  
2.977e-01  5.761e-01  
3.799e-01  5.042e-01  
2.882e-01  6.093e-01  
8.714e-01  8.842e-02  
2.330e-01  7.738e-01  
7.927e-01  1.447e-01  
7.033e-02  9.957e-01  
8.385e-01  1.096e-01  
9.903e-01  1.721e-02  
2.205e-01  6.822e-01  
9.118e-01  6.199e-02  
2.166e-01  8.111e-01  
6.940e-01  2.187e-01  
1.558e-03  9.996e-01  
9.137e-01  6.601e-02  
2.977e-01  5.761e-01  
9.994e-01  1.974e-03  
3.186e-01  4.998e-01  
9.994e-01  1.974e-03  
1.734e-02  9.989e-01  
9.124e-03  9.980e-01  
4.761e-02  9.888e-01  
1.000e+00  6.441e-03  
8.291e-01  1.241e-01  
9.951e-01  6.245e-03  
2.729e-01  5.807e-01  
8.249e-01  1.448e-01  
2.426e-01  7.993e-01  
7.483e-03  9.963e-01  
5.748e-01  3.011e-01  
7.254e-01  2.675e-01  
3.190e-01  5.483e-01  
3.524e-01  5.025e-01  
4.052e-01  4.332e-01  
2.281e-01  7.410e-01  
5.191e-01  3.472e-01  
9.783e-03  9.924e-01  
2.845e-01  5.841e-01  
2.900e-01  5.461e-01  
7.700e-01  1.611e-01  
2.977e-01  5.761e-01  
4.731e-01  3.811e-01  
2.325e-01  7.366e-01  
5.748e-01  3.011e-01  
1.977e-01  8.987e-01  
2.799e-01  7.025e-01  
4.743e-01  3.880e-01  
5.229e-01  3.337e-01  
6.320e-01  2.694e-01  
2.977e-01  5.761e-01  
5.308e-01  3.288e-01  
1.915e-01  9.043e-01  
3.904e-01  4.754e-01  
3.524e-01  5.398e-01  
3.707e-01  4.579e-01  
4.951e-01  3.462e-01  
9.645e-01  2.843e-02  
5.229e-01  3.337e-01  
4.082e-01  4.286e-01  
5.684e-01  3.147e-01  
3.692e-03  1.001e+00  
5.037e-01  3.386e-01  
1.803e-02  9.996e-01  
5.229e-01  3.337e-01  
1.372e-01  9.897e-01  
4.052e-01  4.332e-01  
7.285e-04  1.000e+00  
4.892e-01  3.845e-01  
7.072e-01  1.801e-01  
2.779e-01  5.608e-01  
4.082e-01  4.286e-01  
3.861e-01  4.572e-01  
8.091e-01  1.410e-01  
7.739e-01  1.584e-01  
2.248e-01  7.221e-01  
3.560e-01  4.446e-01  
4.951e-01  3.462e-01  
3.388e-01  4.531e-01  
4.844e-01  4.064e-01  
5.191e-01  3.472e-01  
4.247e-01  4.121e-01  
3.861e-01  4.572e-01  
9.916e-01  1.885e-02  
7.248e-01  2.105e-01  
3.273e-01  5.140e-01  
6.455e-01  2.475e-01  
3.524e-01  5.025e-01  
2.098e-01  8.712e-01  
5.308e-01  3.288e-01  
2.830e-01  5.856e-01  
4.715e-01  4.110e-01  
9.067e-01  9.608e-02  
2.972e-01  5.647e-01  
6.218e-01  2.569e-01  
4.845e-01  3.749e-01  
3.146e-02  9.917e-01  
8.434e-01  1.400e-01  
1.802e-03  1.004e+00  
9.519e-01  7.004e-02  
6.212e-01  2.597e-01  
6.218e-01  2.569e-01  
2.330e-01  7.738e-01  
4.247e-01  4.121e-01  
9.303e-01  4.446e-02  
6.775e-01  2.009e-01  
6.823e-01  2.393e-01  
6.845e-01  2.183e-01  
1.803e-02  9.996e-01  
2.330e-01  7.738e-01  
2.082e-01  8.485e-01  
1.915e-01  9.043e-01  
6.737e-01  2.081e-01  
9.741e-01  2.683e-02  
2.097e-01  7.557e-01  
2.003e-01  8.391e-01  
2.098e-01  8.712e-01  
2.972e-01  5.647e-01  
3.543e-02  9.936e-01  
7.741e-01  1.512e-01  
8.978e-01  1.128e-01  
2.603e-03  9.991e-01  
3.313e-01  5.128e-01  
7.000e-01  2.217e-01  
7.139e-01  1.856e-01  
3.466e-01  4.971e-01  
2.208e-02  9.931e-01  
9.124e-03  9.980e-01  
6.224e-01  2.736e-01  
2.603e-03  9.991e-01  
5.979e-02  9.930e-01  
8.714e-01  8.842e-02  
2.097e-01  7.557e-01  
8.291e-01  1.241e-01  
8.171e-01  1.545e-01  
2.852e-01  7.587e-01  
9.118e-01  6.199e-02  
2.891e-01  5.820e-01  
3.841e-03  1.017e+00  
8.091e-01  1.410e-01  
8.638e-01  1.131e-01  
3.692e-03  1.001e+00  
7.051e-01  2.039e-01  
9.065e-01  6.859e-02  
1.034e+00  2.574e-03  
1.034e+00  2.574e-03  
9.951e-01  6.245e-03  
2.845e-01  5.841e-01  
1.034e+00  2.574e-03  
7.072e-01  1.967e-01  
7.442e-01  1.954e-01  
8.125e-01  1.352e-01  
1.558e-03  9.996e-01  
3.872e-01  4.367e-01  
8.638e-01  1.131e-01  
7.739e-01  1.584e-01  
7.491e-01  1.887e-01  
5.716e-02  9.963e-01  
2.756e-01  5.571e-01  
4.761e-02  9.888e-01  
2.426e-01  7.993e-01  
3.872e-01  4.367e-01  
3.313e-01  5.128e-01  
3.022e-01  5.671e-01  
7.072e-01  1.801e-01  
3.152e-03  1.000e+00  
2.426e-01  7.993e-01  
6.648e-01  2.298e-01  
9.124e-03  9.980e-01  
1.920e-02  1.000e+00  
2.720e-01  6.063e-01  
6.838e-01  2.680e-01  
6.727e-01  2.391e-01  
2.643e-01  7.538e-01  
3.692e-03  1.001e+00  
8.567e-01  9.098e-02  
9.742e-03  9.999e-01  
7.483e-03  9.963e-01  
1.838e-01  8.990e-01  
5.308e-01  3.288e-01  
4.708e-01  3.488e-01  
8.341e-02  9.978e-01  
6.224e-01  2.736e-01  
5.789e-01  2.819e-01  
3.760e-01  4.511e-01  
4.034e-01  4.781e-01  
2.325e-01  7.366e-01  
6.062e-01  2.963e-01  
4.052e-01  4.332e-01  
9.814e-03  1.020e+00  
3.471e-01  4.909e-01  
6.224e-01  2.736e-01  
4.845e-01  3.749e-01  
4.034e-01  4.781e-01  
4.607e-01  3.745e-01  
1.558e-03  9.996e-01  
3.538e-01  5.035e-01  
5.070e-01  3.503e-01  
3.872e-01  4.367e-01  
1.915e-01  9.043e-01  
2.697e-01  6.926e-01  
4.625e-01  3.488e-01  
7.442e-01  1.954e-01  
1.734e-02  9.989e-01  
4.757e-01  3.793e-01  
5.748e-01  3.103e-01  
5.923e-01  2.952e-01  
2.882e-01  6.093e-01  
5.191e-01  3.472e-01  
5.229e-01  3.337e-01  
5.408e-01  3.487e-01  
2.729e-01  5.807e-01  
9.053e-01  1.069e-01  
3.190e-01  5.483e-01  
3.971e-02  9.941e-01  
9.227e-01  6.246e-02  
6.224e-01  2.736e-01  
6.823e-01  2.393e-01  
3.111e-02  9.955e-01  
4.695e-01  4.088e-01  
4.052e-01  4.332e-01  
3.926e-01  4.342e-01  
9.112e-02  9.942e-01  
2.720e-01  6.063e-01  
3.799e-01  5.042e-01  
5.748e-01  3.103e-01  
8.635e-01  1.024e-01  
3.633e-01  4.656e-01  
2.205e-01  6.822e-01  
6.416e-01  2.436e-01  
2.845e-01  5.841e-01  
4.625e-01  3.488e-01  
6.207e-01  3.032e-01  
2.496e-01  6.673e-01  
8.220e-01  1.369e-01  
1.967e-01  8.985e-01  
5.308e-01  3.288e-01  
2.426e-01  7.993e-01  
4.635e-01  4.286e-01  
4.590e-01  3.739e-01  
2.211e-01  8.007e-01  
2.087e-01  7.247e-01  
8.115e-01  1.292e-01  
3.395e-01  4.960e-01  
3.524e-01  5.025e-01  
5.901e-01  2.620e-01  
2.939e-01  5.281e-01  
3.466e-01  4.971e-01  
3.800e-01  4.526e-01  
3.832e-03  1.000e+00  
4.056e-01  4.711e-01  
3.872e-01  4.367e-01  
5.979e-02  9.930e-01  
3.633e-01  4.656e-01  
2.995e-01  5.385e-01  
8.434e-01  1.400e-01  
5.191e-01  3.472e-01  
5.308e-01  3.288e-01  
6.212e-01  2.597e-01  
3.416e-01  4.573e-01  
2.995e-01  5.385e-01  
2.743e-01  5.540e-01  
4.845e-01  3.749e-01  
6.416e-01  2.436e-01  
5.229e-01  3.337e-01  
7.210e-01  1.714e-01  
2.222e-01  7.278e-01  
9.342e-01  4.920e-02  
4.342e-02  1.022e+00  
5.706e-01  2.876e-01  
4.951e-01  3.462e-01  
3.273e-01  5.140e-01  
4.625e-01  3.488e-01  
8.341e-02  9.978e-01  
4.590e-01  3.739e-01  
3.154e-01  5.127e-01  
4.951e-01  3.462e-01  
9.519e-01  7.004e-02  
6.254e-01  2.372e-01  
5.655e-01  3.268e-01  
4.098e-02  1.019e+00  
1.558e-03  9.996e-01  
3.051e-01  5.557e-01  
8.249e-01  1.448e-01  
3.923e-01  4.813e-01  
7.700e-01  1.611e-01  
4.096e-03  1.001e+00  
1.022e+00  3.543e-03  
4.892e-01  3.427e-01  
2.707e-01  5.903e-01  
7.072e-01  1.967e-01  
1.634e-02  1.001e+00  
8.385e-01  1.096e-01  
7.741e-01  1.512e-01  
3.146e-02  9.917e-01  
2.891e-01  5.820e-01  
3.551e-01  4.489e-01  
3.817e-01  4.157e-01  
8.567e-01  9.098e-02  
7.072e-01  1.801e-01  
2.140e-01  8.566e-01  
7.139e-01  1.856e-01  
7.087e-01  1.928e-01  
3.022e-01  5.671e-01  
4.715e-01  4.110e-01  
2.954e-01  5.526e-01  
4.394e-01  4.059e-01  
5.191e-01  3.472e-01  
2.330e-01  7.738e-01  
6.775e-01  2.009e-01  
2.697e-01  6.926e-01  
9.228e-01  1.083e-01  
3.273e-01  5.140e-01  
4.052e-01  4.332e-01  
4.034e-01  4.781e-01  
2.098e-01  8.085e-01  
2.095e-01  7.433e-01  
4.845e-01  3.749e-01  
6.212e-01  2.597e-01  
6.700e-01  2.175e-01  
3.551e-01  4.489e-01  
5.938e-01  2.838e-01  
6.416e-01  2.436e-01  
5.716e-02  9.963e-01  
6.571e-01  2.334e-01  
8.900e-01  8.545e-02  
2.190e-01  8.004e-01  
1.915e-01  9.043e-01  
3.154e-01  5.127e-01  
3.861e-01  4.572e-01  
2.248e-01  7.221e-01  
2.082e-01  8.485e-01  
4.105e-01  4.945e-01  
2.972e-01  5.647e-01  
4.743e-01  3.880e-01  
6.775e-01  2.009e-01  
4.761e-02  9.888e-01  
7.739e-01  1.584e-01  
4.042e-01  4.224e-01  
7.899e-02  9.925e-01  
2.406e-02  9.974e-01  
7.072e-01  1.967e-01  
2.729e-01  5.807e-01  
2.426e-01  7.993e-01  
2.756e-01  5.571e-01  
1.006e+00  9.927e-03  
9.053e-01  1.069e-01  
2.729e-01  5.500e-01  
9.994e-01  1.974e-03  
5.244e-01  3.361e-01  
2.729e-01  5.807e-01  
8.635e-01  1.024e-01  
2.330e-01  7.738e-01  
1.548e-02  9.975e-01  
9.997e-01  2.915e-04  
2.205e-01  6.822e-01  
3.971e-02  9.941e-01  
7.255e-01  1.941e-01  
9.342e-01  4.920e-02  
6.654e-01  2.195e-01  
8.434e-01  1.400e-01  
9.489e-01  4.040e-02  
2.097e-01  7.557e-01  
2.098e-01  8.712e-01  
7.167e-01  2.174e-01  
6.218e-01  2.569e-01  
9.997e-01  2.915e-04  
5.229e-01  3.337e-01  
6.737e-01  2.081e-01  
8.249e-01  1.448e-01  
9.267e-01  5.096e-02  
1.298e+00  1.611e-03  
9.124e-03  9.980e-01  
2.098e-01  8.712e-01  
7.072e-01  1.967e-01  
4.465e-02  9.922e-01  
8.638e-01  1.131e-01  
2.707e-01  5.903e-01  
1.802e-03  1.004e+00  
3.186e-01  4.998e-01  
5.570e-02  9.879e-01  
2.087e-01  7.247e-01  
1.802e-03  1.004e+00  
8.638e-01  1.131e-01  
9.118e-01  7.009e-02  
9.620e-01  2.377e-02  
1.010e-02  9.991e-01  
2.437e-02  1.049e+00  
8.385e-01  1.361e-01  
4.611e-02  9.986e-01  
1.034e+00  2.574e-03  
9.994e-01  1.974e-03  
9.519e-01  7.004e-02  
1.995e-03  1.001e+00  
9.741e-01  2.683e-02  
1.802e-03  1.004e+00  
1.000e+00  5.777e-04  
9.741e-01  2.683e-02  
3.971e-02  9.941e-01  
7.072e-01  1.801e-01  
9.997e-01  2.915e-04  
3.111e-02  9.955e-01  
1.001e+00  3.574e-03  
9.741e-01  2.683e-02  
7.087e-01  1.928e-01  
3.692e-03  1.001e+00  
8.385e-01  1.096e-01  
9.227e-01  6.246e-02  
9.874e-01  1.586e-02  
9.988e-01  3.647e-03  
3.273e-01  5.140e-01  
7.058e-02  9.903e-01  
9.118e-01  6.199e-02  
5.979e-02  9.930e-01  
9.124e-03  9.980e-01  
1.995e-03  1.001e+00  
6.989e-01  2.217e-01  
8.546e-01  1.273e-01  
9.124e-03  9.980e-01  
7.205e-01  1.819e-01  
9.994e-01  1.974e-03  
2.845e-01  5.841e-01  
2.729e-01  5.807e-01  
3.022e-01  5.671e-01  
5.224e-01  3.238e-01  
9.053e-01  1.069e-01  
1.802e-03  1.004e+00  
2.205e-01  6.822e-01  
9.341e-01  8.541e-02  
7.702e-01  1.744e-01  
8.858e-02  9.957e-01  
9.645e-01  2.843e-02  
5.037e-01  3.386e-01  
3.769e-01  4.834e-01  
1.000e+00  5.777e-04  
6.952e-01  1.956e-01  
7.072e-01  1.967e-01  
3.190e-01  5.483e-01  
2.761e-01  5.745e-01  
7.033e-02  9.957e-01  
2.819e-02  1.000e+00  
2.325e-01  7.366e-01  
2.325e-01  7.366e-01  
4.845e-01  3.749e-01  
4.892e-01  3.427e-01  
3.881e-01  4.765e-01  
8.337e-01  1.434e-01  
3.466e-01  4.971e-01  
4.892e-01  3.427e-01  
9.053e-01  1.069e-01  
7.033e-02  9.957e-01  
7.210e-01  1.714e-01  
3.051e-01  5.557e-01  
3.001e-01  5.292e-01  
1.034e+00  2.574e-03  
3.861e-01  4.572e-01  
2.082e-01  8.485e-01  
2.995e-01  5.385e-01  
2.891e-01  5.820e-01  
6.207e-01  3.032e-01  
2.426e-01  7.993e-01  
3.923e-01  4.813e-01  
1.000e+00  5.777e-04  
7.087e-01  1.928e-01  
2.891e-01  5.820e-01  
1.034e+00  2.574e-03  
3.111e-02  9.955e-01  
5.308e-01  3.288e-01  
3.908e-01  4.312e-01  
1.915e-01  9.043e-01  
6.023e-01  2.841e-01  
9.342e-01  4.920e-02  
9.741e-01  2.683e-02  
4.715e-01  4.110e-01  
5.716e-02  9.963e-01  
4.635e-01  4.286e-01  
2.977e-01  5.761e-01  
2.179e-03  1.026e+00  
9.742e-03  9.999e-01  
4.892e-01  3.845e-01  
7.072e-01  1.967e-01  
5.229e-01  3.337e-01  
3.289e-03  1.002e+00  
2.437e-02  1.049e+00  
4.542e-01  3.804e-01  
4.542e-01  3.804e-01  
7.072e-01  1.967e-01  
2.082e-01  8.485e-01  
4.247e-01  4.121e-01  
