1.498e-01  1.901e+00  
1.665e+00  6.773e-02  
1.037e+00  6.157e-01  
1.084e+00  3.994e-01  
6.802e-01  1.193e+00  
1.037e+00  4.938e-01  
3.073e-01  1.317e+00  
6.001e-01  1.165e+00  
1.239e+00  2.174e-01  
1.369e+00  9.275e-02  
1.614e-01  1.661e+00  
1.048e+00  7.077e-01  
1.161e+00  3.544e-01  
6.848e-01  1.169e+00  
8.439e-01  1.161e+00  
1.119e+00  2.701e-01  
4.545e-01  1.207e+00  
3.565e-01  1.267e+00  
1.059e+00  5.398e-01  
1.319e+00  1.821e-01  
7.260e-01  1.232e+00  
1.061e+00  5.028e-01  
1.041e+00  7.756e-01  
1.314e+00  1.638e-01  
1.036e+00  5.873e-01  
1.319e+00  9.379e-02  
6.802e-01  1.193e+00  
1.506e-01  1.536e+00  
8.456e-01  1.162e+00  
1.880e-01  1.385e+00  
1.075e+00  4.330e-01  
1.150e+00  2.690e-01  
3.565e-01  1.267e+00  
1.137e+00  2.698e-01  
1.546e+00  9.946e-02  
1.642e-01  1.482e+00  
7.303e-01  1.272e+00  
3.133e-01  1.320e+00  
2.715e-01  1.314e+00  
1.059e+00  5.398e-01  
5.838e-01  1.162e+00  
1.041e+00  6.149e-01  
7.818e-01  1.194e+00  
6.802e-01  1.193e+00  
2.059e-01  1.364e+00  
1.143e+00  3.990e-01  
1.048e+00  4.575e-01  
1.309e+00  1.432e-01  
1.044e+00  7.440e-01  
4.657e-01  1.169e+00  
1.044e+00  8.791e-01  
5.835e-01  1.166e+00  
1.506e-01  1.536e+00  
1.185e+00  6.268e-01  
1.880e-01  1.385e+00  
1.063e+00  7.652e-01  
1.141e+00  4.733e-01  
1.352e+00  7.808e-02  
4.296e-01  1.213e+00  
1.311e+00  1.580e-01  
1.150e+00  2.690e-01  
9.135e-01  1.161e+00  
1.130e+00  2.450e-01  
1.139e+00  3.605e-01  
4.452e-01  1.352e+00  
1.139e+00  2.713e-01  
2.594e-01  1.326e+00  
1.139e+00  3.605e-01  
1.044e+00  8.791e-01  
1.043e+00  5.861e-01  
1.141e+00  3.107e-01  
4.254e-01  1.205e+00  
1.185e+00  6.268e-01  
5.933e-01  1.163e+00  
1.051e+00  8.828e-01  
3.765e-01  1.349e+00  
2.149e-01  1.337e+00  
1.143e+00  2.569e-01  
1.073e+00  6.102e-01  
1.460e+00  1.294e-01  
1.041e+00  5.394e-01  
6.277e-01  1.166e+00  
1.058e+00  1.025e+00  
1.041e+00  6.149e-01  
8.028e-01  1.163e+00  
1.063e+00  5.817e-01  
4.452e-01  1.352e+00  
2.104e-01  1.479e+00  
7.116e-01  1.162e+00  
1.046e+00  6.361e-01  
4.621e-01  1.164e+00  
1.078e+00  3.794e-01  
1.327e+00  1.050e-01  
1.642e-01  1.482e+00  
1.327e+00  2.462e-01  
6.594e-01  1.173e+00  
1.046e+00  9.365e-01  
1.048e+00  5.116e-01  
6.387e-01  1.170e+00  
1.068e+00  7.771e-01  
2.036e-01  1.446e+00  
3.946e-01  1.320e+00  
1.041e+00  6.149e-01  
2.473e-01  1.351e+00  
1.185e+00  6.268e-01  
1.139e+00  2.713e-01  
1.670e-01  1.509e+00  
1.041e+00  9.472e-01  
1.075e+00  4.497e-01  
1.150e+00  2.690e-01  
8.813e-01  1.171e+00  
4.452e-01  1.352e+00  
7.250e-01  1.165e+00  
8.813e-01  1.171e+00  
5.300e-01  1.165e+00  
1.309e+00  1.432e-01  
3.576e-01  1.176e+00  
1.153e+00  2.618e-01  
1.642e-01  1.482e+00  
1.311e+00  1.344e-01  
1.359e+00  8.661e-02  
3.925e-01  1.239e+00  
1.546e+00  9.946e-02  
4.404e-01  1.210e+00  
1.127e+00  3.044e-01  
1.498e-01  1.901e+00  
1.311e+00  1.200e-01  
7.885e-01  1.163e+00  
1.513e+00  7.472e-02  
7.781e-01  1.161e+00  
1.314e+00  1.638e-01  
3.073e-01  1.317e+00  
2.059e-01  1.364e+00  
2.715e-01  1.314e+00  
1.337e+00  8.671e-02  
1.311e+00  2.291e-01  
1.352e+00  7.808e-02  
5.301e-01  1.213e+00  
1.171e+00  4.299e-01  
4.545e-01  1.207e+00  
1.735e-01  1.420e+00  
1.058e+00  5.615e-01  
1.155e+00  3.724e-01  
7.250e-01  1.165e+00  
7.116e-01  1.162e+00  
1.088e+00  8.745e-01  
3.576e-01  1.176e+00  
1.067e+00  4.195e-01  
2.059e-01  1.364e+00  
5.442e-01  1.168e+00  
6.594e-01  1.173e+00  
1.150e+00  2.690e-01  
6.001e-01  1.165e+00  
1.059e+00  6.364e-01  
4.452e-01  1.352e+00  
1.055e+00  5.433e-01  
3.565e-01  1.267e+00  
4.973e-01  1.176e+00  
1.041e+00  6.149e-01  
1.046e+00  6.361e-01  
1.078e+00  3.794e-01  
6.848e-01  1.169e+00  
1.063e+00  5.817e-01  
3.583e-01  1.184e+00  
1.037e+00  6.157e-01  
7.086e-01  1.164e+00  
6.062e-01  1.161e+00  
1.073e+00  6.102e-01  
1.372e+00  7.767e-02  
1.041e+00  6.149e-01  
1.041e+00  7.756e-01  
1.058e+00  5.615e-01  
1.464e-01  1.528e+00  
1.053e+00  5.665e-01  
2.036e-01  1.446e+00  
1.045e+00  6.018e-01  
2.059e-01  1.364e+00  
1.041e+00  7.756e-01  
2.251e-01  1.403e+00  
1.059e+00  6.763e-01  
1.161e+00  3.544e-01  
6.387e-01  1.170e+00  
1.048e+00  8.308e-01  
1.039e+00  8.820e-01  
1.143e+00  2.569e-01  
1.179e+00  3.041e-01  
4.545e-01  1.207e+00  
9.793e-01  1.162e+00  
1.041e+00  6.149e-01  
7.781e-01  1.161e+00  
1.059e+00  6.364e-01  
1.063e+00  5.817e-01  
1.089e+00  4.908e-01  
1.041e+00  7.756e-01  
1.315e+00  1.262e-01  
1.139e+00  2.713e-01  
7.781e-01  1.161e+00  
1.044e+00  4.325e-01  
7.250e-01  1.165e+00  
3.073e-01  1.317e+00  
1.050e+00  6.135e-01  
4.304e-01  1.171e+00  
1.045e+00  7.121e-01  
1.312e+00  1.654e-01  
5.768e-01  1.168e+00  
1.076e+00  3.687e-01  
1.045e+00  6.458e-01  
2.059e-01  1.364e+00  
1.125e+00  2.676e-01  
1.540e-01  1.622e+00  
1.318e+00  1.250e-01  
1.161e+00  3.544e-01  
1.048e+00  4.575e-01  
3.787e-01  1.219e+00  
1.042e+00  7.112e-01  
1.312e+00  1.362e-01  
1.137e+00  2.698e-01  
1.108e+00  3.520e-01  
1.155e+00  3.724e-01  
2.482e-01  1.368e+00  
3.811e-01  1.177e+00  
3.925e-01  1.239e+00  
2.274e-01  1.380e+00  
1.153e+00  2.804e-01  
1.546e+00  9.946e-02  
4.452e-01  1.352e+00  
3.502e-01  1.204e+00  
3.576e-01  1.176e+00  
6.848e-01  1.169e+00  
2.594e-01  1.326e+00  
1.146e+00  4.994e-01  
1.311e+00  2.043e-01  
1.498e-01  1.901e+00  
8.456e-01  1.162e+00  
1.161e+00  3.544e-01  
1.145e+00  3.111e-01  
8.125e-01  1.162e+00  
1.880e-01  1.385e+00  
2.546e-01  1.325e+00  
1.044e+00  4.325e-01  
1.540e-01  1.622e+00  
1.910e-01  1.318e+00  
1.314e+00  1.638e-01  
3.576e-01  1.176e+00  
1.315e+00  1.749e-01  
1.139e+00  2.713e-01  
5.713e-01  1.182e+00  
1.314e+00  1.638e-01  
5.442e-01  1.168e+00  
1.614e-01  1.661e+00  
1.153e+00  2.618e-01  
1.311e+00  1.580e-01  
1.880e-01  1.385e+00  
1.144e+00  3.451e-01  
1.311e+00  1.377e-01  
1.694e+00  6.987e-02  
1.327e+00  8.553e-02  
1.323e+00  1.793e-01  
6.802e-01  1.193e+00  
1.369e+00  9.275e-02  
1.197e+00  3.360e-01  
1.158e+00  3.449e-01  
1.153e+00  2.618e-01  
1.642e-01  1.482e+00  
1.041e+00  6.149e-01  
1.315e+00  2.087e-01  
1.119e+00  2.435e-01  
1.137e+00  2.698e-01  
2.053e-01  1.393e+00  
5.476e-01  1.195e+00  
2.104e-01  1.479e+00  
3.576e-01  1.176e+00  
1.041e+00  6.149e-01  
7.116e-01  1.162e+00  
5.801e-01  1.161e+00  
1.121e+00  2.589e-01  
1.715e-01  1.328e+00  
4.690e-01  1.213e+00  
1.075e+00  4.330e-01  
2.274e-01  1.380e+00  
2.546e-01  1.325e+00  
6.848e-01  1.169e+00  
1.141e+00  4.733e-01  
1.108e+00  3.520e-01  
4.729e-01  1.223e+00  
1.506e-01  1.536e+00  
1.323e+00  1.793e-01  
3.502e-01  1.204e+00  
1.596e-01  1.376e+00  
3.357e-01  1.329e+00  
1.036e+00  5.873e-01  
1.035e+00  5.445e-01  
3.044e-01  1.406e+00  
1.141e+00  4.733e-01  
1.185e+00  6.268e-01  
1.035e+00  9.263e-01  
1.041e+00  9.472e-01  
4.905e-01  1.195e+00  
1.073e+00  6.102e-01  
1.039e+00  8.820e-01  
1.642e-01  1.482e+00  
7.194e-01  1.162e+00  
1.065e+00  4.631e-01  
1.041e+00  6.149e-01  
1.036e+00  9.324e-01  
1.061e+00  5.028e-01  
1.569e-01  1.506e+00  
7.116e-01  1.162e+00  
1.045e+00  6.458e-01  
1.064e+00  8.903e-01  
2.059e-01  1.364e+00  
4.304e-01  1.171e+00  
1.063e+00  7.652e-01  
1.130e+00  2.450e-01  
3.073e-01  1.317e+00  
1.059e+00  6.364e-01  
1.065e+00  4.631e-01  
1.042e+00  4.880e-01  
5.026e-01  1.172e+00  
1.061e+00  5.028e-01  
1.037e+00  4.938e-01  
1.185e+00  6.268e-01  
6.277e-01  1.166e+00  
1.309e+00  1.432e-01  
4.621e-01  1.164e+00  
3.073e-01  1.317e+00  
1.315e+00  1.545e-01  
1.112e+00  4.625e-01  
1.171e+00  4.299e-01  
2.274e-01  1.380e+00  
1.061e+00  5.028e-01  
1.041e+00  9.472e-01  
1.051e+00  8.828e-01  
3.632e-01  1.207e+00  
4.951e-01  1.184e+00  
7.250e-01  1.165e+00  
1.116e+00  5.746e-01  
1.309e+00  1.432e-01  
1.042e+00  1.075e+00  
4.973e-01  1.176e+00  
1.155e+00  3.724e-01  
5.166e-01  1.176e+00  
1.063e+00  7.652e-01  
1.041e+00  5.242e-01  
4.744e-01  1.175e+00  
1.119e+00  2.435e-01  
3.925e-01  1.239e+00  
1.048e+00  4.575e-01  
3.918e-01  1.200e+00  
1.115e+00  1.009e+00  
1.059e+00  6.364e-01  
4.545e-01  1.207e+00  
3.885e-01  1.191e+00  
1.153e+00  2.618e-01  
5.933e-01  1.163e+00  
8.813e-01  1.171e+00  
1.075e+00  5.253e-01  
8.298e-01  1.180e+00  
7.781e-01  1.161e+00  
5.838e-01  1.162e+00  
2.594e-01  1.326e+00  
1.039e+00  8.820e-01  
1.064e+00  8.903e-01  
1.973e-01  1.352e+00  
9.793e-01  1.162e+00  
7.169e-01  1.169e+00  
1.152e+00  2.718e-01  
1.045e+00  6.458e-01  
1.073e+00  6.102e-01  
1.078e+00  3.794e-01  
8.219e-01  1.172e+00  
5.835e-01  1.166e+00  
6.596e-01  1.179e+00  
1.037e+00  4.938e-01  
1.099e+00  4.167e-01  
1.046e+00  6.361e-01  
1.145e+00  2.760e-01  
4.744e-01  1.175e+00  
1.311e+00  1.580e-01  
1.733e-01  1.316e+00  
1.041e+00  5.242e-01  
1.046e+00  6.361e-01  
6.387e-01  1.170e+00  
1.073e+00  6.102e-01  
3.073e-01  1.317e+00  
1.041e+00  6.149e-01  
7.250e-01  1.165e+00  
1.046e+00  6.361e-01  
1.315e+00  1.545e-01  
1.143e+00  3.990e-01  
1.048e+00  4.575e-01  
3.765e-01  1.349e+00  
1.508e-01  1.882e+00  
5.476e-01  1.195e+00  
1.121e+00  2.589e-01  
5.838e-01  1.162e+00  
1.150e+00  2.690e-01  
1.498e-01  1.901e+00  
1.380e+00  8.414e-02  
1.046e+00  6.361e-01  
5.301e-01  1.213e+00  
1.137e+00  2.698e-01  
1.973e-01  1.352e+00  
1.311e+00  2.291e-01  
1.139e+00  2.713e-01  
1.910e-01  1.318e+00  
5.835e-01  1.166e+00  
1.064e+00  8.903e-01  
1.054e+00  1.045e+00  
1.309e+00  1.432e-01  
1.119e+00  2.435e-01  
3.565e-01  1.267e+00  
1.145e+00  2.760e-01  
1.133e+00  2.594e-01  
5.476e-01  1.195e+00  
1.051e+00  8.828e-01  
6.913e-01  1.165e+00  
1.059e+00  6.364e-01  
1.043e+00  5.861e-01  
4.729e-01  1.223e+00  
1.139e+00  2.713e-01  
7.303e-01  1.272e+00  
1.311e+00  1.580e-01  
5.835e-01  1.166e+00  
1.064e+00  8.903e-01  
7.781e-01  1.161e+00  
3.632e-01  1.207e+00  
3.741e-01  1.190e+00  
1.041e+00  5.359e-01  
1.087e+00  4.829e-01  
1.153e+00  3.128e-01  
8.804e-01  1.182e+00  
1.093e+00  4.384e-01  
1.398e+00  3.849e-01  
1.786e-01  1.329e+00  
1.139e+00  3.605e-01  
1.311e+00  1.200e-01  
3.626e-01  1.201e+00  
3.565e-01  1.267e+00  
5.476e-01  1.195e+00  
1.041e+00  9.472e-01  
3.925e-01  1.239e+00  
3.632e-01  1.207e+00  
7.818e-01  1.194e+00  
7.086e-01  1.164e+00  
1.041e+00  5.394e-01  
1.398e+00  3.849e-01  
1.786e-01  1.329e+00  
1.150e+00  2.690e-01  
1.048e+00  8.308e-01  
2.251e-01  1.403e+00  
2.317e-01  1.326e+00  
1.137e+00  2.698e-01  
5.776e-01  1.179e+00  
3.717e-01  1.200e+00  
5.835e-01  1.166e+00  
1.325e+00  1.142e-01  
1.314e+00  1.638e-01  
7.303e-01  1.272e+00  
1.337e+00  8.671e-02  
1.045e+00  6.018e-01  
5.558e-01  1.165e+00  
1.311e+00  2.043e-01  
4.695e-01  1.213e+00  
1.653e-01  1.387e+00  
1.372e+00  7.767e-02  
4.254e-01  1.205e+00  
3.565e-01  1.267e+00  
1.141e+00  3.107e-01  
1.318e+00  1.250e-01  
1.143e+00  3.990e-01  
1.319e+00  1.821e-01  
1.380e+00  8.414e-02  
3.626e-01  1.215e+00  
4.178e-01  1.266e+00  
1.158e+00  3.449e-01  
1.161e+00  3.544e-01  
1.546e+00  9.946e-02  
1.041e+00  6.149e-01  
1.139e+00  3.605e-01  
1.150e+00  2.690e-01  
1.380e+00  8.414e-02  
1.646e+00  7.845e-02  
2.036e-01  1.446e+00  
3.694e-01  1.225e+00  
1.141e+00  3.107e-01  
1.880e-01  1.385e+00  
1.453e+00  3.001e-01  
5.864e-01  1.212e+00  
2.036e-01  1.446e+00  
6.277e-01  1.166e+00  
2.274e-01  1.380e+00  
3.925e-01  1.239e+00  
1.540e-01  1.622e+00  
1.314e+00  2.056e-01  
1.323e+00  1.793e-01  
1.369e+00  9.275e-02  
2.274e-01  1.380e+00  
1.540e-01  1.622e+00  
1.244e+00  2.553e-01  
2.105e-01  1.333e+00  
1.380e+00  8.414e-02  
1.323e+00  1.793e-01  
1.327e+00  8.553e-02  
1.735e-01  1.485e+00  
1.327e+00  8.553e-02  
1.614e-01  1.552e+00  
1.327e+00  8.553e-02  
1.346e+00  1.490e-01  
2.482e-01  1.368e+00  
1.119e+00  2.435e-01  
1.567e+00  7.405e-02  
2.046e-01  1.390e+00  
1.380e+00  8.414e-02  
1.313e+00  1.350e-01  
1.197e+00  3.360e-01  
1.735e-01  1.485e+00  
1.312e+00  1.362e-01  
1.317e+00  1.719e-01  
1.327e+00  8.553e-02  
1.318e+00  1.250e-01  
7.818e-01  1.194e+00  
3.133e-01  1.320e+00  
1.313e+00  1.340e-01  
1.836e-01  1.339e+00  
3.064e-01  1.335e+00  
2.036e-01  1.446e+00  
1.084e+00  3.994e-01  
1.150e+00  2.690e-01  
2.611e-01  1.332e+00  
1.119e+00  2.701e-01  
1.380e+00  8.414e-02  
6.848e-01  1.169e+00  
5.558e-01  1.165e+00  
5.476e-01  1.195e+00  
1.041e+00  5.394e-01  
1.314e+00  2.056e-01  
1.642e-01  1.482e+00  
4.729e-01  1.223e+00  
1.313e+00  1.350e-01  
1.153e+00  2.618e-01  
2.299e-01  1.372e+00  
1.361e+00  1.009e-01  
1.037e+00  4.938e-01  
8.217e-01  1.161e+00  
1.372e+00  7.767e-02  
1.139e+00  3.605e-01  
1.161e+00  3.544e-01  
6.848e-01  1.169e+00  
5.442e-01  1.168e+00  
2.417e-01  1.317e+00  
1.870e-01  1.425e+00  
5.431e-01  1.463e+00  
4.545e-01  1.207e+00  
1.061e+00  5.028e-01  
1.043e+00  5.861e-01  
7.885e-01  1.163e+00  
1.319e+00  1.821e-01  
6.387e-01  1.170e+00  
1.043e+00  5.861e-01  
1.311e+00  1.580e-01  
2.299e-01  1.372e+00  
1.197e+00  3.360e-01  
7.250e-01  1.165e+00  
5.835e-01  1.166e+00  
1.546e+00  9.946e-02  
7.781e-01  1.161e+00  
3.626e-01  1.201e+00  
5.933e-01  1.163e+00  
5.476e-01  1.195e+00  
1.044e+00  5.150e-01  
3.632e-01  1.207e+00  
9.793e-01  1.162e+00  
1.323e+00  1.793e-01  
1.121e+00  2.589e-01  
6.277e-01  1.166e+00  
1.347e+00  9.089e-02  
3.632e-01  1.207e+00  
1.040e+00  5.591e-01  
1.043e+00  1.043e+00  
3.632e-01  1.207e+00  
1.185e+00  6.268e-01  
1.310e+00  1.390e-01  
1.366e+00  1.466e-01  
1.039e+00  8.820e-01  
2.473e-01  1.351e+00  
1.064e+00  8.903e-01  
5.768e-01  1.168e+00  
1.569e-01  1.506e+00  
2.059e-01  1.364e+00  
1.041e+00  6.149e-01  
1.144e+00  3.389e-01  
1.041e+00  5.394e-01  
1.498e-01  1.901e+00  
1.498e-01  1.901e+00  
1.044e+00  8.791e-01  
1.063e+00  7.652e-01  
1.108e+00  3.520e-01  
4.452e-01  1.352e+00  
1.041e+00  7.756e-01  
