  3.2167795841585453e-002  4.6244590731441070e-002  3.4297580266203838e-002  8.9236475159388692e-002  4.3401300464162923e-001  2.8025882387114320e-001
  3.4124371107980299e-002  4.1098004351513499e-002  4.9271102768455963e-002  7.7153410667855721e-002  2.8705532295391639e-001  2.0074080133067534e-001
  4.0616099197222894e-002  3.7656953457524192e-002  4.1349958898674544e-002  6.2553278887585953e-002  4.3220465790900231e-001  2.2612047294006898e-001
  3.1683689564723894e-002  4.0969414896681620e-002  4.0048361343927807e-002  8.1923178293917528e-002  5.0791247362000247e-001  2.2871831732459683e-001
  3.3668165347866021e-002  4.4956864734751731e-002  3.1878713059522737e-002  6.8894001150776041e-002  3.4543419492679545e-001  2.2985617063251002e-001
  3.2004492310928563e-002  4.2054876571376715e-002  4.0743809496725979e-002  8.3079298148498334e-002  3.5409261395235475e-001  1.1519110963328578e-001
  3.1018122752572787e-002  4.1946618262648630e-002  4.5645785449977515e-002  1.0357052584926041e-001  2.7916956184835323e-001  5.7136940801879132e-001
  3.6282632853833589e-002  3.5829758877146262e-002  3.0428699817780892e-002  8.4114203284608793e-002  2.9767010406478323e-001  2.6419507430899453e-001
  3.5109074047327500e-002  4.8058157912026146e-002  4.2200078868834021e-002  8.7256005224553582e-002  3.1545103400525060e-001  1.2847775635588504e-001
  3.3663802744460500e-002  4.5878976459987460e-002  6.1850013477827114e-002  6.7974479439744953e-002  4.1293107583308514e-001  6.0456490025819254e-001
  3.6242251938384852e-002  4.5149109930431933e-002  4.1854056390857999e-002  6.6419742695580541e-002  3.6236242535609953e-001  5.9840122035592147e-001
  3.6595294686850258e-002  4.2335096659736601e-002  3.5027460516688133e-002  8.9815247291623393e-002  3.6882932281527403e-001  4.5909844403671568e-001
  3.1589194722674775e-002  3.6787683073778499e-002  5.1042631561951539e-002  8.5520430832800032e-002  4.0456556971222896e-001  1.3827415392273401e-001
  3.4760923925634908e-002  4.3486025197478670e-002  5.3335239694939710e-002  8.0879025802161456e-002  3.9103521171030342e-001  1.3260383143475155e-001
  3.4144825390759040e-002  4.5305202674172755e-002  4.8911591934857591e-002  7.3452021026233855e-002  2.8853479273811067e-001  3.0002658220677170e-001
  3.2445328624061000e-002  3.9588577085411317e-002  6.3933422948506152e-002  7.3479162359322656e-002  3.6478025207667625e-001  6.5171893252308633e-001
  3.7224943346252204e-002  5.0312841275701257e-002  3.9644264604447914e-002  9.4196392082693148e-002  2.6286288062584778e-001  1.3134829505481593e-001
  3.3614843580672508e-002  4.2468170982724283e-002  3.5881970440958942e-002  8.2570995528569335e-002  3.7326037781803678e-001  1.0430266765991963e-001
  2.6451238262811674e-002  3.9113074779540007e-002  3.7837142220372273e-002  8.7188083928310137e-002  3.9567085075946440e-001  2.1858821563894931e-001
  3.3356120888827237e-002  4.6924477370342658e-002  5.8572460929971724e-002  1.0372851332893357e-001  3.2324310277122287e-001  1.6854313746329247e-001
  3.1934623772377914e-002  4.6855561146685105e-002  5.5182025013090850e-002  6.7754340705345917e-002  3.3340987874093508e-001  6.4660954640666179e-001
  3.2540340768177120e-002  4.9286628894598332e-002  5.0112513540793414e-002  6.7324025056857389e-002  2.8241916877099776e-001  6.9271517923870807e-001
  3.1783594723826587e-002  4.5710775850649352e-002  3.3344038408656920e-002  8.3549037535409001e-002  5.0434657479112965e-001  5.6409678155037957e-001
  3.3919801571715244e-002  5.1906156406205529e-002  4.1153283980908985e-002  8.0124643979107027e-002  4.7743104450958751e-001  1.2917106745382370e-001
  3.1406551424137071e-002  4.1088142988450267e-002  4.6774569360577230e-002  6.4912523771984601e-002  3.7635712667662113e-001  2.0614138692406042e-001
  3.8268616170913053e-002  4.9948787477750910e-002  4.2915180138472390e-002  8.0528838816263743e-002  4.1858791403219991e-001  2.1513582562977951e-001
  3.1601849515786998e-002  3.9040257661872170e-002  3.6058851463088105e-002  8.0379562981281141e-002  4.1061564031078007e-001  1.3091746431534051e-001
  2.7706737205338488e-002  3.8284789000452360e-002  3.8323076089291239e-002  7.2814830671809036e-002  3.6557636263306148e-001  2.3085166714331318e-001
  3.2537027328995119e-002  4.3331977494396379e-002  3.6088292100073881e-002  9.2798585698422989e-002  4.1905436544245767e-001  2.6890209263568937e-001
  3.2474222759751231e-002  4.5073932165168577e-002  3.9896622468264038e-002  9.7933970456870953e-002  3.8172079899891787e-001  1.7210891560086949e-001
  3.3364552545881630e-002  4.3556382812354792e-002  4.3453426575156641e-002  8.1037494355192349e-002  3.7235325683483761e-001  3.0030160806232420e-001
  2.8439896696469936e-003  4.1898044628827218e-003  8.8045100190426839e-003  1.1111382902747336e-002  6.4531828050072529e-002  1.9296616543153552e-001
  2.6451238262811674e-002  3.5829758877146262e-002  3.0428699817780892e-002  6.2553278887585953e-002  2.6286288062584778e-001  1.0430266765991963e-001
  4.0616099197222894e-002  5.1906156406205529e-002  6.3933422948506152e-002  1.0372851332893357e-001  5.0791247362000247e-001  6.9271517923870807e-001
