5.183e-02  1.060e+00  
1.091e+00  5.369e-02  
7.527e-01  6.330e-01  
9.007e-01  3.223e-01  
1.009e-01  1.054e+00  
8.755e-01  5.005e-01  
8.557e-02  1.054e+00  
5.472e-01  7.954e-01  
1.094e+00  7.412e-02  
1.070e+00  1.012e-01  
7.675e-02  1.057e+00  
7.221e-01  5.878e-01  
8.866e-01  3.499e-01  
4.120e-01  9.278e-01  
5.683e-01  7.774e-01  
9.948e-01  2.635e-01  
7.310e-02  1.062e+00  
5.867e-02  1.049e+00  
8.760e-01  5.014e-01  
1.080e+00  1.270e-01  
4.538e-01  9.252e-01  
7.190e-01  6.016e-01  
6.252e-01  7.654e-01  
1.043e+00  1.331e-01  
8.033e-01  5.600e-01  
1.076e+00  6.317e-02  
3.934e-01  9.363e-01  
6.403e-02  1.048e+00  
5.490e-01  7.937e-01  
5.860e-02  1.044e+00  
8.840e-01  3.465e-01  
9.418e-01  2.887e-01  
5.637e-02  1.047e+00  
9.007e-01  3.223e-01  
1.076e+00  7.280e-02  
6.465e-02  1.059e+00  
4.518e-01  9.237e-01  
5.573e-02  1.050e+00  
6.290e-02  1.043e+00  
8.698e-01  4.449e-01  
5.853e-01  7.695e-01  
8.004e-01  5.676e-01  
5.434e-01  8.172e-01  
4.538e-01  9.252e-01  
6.285e-02  1.049e+00  
8.927e-01  3.323e-01  
7.905e-01  5.646e-01  
1.069e+00  1.085e-01  
7.419e-01  5.777e-01  
3.740e-01  9.823e-01  
5.691e-01  7.779e-01  
5.285e-01  8.608e-01  
5.292e-02  1.052e+00  
8.866e-01  3.499e-01  
6.992e-02  1.042e+00  
7.010e-01  6.655e-01  
8.866e-01  3.499e-01  
1.085e+00  5.269e-02  
5.140e-02  1.052e+00  
1.032e+00  1.626e-01  
1.094e+00  7.412e-02  
5.691e-01  7.779e-01  
1.085e+00  1.565e-01  
9.457e-01  2.826e-01  
6.766e-02  1.044e+00  
1.037e+00  2.437e-01  
6.378e-02  1.058e+00  
9.670e-01  2.763e-01  
7.079e-01  6.158e-01  
7.164e-01  6.026e-01  
9.771e-01  2.769e-01  
1.709e-01  1.100e+00  
8.866e-01  3.499e-01  
5.404e-01  8.602e-01  
7.010e-01  6.655e-01  
5.454e-02  1.048e+00  
7.583e-02  1.057e+00  
9.833e-01  2.674e-01  
8.658e-01  4.613e-01  
1.082e+00  5.879e-02  
8.707e-01  4.749e-01  
4.538e-01  9.252e-01  
6.459e-01  7.577e-01  
7.610e-01  5.629e-01  
5.683e-01  7.774e-01  
8.022e-01  5.599e-01  
6.206e-02  1.046e+00  
5.996e-02  1.041e+00  
5.432e-01  8.034e-01  
7.610e-01  5.629e-01  
3.710e-01  9.564e-01  
9.127e-01  3.113e-01  
1.082e+00  5.879e-02  
5.860e-02  1.044e+00  
1.038e+00  1.792e-01  
4.070e-01  9.237e-01  
5.691e-01  7.779e-01  
9.220e-01  2.999e-01  
4.070e-01  9.237e-01  
7.196e-01  5.978e-01  
5.125e-02  1.056e+00  
8.416e-02  1.058e+00  
7.419e-01  5.777e-01  
8.474e-02  1.055e+00  
8.794e-01  3.775e-01  
1.199e+00  1.912e-01  
5.309e-02  1.056e+00  
7.079e-01  6.158e-01  
9.488e-01  2.811e-01  
9.411e-01  2.878e-01  
5.661e-01  7.796e-01  
1.709e-01  1.100e+00  
4.177e-01  9.215e-01  
5.490e-01  7.937e-01  
3.744e-01  9.609e-01  
1.094e+00  7.412e-02  
6.440e-02  1.048e+00  
1.038e+00  1.792e-01  
5.938e-02  1.050e+00  
1.066e+00  1.454e-01  
1.093e+00  6.096e-02  
3.704e-01  9.665e-01  
1.069e+00  1.085e-01  
4.808e-02  1.051e+00  
9.282e-01  2.963e-01  
5.732e-02  1.051e+00  
1.082e+00  8.740e-02  
5.408e-01  8.310e-01  
1.093e+00  6.096e-02  
5.329e-01  8.453e-01  
1.073e+00  1.196e-01  
6.660e-02  1.044e+00  
7.844e-02  1.048e+00  
7.260e-02  1.058e+00  
1.094e+00  1.357e-01  
1.032e+00  1.626e-01  
1.096e+00  5.048e-02  
4.021e-01  9.373e-01  
1.002e+00  2.626e-01  
3.708e-01  9.899e-01  
5.860e-02  1.044e+00  
8.781e-01  4.058e-01  
9.158e-01  3.026e-01  
5.329e-01  8.453e-01  
5.809e-01  7.687e-01  
6.459e-01  7.577e-01  
3.704e-01  9.665e-01  
7.419e-01  5.777e-01  
9.116e-02  1.071e+00  
4.120e-01  9.278e-01  
4.694e-01  9.230e-01  
9.771e-01  2.769e-01  
5.329e-01  8.453e-01  
7.092e-01  6.268e-01  
1.709e-01  1.100e+00  
8.755e-01  5.005e-01  
7.844e-02  1.048e+00  
3.934e-01  9.363e-01  
7.190e-01  6.016e-01  
8.748e-01  4.300e-01  
9.457e-01  2.826e-01  
3.905e-01  9.445e-01  
8.734e-01  4.171e-01  
5.739e-02  1.048e+00  
6.038e-01  7.669e-01  
5.472e-01  7.954e-01  
5.809e-01  7.687e-01  
8.033e-01  5.600e-01  
1.070e+00  1.012e-01  
7.164e-01  6.026e-01  
7.048e-01  6.595e-01  
8.703e-01  4.720e-01  
5.088e-02  1.058e+00  
7.522e-01  5.774e-01  
5.353e-02  1.058e+00  
7.905e-01  5.646e-01  
6.820e-02  1.053e+00  
7.032e-01  7.079e-01  
6.290e-02  1.043e+00  
7.164e-01  6.026e-01  
8.866e-01  3.499e-01  
4.070e-01  9.237e-01  
5.683e-01  7.774e-01  
5.784e-01  7.708e-01  
1.094e+00  1.357e-01  
1.002e+00  2.626e-01  
3.897e-01  9.665e-01  
6.252e-01  7.639e-01  
7.479e-01  5.738e-01  
5.742e-01  7.744e-01  
7.164e-01  6.026e-01  
8.289e-01  5.473e-01  
7.010e-01  6.655e-01  
6.252e-01  7.639e-01  
1.073e+00  7.416e-02  
9.411e-01  2.878e-01  
5.490e-01  7.937e-01  
9.670e-01  2.763e-01  
5.490e-01  7.937e-01  
6.455e-02  1.052e+00  
8.874e-01  3.508e-01  
3.797e-01  9.516e-01  
7.527e-01  6.330e-01  
1.080e+00  1.270e-01  
4.487e-01  9.237e-01  
8.700e-01  3.937e-01  
7.098e-01  6.312e-01  
5.996e-02  1.041e+00  
1.002e+00  2.626e-01  
5.992e-02  1.056e+00  
1.071e+00  1.225e-01  
9.670e-01  2.763e-01  
9.196e-01  3.232e-01  
1.709e-01  1.100e+00  
7.048e-01  6.202e-01  
1.078e+00  8.561e-02  
9.705e-01  2.802e-01  
9.007e-01  3.223e-01  
9.457e-01  2.826e-01  
6.902e-02  1.058e+00  
3.625e-01  9.813e-01  
1.009e-01  1.054e+00  
5.573e-02  1.050e+00  
9.007e-01  3.223e-01  
1.076e+00  6.317e-02  
4.508e-02  1.051e+00  
7.825e-02  1.056e+00  
5.192e-02  1.048e+00  
4.173e-01  9.393e-01  
5.938e-02  1.050e+00  
1.064e+00  1.817e-01  
1.087e+00  8.864e-02  
5.292e-02  1.052e+00  
5.472e-01  7.954e-01  
9.023e-01  3.173e-01  
9.418e-01  2.887e-01  
5.509e-01  8.002e-01  
5.860e-02  1.044e+00  
8.416e-02  1.058e+00  
8.781e-01  4.058e-01  
5.226e-02  1.063e+00  
5.309e-02  1.056e+00  
1.087e+00  8.864e-02  
1.709e-01  1.100e+00  
1.032e+00  1.626e-01  
1.038e+00  1.792e-01  
3.866e-01  9.362e-01  
1.076e+00  6.317e-02  
4.062e-01  9.229e-01  
5.732e-02  1.051e+00  
1.032e+00  1.626e-01  
1.038e+00  1.792e-01  
5.938e-02  1.050e+00  
9.155e-01  2.997e-01  
1.083e+00  1.029e-01  
1.103e+00  4.760e-02  
1.082e+00  5.879e-02  
1.085e+00  5.269e-02  
4.301e-01  9.255e-01  
1.089e+00  5.995e-02  
9.023e-01  3.173e-01  
9.226e-01  2.955e-01  
1.047e+00  1.404e-01  
5.309e-02  1.056e+00  
7.120e-01  5.970e-01  
1.066e+00  1.454e-01  
1.094e+00  1.357e-01  
9.690e-01  2.814e-01  
5.992e-02  1.056e+00  
4.538e-01  9.252e-01  
5.938e-02  1.050e+00  
5.809e-02  1.052e+00  
7.098e-01  6.312e-01  
5.661e-01  7.796e-01  
5.432e-01  8.034e-01  
1.037e+00  2.455e-01  
8.557e-02  1.054e+00  
7.357e-02  1.058e+00  
8.866e-01  3.499e-01  
5.732e-02  1.051e+00  
5.996e-02  1.041e+00  
3.866e-01  9.362e-01  
9.942e-01  2.715e-01  
8.975e-01  3.278e-01  
3.740e-01  9.823e-01  
5.309e-02  1.056e+00  
1.062e+00  1.196e-01  
8.557e-02  1.054e+00  
5.821e-02  1.044e+00  
5.739e-02  1.048e+00  
8.669e-01  4.881e-01  
7.164e-01  6.026e-01  
5.573e-02  1.050e+00  
9.196e-01  3.232e-01  
8.698e-01  4.449e-01  
5.408e-01  8.310e-01  
6.252e-01  7.639e-01  
4.120e-01  9.278e-01  
8.748e-01  4.300e-01  
7.048e-01  6.595e-01  
5.938e-02  1.050e+00  
5.661e-01  7.796e-01  
8.742e-01  3.934e-01  
7.221e-01  5.878e-01  
5.857e-01  7.674e-01  
7.196e-01  5.978e-01  
5.165e-02  1.056e+00  
5.941e-01  7.662e-01  
7.905e-01  5.646e-01  
7.196e-01  5.978e-01  
5.739e-02  1.048e+00  
3.897e-01  9.665e-01  
7.164e-01  6.026e-01  
1.013e+00  2.650e-01  
7.675e-02  1.057e+00  
7.240e-01  5.875e-01  
8.698e-01  4.449e-01  
8.673e-01  4.317e-01  
4.173e-01  9.393e-01  
8.022e-01  5.599e-01  
8.289e-01  5.473e-01  
8.760e-01  5.014e-01  
4.538e-01  9.252e-01  
1.094e+00  1.357e-01  
4.173e-01  9.393e-01  
7.844e-02  1.048e+00  
1.069e+00  1.085e-01  
8.874e-01  3.508e-01  
9.457e-01  2.826e-01  
5.867e-02  1.049e+00  
7.039e-01  6.293e-01  
7.032e-01  7.079e-01  
6.252e-01  7.639e-01  
5.739e-02  1.048e+00  
3.744e-01  9.609e-01  
5.742e-01  7.744e-01  
8.760e-01  5.014e-01  
1.066e+00  1.454e-01  
6.252e-01  7.654e-01  
3.744e-01  9.609e-01  
9.007e-01  3.223e-01  
3.703e-01  9.642e-01  
7.120e-01  5.970e-01  
8.748e-01  4.300e-01  
3.710e-01  9.564e-01  
1.038e+00  1.792e-01  
6.216e-02  1.046e+00  
8.033e-01  5.600e-01  
5.042e-02  1.055e+00  
7.020e-01  6.762e-01  
7.419e-01  5.777e-01  
4.796e-02  1.049e+00  
3.703e-01  9.642e-01  
1.094e+00  1.357e-01  
5.472e-01  7.954e-01  
5.691e-01  7.779e-01  
8.734e-01  4.171e-01  
5.416e-01  8.172e-01  
5.490e-01  7.937e-01  
6.252e-01  7.639e-01  
8.416e-02  1.058e+00  
7.010e-01  6.655e-01  
7.043e-01  6.475e-01  
6.465e-02  1.059e+00  
5.941e-01  7.662e-01  
5.404e-01  8.602e-01  
1.199e+00  1.912e-01  
8.715e-01  4.444e-01  
8.760e-01  5.014e-01  
8.874e-01  3.508e-01  
5.633e-01  7.813e-01  
5.434e-01  8.172e-01  
4.517e-01  9.231e-01  
7.534e-01  5.721e-01  
8.794e-01  3.775e-01  
8.289e-01  5.473e-01  
9.849e-01  2.731e-01  
3.719e-01  9.612e-01  
1.038e+00  1.792e-01  
6.290e-02  1.043e+00  
8.874e-01  3.508e-01  
7.864e-01  5.651e-01  
5.661e-01  7.796e-01  
7.785e-01  5.603e-01  
5.573e-02  1.050e+00  
7.098e-01  6.312e-01  
5.578e-01  7.913e-01  
7.648e-01  5.747e-01  
1.070e+00  1.012e-01  
9.158e-01  3.026e-01  
8.687e-01  4.390e-01  
8.416e-02  1.058e+00  
5.860e-02  1.044e+00  
4.487e-01  9.237e-01  
1.066e+00  1.548e-01  
5.434e-01  8.172e-01  
1.199e+00  1.912e-01  
5.123e-02  1.053e+00  
1.085e+00  5.269e-02  
8.033e-01  5.600e-01  
4.120e-01  9.278e-01  
9.127e-01  3.113e-01  
5.996e-02  1.041e+00  
1.087e+00  8.864e-02  
1.094e+00  1.357e-01  
5.938e-02  1.050e+00  
4.096e-01  9.268e-01  
5.968e-01  7.661e-01  
7.050e-01  6.274e-01  
1.087e+00  8.864e-02  
1.002e+00  2.626e-01  
4.198e-02  1.051e+00  
9.705e-01  2.802e-01  
9.025e-01  3.183e-01  
5.417e-01  8.494e-01  
7.196e-01  5.978e-01  
3.964e-01  9.351e-01  
7.098e-01  6.312e-01  
7.626e-01  5.679e-01  
3.703e-01  9.642e-01  
9.457e-01  2.826e-01  
3.735e-01  9.890e-01  
1.073e+00  1.196e-01  
5.434e-01  8.172e-01  
7.098e-01  6.312e-01  
5.809e-01  7.687e-01  
5.637e-02  1.047e+00  
5.637e-02  1.047e+00  
7.404e-01  5.804e-01  
8.874e-01  3.508e-01  
9.025e-01  3.183e-01  
5.475e-01  7.974e-01  
9.023e-01  3.173e-01  
8.759e-01  3.652e-01  
6.403e-02  1.048e+00  
9.023e-01  3.173e-01  
1.073e+00  1.196e-01  
7.321e-02  1.060e+00  
6.404e-02  1.043e+00  
5.348e-01  8.322e-01  
6.038e-01  7.669e-01  
1.700e-01  1.094e+00  
4.508e-02  1.051e+00  
5.434e-01  8.172e-01  
4.694e-01  9.230e-01  
7.221e-01  5.878e-01  
9.025e-01  3.183e-01  
5.405e-02  1.046e+00  
1.064e+00  1.817e-01  
7.010e-01  6.655e-01  
5.573e-02  1.050e+00  
6.290e-02  1.043e+00  
8.975e-01  3.278e-01  
3.703e-01  9.642e-01  
7.844e-02  1.048e+00  
4.694e-01  9.230e-01  
1.085e+00  6.660e-02  
1.069e+00  1.085e-01  
3.744e-01  9.609e-01  
1.089e+00  5.995e-02  
8.033e-01  5.600e-01  
3.934e-01  9.363e-01  
1.032e+00  1.427e-01  
1.709e-01  1.100e+00  
5.309e-02  1.056e+00  
1.087e+00  4.690e-02  
3.703e-01  9.642e-01  
5.125e-02  1.056e+00  
9.771e-01  2.769e-01  
1.072e+00  1.056e-01  
9.488e-01  2.811e-01  
1.032e+00  1.626e-01  
1.076e+00  6.317e-02  
1.009e-01  1.054e+00  
5.840e-02  1.049e+00  
9.155e-01  2.997e-01  
8.720e-01  4.105e-01  
1.087e+00  8.864e-02  
8.289e-01  5.473e-01  
8.941e-01  3.211e-01  
1.002e+00  2.626e-01  
1.094e+00  7.412e-02  
1.093e+00  6.096e-02  
6.062e-02  1.051e+00  
6.977e-02  1.050e+00  
9.457e-01  2.826e-01  
7.844e-02  1.048e+00  
1.047e+00  1.782e-01  
4.152e-01  9.230e-01  
5.732e-02  1.051e+00  
5.285e-01  8.608e-01  
7.988e-02  1.061e+00  
5.809e-02  1.052e+00  
5.337e-02  1.056e+00  
1.038e+00  1.792e-01  
1.082e+00  5.879e-02  
1.084e+00  8.614e-02  
6.053e-02  1.051e+00  
5.821e-02  1.044e+00  
1.038e+00  1.792e-01  
5.573e-02  1.050e+00  
1.093e+00  6.096e-02  
1.076e+00  6.317e-02  
1.070e+00  1.012e-01  
5.755e-02  1.048e+00  
1.082e+00  5.879e-02  
5.821e-02  1.044e+00  
1.075e+00  7.807e-02  
1.069e+00  1.085e-01  
6.902e-02  1.058e+00  
9.771e-01  2.769e-01  
1.103e+00  4.760e-02  
8.557e-02  1.054e+00  
1.089e+00  5.995e-02  
1.066e+00  1.084e-01  
1.036e+00  2.570e-01  
5.821e-02  1.044e+00  
1.069e+00  1.085e-01  
1.073e+00  1.196e-01  
1.103e+00  5.834e-02  
1.082e+00  5.879e-02  
5.408e-01  8.310e-01  
5.996e-02  1.041e+00  
1.089e+00  5.995e-02  
5.123e-02  1.053e+00  
6.291e-02  1.045e+00  
6.228e-02  1.047e+00  
9.025e-01  3.183e-01  
1.032e+00  1.427e-01  
6.555e-02  1.041e+00  
9.158e-01  3.026e-01  
1.091e+00  5.369e-02  
4.120e-01  9.278e-01  
3.797e-01  9.516e-01  
5.329e-01  8.453e-01  
7.892e-01  5.625e-01  
1.072e+00  1.056e-01  
5.309e-02  1.056e+00  
3.703e-01  9.642e-01  
1.066e+00  1.084e-01  
1.036e+00  2.570e-01  
6.291e-02  1.045e+00  
1.075e+00  7.807e-02  
8.289e-01  5.473e-01  
5.472e-01  7.954e-01  
1.089e+00  5.995e-02  
9.158e-01  3.026e-01  
9.418e-01  2.887e-01  
5.408e-01  8.310e-01  
4.487e-01  9.237e-01  
7.675e-02  1.057e+00  
5.732e-02  1.051e+00  
4.958e-02  1.051e+00  
5.192e-02  1.048e+00  
7.190e-01  6.016e-01  
7.864e-01  5.651e-01  
5.894e-01  7.686e-01  
1.041e+00  1.204e-01  
5.578e-01  7.913e-01  
7.610e-01  5.629e-01  
1.066e+00  1.454e-01  
7.844e-02  1.048e+00  
9.481e-01  2.919e-01  
3.866e-01  9.362e-01  
5.434e-01  8.172e-01  
1.075e+00  7.807e-02  
5.968e-01  7.661e-01  
4.416e-02  1.049e+00  
4.517e-01  9.231e-01  
5.404e-01  8.602e-01  
8.874e-01  3.508e-01  
5.739e-02  1.048e+00  
5.472e-01  7.954e-01  
1.103e+00  5.834e-02  
9.653e-01  2.780e-01  
3.866e-01  9.362e-01  
1.103e+00  4.760e-02  
6.206e-02  1.046e+00  
8.703e-01  4.720e-01  
7.032e-01  7.079e-01  
6.902e-02  1.058e+00  
8.695e-01  4.456e-01  
1.069e+00  1.138e-01  
1.073e+00  7.416e-02  
7.010e-01  6.655e-01  
5.821e-02  1.044e+00  
7.240e-01  5.875e-01  
5.476e-01  9.410e-01  
5.265e-02  1.061e+00  
5.867e-02  1.049e+00  
7.648e-01  5.747e-01  
9.127e-01  3.113e-01  
7.221e-01  5.878e-01  
5.123e-02  1.053e+00  
5.265e-02  1.061e+00  
7.190e-01  6.016e-01  
7.098e-01  6.312e-01  
9.488e-01  2.811e-01  
5.454e-02  1.048e+00  
7.196e-01  5.978e-01  
