1.636e-02  1.055e+00  
9.834e-01  5.514e-02  
4.220e-01  4.383e-01  
6.416e-01  2.501e-01  
1.919e-01  6.401e-01  
6.131e-01  2.517e-01  
1.022e-01  7.627e-01  
3.113e-01  5.638e-01  
9.405e-01  1.506e-01  
9.516e-01  4.400e-02  
4.486e-02  8.629e-01  
4.419e-01  3.889e-01  
6.131e-01  2.509e-01  
2.558e-01  5.570e-01  
3.347e-01  4.788e-01  
7.451e-01  2.244e-01  
1.658e-01  7.350e-01  
1.036e-01  7.247e-01  
5.993e-01  3.418e-01  
9.402e-01  9.024e-02  
2.576e-01  5.361e-01  
4.671e-01  4.000e-01  
3.505e-01  4.437e-01  
9.395e-01  1.108e-01  
5.224e-01  3.858e-01  
9.503e-01  4.627e-02  
2.104e-01  5.922e-01  
2.776e-02  8.885e-01  
3.686e-01  5.370e-01  
4.844e-02  7.994e-01  
6.247e-01  2.559e-01  
7.385e-01  2.427e-01  
1.691e-01  6.435e-01  
6.970e-01  2.208e-01  
9.462e-01  5.736e-02  
4.486e-02  8.629e-01  
2.469e-01  5.389e-01  
1.036e-01  7.247e-01  
8.309e-02  7.430e-01  
5.172e-01  3.548e-01  
3.921e-01  4.807e-01  
4.957e-01  3.933e-01  
3.280e-01  5.144e-01  
2.372e-01  5.804e-01  
1.658e-01  7.350e-01  
6.300e-01  2.435e-01  
4.957e-01  3.933e-01  
9.387e-01  9.943e-02  
4.612e-01  3.902e-01  
2.113e-01  5.905e-01  
3.822e-01  4.458e-01  
2.558e-01  5.570e-01  
2.969e-02  1.050e+00  
6.033e-01  2.717e-01  
5.683e-02  8.122e-01  
4.631e-01  4.375e-01  
6.268e-01  2.559e-01  
9.643e-01  4.689e-02  
1.850e-01  6.242e-01  
9.415e-01  8.879e-02  
9.391e-01  5.518e-02  
3.514e-01  4.765e-01  
7.451e-01  2.244e-01  
6.836e-01  2.302e-01  
1.799e-01  6.478e-01  
7.167e-01  2.235e-01  
8.803e-02  7.679e-01  
6.268e-01  2.559e-01  
4.481e-01  4.223e-01  
4.526e-01  3.868e-01  
6.946e-01  2.358e-01  
1.901e-01  6.144e-01  
6.131e-01  2.509e-01  
2.995e-01  4.834e-01  
3.928e-01  4.437e-01  
1.658e-01  7.350e-01  
1.247e-01  6.959e-01  
6.898e-01  2.234e-01  
5.035e-01  3.624e-01  
9.521e-01  5.551e-02  
6.165e-01  2.979e-01  
2.558e-01  5.570e-01  
3.608e-01  4.501e-01  
5.091e-01  3.613e-01  
3.314e-01  5.063e-01  
5.451e-01  3.513e-01  
1.475e-01  6.764e-01  
3.028e-02  9.125e-01  
3.280e-01  5.144e-01  
5.116e-01  3.582e-01  
1.861e-01  6.274e-01  
6.233e-01  2.530e-01  
9.521e-01  5.551e-02  
3.337e-02  8.420e-01  
9.362e-01  1.353e-01  
2.450e-01  5.615e-01  
4.069e-01  4.383e-01  
6.106e-01  2.595e-01  
2.415e-01  5.411e-01  
4.739e-01  3.648e-01  
4.844e-02  7.994e-01  
1.247e-01  6.959e-01  
4.768e-01  3.764e-01  
7.033e-02  8.760e-01  
6.079e-01  2.595e-01  
9.373e-01  7.757e-02  
8.334e-03  9.727e-01  
4.631e-01  4.375e-01  
6.131e-01  2.517e-01  
6.898e-01  2.234e-01  
3.889e-01  4.893e-01  
1.691e-01  6.435e-01  
2.558e-01  5.570e-01  
3.895e-01  4.773e-01  
2.104e-01  5.922e-01  
9.503e-01  4.627e-02  
1.229e-01  7.199e-01  
9.378e-01  1.323e-01  
3.028e-02  9.125e-01  
9.402e-01  9.024e-02  
9.832e-01  6.169e-02  
2.010e-01  6.014e-01  
9.415e-01  8.879e-02  
1.575e-01  6.630e-01  
6.838e-01  2.390e-01  
2.969e-02  1.050e+00  
9.518e-01  4.726e-02  
3.569e-01  4.675e-01  
9.604e-01  4.454e-02  
3.031e-01  5.457e-01  
9.382e-01  6.404e-02  
1.022e-01  7.353e-01  
1.345e-01  7.179e-01  
7.755e-02  7.768e-01  
9.508e-01  4.122e-02  
9.376e-01  1.050e-01  
9.895e-01  7.198e-02  
2.280e-01  6.118e-01  
7.578e-01  2.184e-01  
2.104e-01  5.922e-01  
3.395e-02  8.546e-01  
6.079e-01  2.595e-01  
6.131e-01  2.517e-01  
2.746e-01  5.131e-01  
3.983e-01  5.065e-01  
3.289e-01  4.536e-01  
2.016e-01  6.266e-01  
5.118e-01  3.591e-01  
9.862e-02  7.249e-01  
2.568e-01  6.144e-01  
2.772e-01  5.333e-01  
7.451e-01  2.244e-01  
2.997e-01  5.382e-01  
4.957e-01  3.933e-01  
1.850e-01  6.242e-01  
6.216e-01  2.586e-01  
1.432e-01  6.882e-01  
2.222e-01  5.930e-01  
4.612e-01  3.902e-01  
6.106e-01  2.595e-01  
6.106e-01  2.595e-01  
2.412e-01  5.498e-01  
6.131e-01  2.509e-01  
1.475e-01  6.764e-01  
3.709e-01  4.527e-01  
3.921e-01  4.807e-01  
3.289e-01  4.536e-01  
5.177e-01  3.637e-01  
9.992e-01  7.282e-02  
4.946e-01  3.714e-01  
3.457e-01  4.549e-01  
6.165e-01  2.979e-01  
2.530e-02  9.970e-01  
5.118e-01  3.591e-01  
4.486e-02  8.629e-01  
5.118e-01  3.591e-01  
1.229e-01  7.199e-01  
4.303e-01  4.475e-01  
9.862e-02  7.249e-01  
4.671e-01  4.000e-01  
6.268e-01  2.559e-01  
2.471e-01  5.389e-01  
3.823e-01  4.361e-01  
3.726e-01  4.630e-01  
9.397e-01  1.044e-01  
7.167e-01  2.235e-01  
1.919e-01  6.401e-01  
3.397e-01  4.805e-01  
5.224e-01  3.858e-01  
3.261e-01  4.626e-01  
4.327e-01  3.969e-01  
6.106e-01  2.595e-01  
4.446e-01  4.342e-01  
3.828e-01  4.621e-01  
9.553e-01  6.869e-02  
6.268e-01  2.559e-01  
3.686e-01  5.370e-01  
6.131e-01  2.509e-01  
3.219e-01  4.738e-01  
1.247e-01  6.959e-01  
5.476e-01  3.698e-01  
2.415e-01  5.411e-01  
4.516e-01  4.223e-01  
9.382e-01  6.404e-02  
2.558e-01  5.570e-01  
6.252e-01  2.673e-01  
4.768e-01  3.764e-01  
7.173e-02  7.784e-01  
7.437e-01  2.172e-01  
2.973e-02  9.016e-01  
9.415e-01  8.879e-02  
6.059e-01  2.770e-01  
6.165e-01  2.979e-01  
1.762e-01  6.467e-01  
4.467e-01  4.287e-01  
9.503e-01  4.627e-02  
6.970e-01  2.208e-01  
6.262e-01  2.360e-01  
6.898e-01  2.278e-01  
6.181e-02  8.461e-01  
1.712e-01  6.263e-01  
1.799e-01  6.478e-01  
1.392e-01  7.035e-01  
6.275e-01  2.383e-01  
9.643e-01  4.689e-02  
1.762e-01  6.467e-01  
1.384e-01  7.540e-01  
1.603e-01  6.545e-01  
2.415e-01  5.411e-01  
5.657e-02  8.017e-01  
9.378e-01  1.323e-01  
9.359e-01  8.649e-02  
2.969e-02  1.050e+00  
3.314e-01  5.063e-01  
6.221e-01  2.343e-01  
7.578e-01  2.184e-01  
2.558e-01  5.570e-01  
3.337e-02  8.420e-01  
9.440e-02  7.551e-01  
6.233e-01  2.530e-01  
3.028e-02  9.125e-01  
5.161e-02  8.248e-01  
9.395e-01  1.108e-01  
1.762e-01  6.467e-01  
9.391e-01  5.518e-02  
9.395e-01  1.108e-01  
2.177e-01  5.998e-01  
9.518e-01  4.904e-02  
2.415e-01  5.411e-01  
2.385e-02  8.953e-01  
9.534e-01  1.195e-01  
9.378e-01  1.323e-01  
5.294e-02  8.885e-01  
7.385e-01  2.427e-01  
9.391e-01  5.518e-02  
9.503e-01  4.627e-02  
9.576e-01  4.421e-02  
9.643e-01  4.689e-02  
2.536e-01  5.855e-01  
9.992e-01  7.282e-02  
7.167e-01  2.235e-01  
6.898e-01  2.234e-01  
9.378e-01  1.323e-01  
2.258e-02  9.738e-01  
4.467e-01  4.287e-01  
9.395e-01  1.108e-01  
9.395e-01  1.674e-01  
7.281e-01  2.241e-01  
3.779e-02  9.054e-01  
2.412e-01  5.498e-01  
6.974e-02  7.958e-01  
1.901e-01  6.144e-01  
4.294e-01  4.124e-01  
2.998e-01  5.369e-01  
2.946e-01  4.989e-01  
7.341e-01  2.209e-01  
4.920e-02  8.304e-01  
1.691e-01  6.435e-01  
6.241e-01  2.484e-01  
3.337e-02  8.420e-01  
6.974e-02  7.958e-01  
2.243e-01  5.760e-01  
6.079e-01  2.595e-01  
6.241e-01  2.484e-01  
1.762e-01  6.467e-01  
2.969e-02  1.050e+00  
9.411e-01  8.215e-02  
1.335e-01  7.240e-01  
3.337e-02  8.420e-01  
1.200e-01  6.991e-01  
5.993e-01  3.418e-01  
4.903e-01  4.113e-01  
9.890e-02  7.798e-01  
6.059e-01  2.770e-01  
6.165e-01  2.979e-01  
3.347e-01  4.788e-01  
3.895e-01  4.773e-01  
2.282e-01  5.751e-01  
6.106e-01  2.595e-01  
4.070e-01  4.554e-01  
2.688e-02  9.087e-01  
3.457e-01  4.549e-01  
6.131e-01  2.509e-01  
4.682e-01  3.862e-01  
3.608e-01  4.501e-01  
4.787e-01  3.650e-01  
3.089e-02  9.112e-01  
3.457e-01  4.549e-01  
4.931e-01  3.639e-01  
3.289e-01  4.536e-01  
1.392e-01  7.035e-01  
2.036e-01  5.883e-01  
4.903e-01  4.113e-01  
7.437e-01  2.172e-01  
1.036e-01  7.247e-01  
4.612e-01  3.902e-01  
6.131e-01  2.517e-01  
6.033e-01  2.717e-01  
2.280e-01  6.118e-01  
5.476e-01  3.698e-01  
5.451e-01  3.513e-01  
5.993e-01  3.418e-01  
2.780e-01  6.540e-01  
9.376e-01  1.050e-01  
2.767e-01  5.531e-01  
1.247e-01  6.959e-01  
9.402e-01  9.024e-02  
6.131e-01  2.517e-01  
6.341e-01  2.727e-01  
9.890e-02  7.798e-01  
5.224e-01  3.858e-01  
4.070e-01  4.554e-01  
3.709e-01  4.527e-01  
1.432e-01  6.882e-01  
1.522e-01  6.606e-01  
3.895e-01  4.773e-01  
6.059e-01  2.770e-01  
9.391e-01  5.518e-02  
3.402e-01  4.530e-01  
1.861e-01  6.274e-01  
6.249e-01  2.529e-01  
2.450e-01  5.615e-01  
4.671e-01  4.000e-01  
6.165e-01  2.979e-01  
2.113e-01  5.905e-01  
9.395e-01  1.108e-01  
1.567e-01  6.869e-01  
5.476e-01  3.698e-01  
1.798e-01  6.288e-01  
3.289e-01  4.536e-01  
4.601e-01  3.821e-01  
1.799e-01  6.478e-01  
1.691e-01  6.435e-01  
9.395e-01  1.674e-01  
3.553e-01  4.854e-01  
3.347e-01  4.788e-01  
6.251e-01  3.305e-01  
2.998e-01  5.369e-01  
3.895e-01  4.773e-01  
3.726e-01  4.630e-01  
9.440e-02  7.551e-01  
4.303e-01  4.475e-01  
3.928e-01  4.437e-01  
3.395e-02  8.546e-01  
3.709e-01  4.527e-01  
2.846e-01  5.257e-01  
7.341e-01  2.209e-01  
5.410e-01  3.453e-01  
5.619e-01  3.483e-01  
6.233e-01  2.530e-01  
3.270e-01  4.739e-01  
2.997e-01  5.382e-01  
2.471e-01  5.389e-01  
5.224e-01  3.858e-01  
6.233e-01  2.530e-01  
5.118e-01  3.591e-01  
6.898e-01  2.278e-01  
1.970e-01  6.107e-01  
9.434e-01  8.442e-02  
7.173e-02  7.784e-01  
6.079e-01  2.595e-01  
5.224e-01  3.858e-01  
3.280e-01  5.144e-01  
5.035e-01  3.624e-01  
9.890e-02  7.798e-01  
4.671e-01  4.000e-01  
3.232e-01  4.786e-01  
4.717e-01  3.761e-01  
9.503e-01  4.627e-02  
6.268e-01  2.559e-01  
5.118e-01  3.591e-01  
1.392e-01  7.035e-01  
2.969e-02  1.050e+00  
3.113e-01  5.638e-01  
9.415e-01  8.879e-02  
3.347e-01  4.788e-01  
9.460e-01  2.060e-01  
8.899e-03  9.745e-01  
9.604e-01  4.337e-02  
5.421e-01  3.759e-01  
2.412e-01  5.498e-01  
6.898e-01  2.278e-01  
2.776e-02  8.885e-01  
9.391e-01  5.518e-02  
9.396e-01  1.188e-01  
7.033e-02  8.760e-01  
2.471e-01  5.389e-01  
3.302e-01  4.694e-01  
3.457e-01  4.549e-01  
9.387e-01  7.688e-02  
7.578e-01  2.184e-01  
1.658e-01  7.350e-01  
7.451e-01  2.244e-01  
6.838e-01  2.390e-01  
3.921e-01  4.807e-01  
4.407e-01  4.303e-01  
2.469e-01  5.389e-01  
4.467e-01  4.287e-01  
4.946e-01  3.714e-01  
1.937e-01  6.297e-01  
7.578e-01  2.184e-01  
1.970e-01  6.107e-01  
9.407e-01  1.003e-01  
3.569e-01  4.675e-01  
4.481e-01  4.223e-01  
3.289e-01  4.536e-01  
1.799e-01  6.478e-01  
1.861e-01  6.274e-01  
4.946e-01  3.714e-01  
6.106e-01  2.595e-01  
6.489e-01  2.419e-01  
3.569e-01  4.675e-01  
6.165e-01  2.979e-01  
6.233e-01  2.530e-01  
4.844e-02  7.994e-01  
6.286e-01  2.431e-01  
9.376e-01  1.050e-01  
1.575e-01  6.630e-01  
1.522e-01  6.606e-01  
3.921e-01  4.807e-01  
3.347e-01  4.788e-01  
1.861e-01  6.274e-01  
1.799e-01  6.478e-01  
2.998e-01  5.369e-01  
2.471e-01  5.389e-01  
4.946e-01  3.714e-01  
6.820e-01  2.369e-01  
6.974e-02  7.958e-01  
9.395e-01  1.108e-01  
3.928e-01  4.437e-01  
4.486e-02  8.629e-01  
1.229e-01  7.199e-01  
6.275e-01  2.383e-01  
2.104e-01  5.922e-01  
1.522e-01  6.606e-01  
2.576e-01  5.361e-01  
9.518e-01  4.904e-02  
9.359e-01  8.649e-02  
2.372e-01  5.804e-01  
9.726e-01  5.583e-02  
4.768e-01  3.764e-01  
2.767e-01  5.531e-01  
9.505e-01  1.314e-01  
1.799e-01  6.478e-01  
3.089e-02  9.112e-01  
9.834e-01  5.514e-02  
1.812e-01  6.122e-01  
1.247e-01  6.959e-01  
7.578e-01  2.184e-01  
9.503e-01  4.627e-02  
6.252e-01  2.673e-01  
9.895e-01  7.198e-02  
9.525e-01  5.804e-02  
1.229e-01  7.199e-01  
1.480e-01  6.751e-01  
6.540e-01  2.290e-01  
6.131e-01  2.509e-01  
9.726e-01  5.583e-02  
4.671e-01  4.000e-01  
6.176e-01  2.337e-01  
7.167e-01  2.234e-01  
9.725e-01  7.484e-02  
9.895e-01  7.198e-02  
5.063e-02  8.119e-01  
1.522e-01  6.606e-01  
6.898e-01  2.278e-01  
7.033e-02  8.760e-01  
9.395e-01  1.108e-01  
1.691e-01  6.435e-01  
3.395e-02  8.546e-01  
2.997e-01  5.382e-01  
1.036e-01  7.247e-01  
1.712e-01  6.263e-01  
3.089e-02  9.112e-01  
9.359e-01  8.649e-02  
9.503e-01  4.627e-02  
9.658e-01  5.000e-02  
7.474e-02  7.921e-01  
3.028e-02  9.125e-01  
9.411e-01  8.215e-02  
1.022e-01  7.353e-01  
9.658e-01  5.000e-02  
9.638e-01  5.801e-02  
9.643e-01  4.689e-02  
2.973e-02  9.016e-01  
9.576e-01  4.421e-02  
1.660e-02  1.004e+00  
9.643e-01  4.689e-02  
9.521e-01  5.551e-02  
9.890e-02  7.798e-01  
6.898e-01  2.278e-01  
9.508e-01  4.122e-02  
9.862e-02  7.249e-01  
9.576e-01  4.421e-02  
9.518e-01  4.904e-02  
7.281e-01  2.237e-01  
3.028e-02  9.125e-01  
9.376e-01  1.050e-01  
9.359e-01  8.649e-02  
9.829e-01  5.772e-02  
9.503e-01  4.627e-02  
2.866e-01  5.911e-01  
1.036e-01  7.247e-01  
9.415e-01  8.879e-02  
5.294e-02  8.885e-01  
9.862e-02  7.249e-01  
4.920e-02  8.304e-01  
6.233e-01  2.530e-01  
9.395e-01  1.108e-01  
8.309e-02  7.430e-01  
6.838e-01  2.390e-01  
9.521e-01  5.551e-02  
2.516e-01  5.501e-01  
2.471e-01  5.389e-01  
3.113e-01  5.638e-01  
5.188e-01  3.488e-01  
9.359e-01  8.649e-02  
2.688e-02  9.087e-01  
1.691e-01  6.435e-01  
9.725e-01  7.484e-02  
7.578e-01  2.184e-01  
7.033e-02  8.760e-01  
9.472e-01  5.029e-02  
5.335e-01  3.938e-01  
3.289e-01  4.536e-01  
9.503e-01  4.627e-02  
6.970e-01  2.208e-01  
6.898e-01  2.234e-01  
2.415e-01  5.411e-01  
2.469e-01  5.389e-01  
4.920e-02  8.304e-01  
3.755e-02  8.709e-01  
2.280e-01  6.118e-01  
1.850e-01  6.242e-01  
4.526e-01  3.868e-01  
5.022e-01  4.002e-01  
3.302e-01  4.694e-01  
9.359e-01  8.649e-02  
3.314e-01  5.063e-01  
5.335e-01  3.938e-01  
9.405e-01  1.506e-01  
9.440e-02  7.551e-01  
7.167e-01  2.234e-01  
2.576e-01  5.361e-01  
2.846e-01  5.257e-01  
9.503e-01  4.627e-02  
3.347e-01  4.788e-01  
1.480e-01  6.751e-01  
2.576e-01  5.361e-01  
2.767e-01  5.531e-01  
6.113e-01  3.232e-01  
1.407e-01  7.068e-01  
3.331e-01  4.620e-01  
9.643e-01  4.689e-02  
7.341e-01  2.209e-01  
2.450e-01  5.615e-01  
9.992e-01  7.282e-02  
1.247e-01  6.959e-01  
4.957e-01  3.933e-01  
3.903e-01  4.471e-01  
1.345e-01  7.179e-01  
6.251e-01  3.305e-01  
9.434e-01  8.442e-02  
9.725e-01  7.484e-02  
3.895e-01  4.773e-01  
6.974e-02  7.958e-01  
4.361e-01  4.156e-01  
2.767e-01  5.531e-01  
1.660e-02  1.004e+00  
9.710e-02  7.669e-01  
5.224e-01  3.858e-01  
7.385e-01  2.427e-01  
4.768e-01  3.764e-01  
1.547e-02  9.669e-01  
3.028e-02  9.125e-01  
4.327e-01  3.969e-01  
4.445e-01  4.277e-01  
6.341e-01  2.556e-01  
1.575e-01  6.630e-01  
3.928e-01  4.437e-01  
