2.065e-03  1.012e+00  
1.000e+00  1.185e-03  
4.005e-01  4.222e-01  
7.116e-01  2.282e-01  
2.077e-01  6.308e-01  
5.979e-01  2.738e-01  
1.197e-01  9.740e-01  
3.238e-01  5.132e-01  
9.003e-01  1.003e-01  
9.367e-01  5.772e-02  
4.017e-02  9.865e-01  
4.595e-01  4.019e-01  
6.219e-01  2.804e-01  
2.654e-01  5.885e-01  
3.970e-01  4.221e-01  
7.373e-01  1.823e-01  
1.799e-01  7.582e-01  
4.199e-03  1.001e+00  
5.882e-01  3.056e-01  
8.386e-01  1.253e-01  
2.996e-01  6.241e-01  
4.004e-01  4.039e-01  
4.347e-01  5.128e-01  
8.957e-01  9.331e-02  
5.033e-01  3.450e-01  
9.622e-01  2.830e-02  
2.236e-01  6.225e-01  
1.125e-02  1.005e+00  
3.286e-01  4.899e-01  
4.806e-02  9.784e-01  
6.558e-01  2.455e-01  
7.666e-01  2.191e-01  
2.077e-01  6.308e-01  
7.834e-01  2.227e-01  
9.457e-01  4.637e-02  
1.125e-02  1.005e+00  
2.990e-01  5.824e-01  
2.239e-02  9.980e-01  
4.017e-02  9.865e-01  
5.684e-01  3.076e-01  
3.780e-01  4.384e-01  
5.033e-01  3.450e-01  
3.241e-01  5.417e-01  
2.474e-01  6.671e-01  
1.736e-01  6.838e-01  
6.564e-01  2.346e-01  
5.101e-01  3.677e-01  
9.268e-01  6.749e-02  
4.626e-01  3.829e-01  
2.216e-01  6.061e-01  
3.919e-01  4.294e-01  
3.130e-01  5.522e-01  
6.101e-03  1.019e+00  
6.166e-01  2.912e-01  
1.818e-03  9.974e-01  
4.339e-01  3.782e-01  
6.172e-01  2.526e-01  
9.910e-01  1.417e-02  
2.236e-01  6.225e-01  
8.563e-01  1.055e-01  
8.356e-01  1.341e-01  
3.297e-01  5.410e-01  
8.121e-01  1.703e-01  
7.325e-01  2.283e-01  
1.836e-01  7.709e-01  
7.946e-01  1.791e-01  
4.017e-02  9.865e-01  
6.629e-01  2.427e-01  
4.581e-01  4.143e-01  
4.807e-01  4.261e-01  
7.946e-01  1.791e-01  
2.147e-01  6.426e-01  
5.839e-01  2.672e-01  
2.805e-01  5.279e-01  
4.290e-01  4.365e-01  
1.836e-01  7.709e-01  
1.508e-01  9.669e-01  
7.373e-01  1.823e-01  
5.510e-01  3.157e-01  
9.488e-01  4.694e-02  
5.728e-01  2.895e-01  
2.676e-01  5.488e-01  
4.347e-01  5.128e-01  
5.398e-01  3.242e-01  
3.882e-01  4.333e-01  
5.360e-01  3.239e-01  
1.809e-01  6.864e-01  
2.467e-02  1.010e+00  
3.104e-01  5.343e-01  
5.252e-01  3.658e-01  
2.125e-01  6.309e-01  
6.710e-01  2.258e-01  
9.827e-01  1.598e-02  
1.125e-02  1.005e+00  
8.856e-01  1.363e-01  
2.526e-01  5.829e-01  
4.034e-01  4.181e-01  
5.951e-01  2.614e-01  
2.746e-01  5.884e-01  
4.626e-01  3.829e-01  
2.951e-02  9.861e-01  
1.818e-03  9.974e-01  
4.750e-01  3.499e-01  
7.478e-02  9.808e-01  
6.184e-01  2.553e-01  
7.809e-01  1.371e-01  
1.125e-02  1.005e+00  
4.256e-01  4.192e-01  
6.710e-01  2.258e-01  
6.914e-01  2.080e-01  
3.477e-01  4.550e-01  
2.077e-01  6.308e-01  
2.982e-01  5.203e-01  
3.463e-01  4.715e-01  
2.228e-01  6.277e-01  
8.922e-01  8.314e-02  
1.859e-01  7.976e-01  
7.914e-01  1.505e-01  
4.017e-02  9.865e-01  
9.002e-01  7.326e-02  
9.791e-01  1.971e-02  
1.909e-01  6.373e-01  
9.622e-01  4.158e-02  
1.778e-01  6.922e-01  
6.805e-01  2.048e-01  
3.033e-02  9.981e-01  
9.827e-01  1.598e-02  
3.177e-01  5.186e-01  
1.000e+00  1.139e-07  
3.037e-01  5.223e-01  
9.494e-01  8.938e-02  
1.508e-01  9.669e-01  
1.011e-01  9.956e-01  
8.138e-02  9.866e-01  
9.909e-01  1.626e-02  
8.868e-01  1.162e-01  
9.917e-01  9.802e-03  
2.254e-01  6.049e-01  
7.545e-01  1.764e-01  
1.909e-01  6.373e-01  
3.209e-03  1.001e+00  
5.738e-01  2.962e-01  
6.629e-01  2.427e-01  
3.000e-01  5.707e-01  
3.137e-01  4.784e-01  
3.958e-01  4.168e-01  
1.909e-01  6.373e-01  
5.346e-01  3.329e-01  
1.508e-01  9.669e-01  
2.054e-01  6.134e-01  
3.020e-01  5.605e-01  
7.529e-01  1.859e-01  
3.228e-01  5.383e-01  
4.181e-01  3.965e-01  
2.125e-01  6.309e-01  
6.207e-01  2.979e-01  
1.859e-01  7.976e-01  
2.228e-01  6.277e-01  
4.638e-01  3.734e-01  
5.979e-01  2.738e-01  
6.322e-01  2.635e-01  
2.996e-01  6.241e-01  
5.360e-01  3.239e-01  
1.974e-01  6.686e-01  
3.892e-01  4.304e-01  
3.477e-01  4.550e-01  
3.773e-01  4.560e-01  
4.925e-01  3.476e-01  
9.480e-01  4.141e-02  
5.346e-01  3.329e-01  
3.970e-01  4.221e-01  
5.979e-01  2.738e-01  
1.520e-02  1.010e+00  
4.925e-01  3.476e-01  
3.209e-03  1.001e+00  
5.398e-01  3.242e-01  
1.218e-01  9.928e-01  
3.919e-01  4.294e-01  
3.169e-02  9.878e-01  
4.595e-01  4.019e-01  
6.758e-01  2.576e-01  
2.942e-01  5.330e-01  
3.892e-01  4.304e-01  
3.895e-01  4.802e-01  
7.914e-01  1.505e-01  
7.819e-01  1.745e-01  
2.405e-01  6.416e-01  
3.773e-01  4.560e-01  
5.115e-01  3.382e-01  
3.380e-01  4.780e-01  
3.958e-01  4.168e-01  
5.911e-01  3.369e-01  
4.005e-01  4.222e-01  
4.005e-01  4.222e-01  
9.509e-01  3.987e-02  
6.914e-01  2.080e-01  
3.000e-01  5.707e-01  
6.710e-01  2.258e-01  
3.104e-01  5.343e-01  
1.011e-01  9.956e-01  
5.398e-01  3.242e-01  
2.526e-01  5.829e-01  
4.339e-01  3.782e-01  
8.922e-01  8.314e-02  
2.526e-01  5.829e-01  
5.942e-01  2.709e-01  
4.794e-01  3.804e-01  
5.992e-02  9.855e-01  
8.922e-01  8.314e-02  
6.101e-03  1.019e+00  
9.488e-01  4.694e-02  
6.016e-01  2.488e-01  
5.979e-01  2.738e-01  
2.147e-01  6.426e-01  
4.256e-01  4.192e-01  
9.488e-01  4.694e-02  
7.482e-01  2.011e-01  
6.710e-01  2.258e-01  
7.025e-01  2.139e-01  
4.703e-02  9.914e-01  
2.108e-01  6.210e-01  
2.077e-01  6.308e-01  
1.836e-01  7.709e-01  
6.556e-01  2.195e-01  
9.758e-01  2.061e-02  
1.909e-01  6.373e-01  
1.778e-01  6.922e-01  
1.882e-01  7.584e-01  
3.020e-01  5.605e-01  
8.849e-02  1.027e+00  
8.393e-01  1.339e-01  
9.003e-01  1.003e-01  
2.081e-03  1.025e+00  
3.000e-01  5.707e-01  
7.853e-01  2.228e-01  
7.923e-01  1.729e-01  
3.137e-01  4.784e-01  
6.101e-03  1.019e+00  
1.218e-01  9.928e-01  
6.030e-01  2.726e-01  
6.496e-03  1.015e+00  
4.806e-02  9.784e-01  
8.872e-01  9.349e-02  
1.809e-01  6.864e-01  
8.640e-01  1.341e-01  
8.370e-01  1.339e-01  
2.108e-01  6.210e-01  
9.622e-01  4.158e-02  
2.236e-01  6.225e-01  
2.504e-02  1.002e+00  
8.856e-01  1.363e-01  
9.262e-01  1.247e-01  
6.101e-03  1.019e+00  
7.946e-01  1.791e-01  
9.451e-01  7.469e-02  
1.000e+00  1.185e-03  
9.710e-01  3.318e-02  
1.000e+00  1.185e-03  
2.478e-01  5.508e-01  
9.747e-01  3.119e-02  
7.373e-01  1.957e-01  
7.188e-01  1.952e-01  
8.519e-01  1.420e-01  
1.520e-02  1.010e+00  
3.919e-01  4.294e-01  
8.421e-01  1.149e-01  
7.820e-01  1.557e-01  
7.373e-01  1.823e-01  
5.870e-03  1.025e+00  
2.254e-01  6.049e-01  
2.239e-02  9.980e-01  
2.077e-01  6.308e-01  
4.649e-01  4.164e-01  
3.493e-01  4.961e-01  
2.944e-01  4.885e-01  
7.923e-01  1.729e-01  
1.818e-03  9.974e-01  
1.809e-01  6.864e-01  
6.747e-01  2.496e-01  
3.033e-02  9.981e-01  
5.992e-02  9.855e-01  
2.169e-01  6.309e-01  
6.302e-01  2.745e-01  
6.629e-01  2.427e-01  
2.125e-01  6.309e-01  
7.110e-03  1.030e+00  
8.754e-01  8.505e-02  
1.818e-03  9.974e-01  
3.033e-02  9.981e-01  
1.836e-01  7.709e-01  
5.799e-01  3.237e-01  
4.339e-01  3.782e-01  
9.485e-02  9.799e-01  
5.937e-01  2.562e-01  
5.728e-01  2.895e-01  
3.974e-01  4.856e-01  
3.970e-01  4.221e-01  
2.228e-01  6.277e-01  
5.834e-01  2.865e-01  
3.575e-01  4.714e-01  
6.496e-03  1.015e+00  
3.575e-01  4.714e-01  
6.302e-01  2.745e-01  
4.339e-01  3.782e-01  
3.919e-01  4.294e-01  
4.806e-01  3.664e-01  
3.033e-02  9.981e-01  
3.575e-01  4.714e-01  
5.394e-01  3.781e-01  
3.958e-01  4.168e-01  
1.778e-01  9.566e-01  
2.138e-01  6.404e-01  
4.905e-01  4.152e-01  
7.537e-01  1.825e-01  
1.437e-01  9.697e-01  
4.595e-01  4.019e-01  
5.882e-01  3.056e-01  
5.806e-01  2.838e-01  
2.254e-01  6.049e-01  
5.394e-01  3.781e-01  
5.360e-01  3.239e-01  
5.510e-01  3.157e-01  
2.990e-01  5.824e-01  
8.566e-01  1.157e-01  
3.000e-01  5.707e-01  
4.732e-03  9.967e-01  
8.922e-01  8.314e-02  
6.028e-01  2.573e-01  
6.758e-01  2.576e-01  
1.416e-01  9.799e-01  
3.958e-01  4.168e-01  
3.937e-01  4.012e-01  
3.780e-01  4.384e-01  
1.755e-01  8.057e-01  
2.236e-01  6.225e-01  
3.297e-01  5.410e-01  
6.088e-01  2.878e-01  
9.337e-01  9.302e-02  
3.410e-01  4.502e-01  
2.405e-01  6.416e-01  
6.758e-01  2.576e-01  
2.996e-01  6.241e-01  
4.696e-01  4.189e-01  
5.882e-01  3.056e-01  
1.974e-01  6.686e-01  
7.882e-01  1.456e-01  
1.799e-01  7.582e-01  
5.674e-01  3.179e-01  
1.940e-01  6.804e-01  
3.892e-01  4.304e-01  
4.638e-01  3.734e-01  
2.146e-01  7.523e-01  
2.228e-01  6.277e-01  
7.914e-01  1.505e-01  
3.007e-01  5.355e-01  
3.297e-01  5.410e-01  
6.030e-01  2.726e-01  
3.104e-01  5.343e-01  
3.104e-01  5.343e-01  
3.787e-01  4.475e-01  
1.818e-03  9.974e-01  
3.970e-01  4.221e-01  
3.575e-01  4.714e-01  
3.033e-02  9.981e-01  
3.575e-01  4.714e-01  
3.130e-01  5.522e-01  
7.809e-01  1.371e-01  
5.882e-01  3.056e-01  
5.674e-01  3.179e-01  
6.322e-01  2.635e-01  
3.297e-01  5.410e-01  
2.919e-01  4.994e-01  
2.942e-01  5.330e-01  
5.346e-01  3.329e-01  
6.474e-01  2.443e-01  
5.000e-01  3.686e-01  
7.819e-01  1.745e-01  
2.228e-01  6.277e-01  
9.002e-01  7.326e-02  
2.504e-02  1.002e+00  
5.671e-01  2.937e-01  
4.750e-01  3.499e-01  
3.415e-01  5.354e-01  
4.638e-01  3.734e-01  
4.732e-03  9.967e-01  
4.626e-01  3.829e-01  
3.137e-01  4.784e-01  
4.638e-01  3.734e-01  
9.321e-01  5.927e-02  
6.564e-01  2.346e-01  
5.398e-01  3.242e-01  
1.836e-01  7.709e-01  
7.587e-03  1.023e+00  
3.116e-01  5.500e-01  
7.809e-01  1.371e-01  
3.575e-01  4.714e-01  
8.121e-01  1.703e-01  
3.209e-03  1.001e+00  
9.813e-01  1.268e-02  
4.750e-01  3.499e-01  
2.634e-01  5.995e-01  
6.753e-01  2.071e-01  
1.510e-03  1.017e+00  
8.856e-01  1.363e-01  
7.946e-01  1.791e-01  
4.017e-02  9.865e-01  
2.942e-01  5.330e-01  
3.573e-01  4.478e-01  
3.892e-01  4.304e-01  
8.922e-01  8.314e-02  
7.545e-01  1.777e-01  
1.974e-01  6.686e-01  
7.381e-01  1.864e-01  
7.116e-01  2.282e-01  
3.238e-01  5.132e-01  
4.434e-01  3.816e-01  
3.007e-01  5.355e-01  
3.958e-01  4.168e-01  
4.806e-01  3.664e-01  
1.909e-01  6.373e-01  
6.753e-01  2.071e-01  
2.236e-01  6.225e-01  
9.173e-01  7.781e-02  
3.104e-01  5.343e-01  
3.970e-01  4.221e-01  
3.410e-01  4.502e-01  
1.974e-01  6.686e-01  
1.974e-01  6.686e-01  
4.626e-01  3.829e-01  
6.139e-01  2.715e-01  
6.710e-01  2.258e-01  
3.007e-01  5.355e-01  
6.166e-01  2.912e-01  
6.184e-01  2.553e-01  
3.033e-02  9.981e-01  
6.785e-01  2.229e-01  
9.094e-01  9.376e-02  
1.859e-01  7.976e-01  
1.778e-01  6.922e-01  
3.319e-01  5.733e-01  
3.974e-01  4.856e-01  
2.125e-01  6.309e-01  
1.940e-01  6.804e-01  
3.137e-01  4.784e-01  
2.990e-01  5.824e-01  
4.602e-01  3.864e-01  
7.141e-01  2.312e-01  
5.992e-02  9.855e-01  
7.914e-01  1.505e-01  
4.595e-01  4.019e-01  
5.992e-02  9.855e-01  
1.508e-01  9.669e-01  
7.468e-01  2.539e-01  
2.526e-01  5.829e-01  
1.799e-01  7.582e-01  
2.799e-01  5.411e-01  
9.622e-01  4.158e-02  
9.003e-01  1.003e-01  
2.654e-01  5.885e-01  
9.827e-01  1.598e-02  
5.422e-01  3.691e-01  
2.526e-01  5.829e-01  
9.262e-01  1.247e-01  
1.859e-01  7.976e-01  
1.125e-02  1.005e+00  
1.000e+00  3.549e-04  
2.077e-01  6.308e-01  
1.778e-01  9.566e-01  
7.946e-01  1.791e-01  
9.455e-01  4.956e-02  
5.979e-01  2.738e-01  
8.370e-01  1.339e-01  
9.710e-01  3.318e-02  
1.809e-01  6.864e-01  
1.882e-01  7.584e-01  
7.834e-01  2.227e-01  
6.207e-01  2.979e-01  
9.827e-01  2.131e-02  
5.398e-01  3.242e-01  
6.556e-01  2.195e-01  
7.740e-01  1.640e-01  
9.457e-01  4.637e-02  
1.000e+00  1.185e-03  
1.125e-02  1.005e+00  
1.799e-01  7.582e-01  
7.834e-01  2.227e-01  
8.101e-02  9.993e-01  
9.262e-01  1.247e-01  
2.054e-01  6.134e-01  
7.587e-03  1.023e+00  
3.228e-01  5.383e-01  
4.589e-03  1.058e+00  
1.919e-01  6.156e-01  
2.571e-02  1.000e+00  
8.981e-01  1.228e-01  
9.451e-01  7.469e-02  
9.836e-01  2.149e-02  
1.818e-03  9.974e-01  
5.870e-03  1.025e+00  
8.370e-01  1.339e-01  
9.485e-02  9.799e-01  
9.827e-01  1.598e-02  
9.827e-01  1.598e-02  
9.488e-01  4.694e-02  
6.101e-03  1.019e+00  
9.809e-01  2.181e-02  
6.496e-03  1.015e+00  
9.827e-01  2.131e-02  
9.488e-01  4.694e-02  
1.218e-01  9.928e-01  
7.946e-01  1.791e-01  
9.963e-01  3.629e-03  
3.169e-02  9.878e-01  
9.791e-01  1.971e-02  
9.321e-01  5.927e-02  
7.923e-01  1.729e-01  
2.571e-02  1.000e+00  
8.922e-01  8.314e-02  
9.494e-01  8.938e-02  
9.763e-01  1.865e-02  
9.791e-01  1.971e-02  
3.000e-01  5.707e-01  
1.218e-01  9.928e-01  
9.618e-01  7.305e-02  
4.806e-02  9.784e-01  
1.508e-01  9.669e-01  
3.169e-02  9.878e-01  
7.141e-01  2.312e-01  
8.856e-01  1.363e-01  
1.056e-01  9.901e-01  
7.631e-01  1.727e-01  
1.000e+00  1.185e-03  
2.254e-01  6.049e-01  
2.254e-01  6.049e-01  
2.996e-01  6.241e-01  
5.009e-01  3.535e-01  
9.173e-01  7.781e-02  
7.587e-03  1.023e+00  
2.147e-01  6.426e-01  
9.451e-01  7.469e-02  
7.631e-01  1.727e-01  
4.017e-02  9.865e-01  
9.827e-01  2.131e-02  
4.750e-01  3.499e-01  
3.660e-01  4.847e-01  
1.000e+00  1.185e-03  
7.373e-01  1.823e-01  
7.055e-01  1.988e-01  
3.297e-01  5.410e-01  
2.762e-01  5.832e-01  
3.169e-02  9.878e-01  
2.504e-02  1.002e+00  
2.125e-01  6.309e-01  
1.974e-01  6.686e-01  
4.696e-01  4.189e-01  
5.394e-01  3.781e-01  
3.974e-01  4.856e-01  
8.356e-01  1.341e-01  
3.176e-01  4.900e-01  
5.252e-01  3.658e-01  
9.262e-01  1.247e-01  
5.992e-02  9.855e-01  
7.666e-01  2.191e-01  
2.942e-01  5.330e-01  
3.101e-01  5.374e-01  
9.827e-01  1.598e-02  
3.451e-01  4.758e-01  
1.859e-01  7.976e-01  
3.000e-01  5.707e-01  
3.130e-01  5.522e-01  
5.979e-01  2.738e-01  
1.859e-01  7.976e-01  
2.944e-01  4.885e-01  
9.897e-01  1.394e-02  
7.923e-01  1.729e-01  
2.474e-01  6.671e-01  
9.791e-01  1.971e-02  
1.736e-01  6.838e-01  
5.674e-01  3.179e-01  
4.004e-01  4.447e-01  
1.778e-01  9.566e-01  
6.166e-01  2.912e-01  
9.710e-01  3.318e-02  
9.710e-01  3.318e-02  
4.034e-01  4.181e-01  
6.275e-02  1.001e+00  
4.649e-01  4.164e-01  
2.990e-01  5.824e-01  
6.496e-03  1.015e+00  
5.908e-02  9.809e-01  
5.394e-01  3.781e-01  
7.853e-01  2.228e-01  
5.346e-01  3.329e-01  
1.520e-02  1.010e+00  
7.110e-03  1.030e+00  
4.626e-01  3.829e-01  
4.626e-01  3.829e-01  
7.468e-01  2.539e-01  
1.778e-01  6.922e-01  
4.290e-01  4.365e-01  
