9.530e-01  4.893e-01  
1.772e+00  2.938e-01  
1.247e+00  3.941e-01  
1.594e+00  3.008e-01  
1.097e+00  4.218e-01  
1.464e+00  2.943e-01  
9.955e-01  4.923e-01  
1.230e+00  4.031e-01  
1.790e+00  2.854e-01  
1.515e+00  2.842e-01  
1.067e+00  4.777e-01  
1.262e+00  3.562e-01  
1.493e+00  2.913e-01  
1.116e+00  4.753e-01  
1.260e+00  4.068e-01  
1.598e+00  2.864e-01  
1.074e+00  4.246e-01  
9.839e-01  4.233e-01  
1.443e+00  2.875e-01  
1.490e+00  2.858e-01  
1.207e+00  4.369e-01  
1.368e+00  2.974e-01  
1.247e+00  3.657e-01  
1.594e+00  2.816e-01  
1.391e+00  2.841e-01  
1.623e+00  2.968e-01  
1.116e+00  4.753e-01  
9.507e-01  4.768e-01  
1.229e+00  4.554e-01  
1.012e+00  5.333e-01  
1.508e+00  2.862e-01  
1.528e+00  2.792e-01  
9.733e-01  3.877e-01  
1.670e+00  3.009e-01  
1.761e+00  2.913e-01  
9.496e-01  4.749e-01  
1.197e+00  5.421e-01  
9.828e-01  4.116e-01  
9.887e-01  4.644e-01  
1.521e+00  3.335e-01  
1.247e+00  3.941e-01  
1.464e+00  2.943e-01  
1.207e+00  4.369e-01  
1.134e+00  4.188e-01  
9.887e-01  4.644e-01  
1.675e+00  2.942e-01  
1.361e+00  3.172e-01  
1.428e+00  2.725e-01  
1.265e+00  3.621e-01  
1.077e+00  4.143e-01  
1.243e+00  4.009e-01  
1.142e+00  5.368e-01  
9.530e-01  4.893e-01  
1.511e+00  2.848e-01  
9.730e-01  4.320e-01  
1.247e+00  3.657e-01  
1.531e+00  2.971e-01  
1.448e+00  2.827e-01  
1.052e+00  4.750e-01  
1.563e+00  2.826e-01  
1.528e+00  2.792e-01  
1.239e+00  4.536e-01  
1.523e+00  2.849e-01  
1.614e+00  2.908e-01  
9.819e-01  3.849e-01  
1.624e+00  2.834e-01  
1.197e+00  5.421e-01  
1.522e+00  2.871e-01  
1.221e+00  3.686e-01  
1.359e+00  3.087e-01  
1.560e+00  2.909e-01  
1.138e+00  4.700e-01  
1.493e+00  2.913e-01  
1.214e+00  4.193e-01  
1.233e+00  3.756e-01  
9.887e-01  4.644e-01  
1.012e+00  4.624e-01  
1.552e+00  2.753e-01  
1.442e+00  2.991e-01  
1.586e+00  2.897e-01  
1.478e+00  2.864e-01  
1.071e+00  4.448e-01  
1.229e+00  4.554e-01  
1.487e+00  3.455e-01  
1.247e+00  3.941e-01  
1.391e+00  3.285e-01  
1.002e+00  3.757e-01  
1.197e+00  5.421e-01  
1.229e+00  4.340e-01  
1.391e+00  3.285e-01  
1.101e+00  4.211e-01  
1.622e+00  2.959e-01  
2.039e+00  3.098e-01  
9.507e-01  4.768e-01  
1.552e+00  2.699e-01  
1.111e+00  4.332e-01  
1.233e+00  3.756e-01  
1.529e+00  3.082e-01  
1.143e+00  4.516e-01  
1.259e+00  3.943e-01  
9.442e-01  4.908e-01  
9.831e-01  4.214e-01  
1.455e+00  2.816e-01  
9.831e-01  4.214e-01  
1.594e+00  3.008e-01  
1.552e+00  2.699e-01  
9.410e-01  4.812e-01  
1.265e+00  3.728e-01  
1.522e+00  2.871e-01  
1.763e+00  2.804e-01  
1.271e+00  4.582e-01  
9.733e-01  3.877e-01  
1.097e+00  4.218e-01  
1.048e+00  3.978e-01  
1.097e+00  4.218e-01  
1.703e+00  2.867e-01  
9.747e-01  4.369e-01  
1.631e+00  2.844e-01  
1.006e+00  4.994e-01  
1.631e+00  2.844e-01  
1.577e+00  3.054e-01  
1.031e+00  4.471e-01  
1.713e+00  2.769e-01  
1.016e+00  4.350e-01  
1.458e+00  2.838e-01  
9.938e-01  5.142e-01  
1.493e+00  2.778e-01  
1.239e+00  4.536e-01  
1.784e+00  2.851e-01  
1.155e+00  3.996e-01  
1.623e+00  2.968e-01  
1.001e+00  4.577e-01  
9.891e-01  4.369e-01  
9.839e-01  4.233e-01  
1.491e+00  2.781e-01  
1.577e+00  2.800e-01  
1.494e+00  2.399e-01  
1.097e+00  4.218e-01  
1.763e+00  2.804e-01  
1.077e+00  4.143e-01  
9.938e-01  5.142e-01  
1.495e+00  2.800e-01  
1.600e+00  3.034e-01  
1.142e+00  5.368e-01  
1.229e+00  4.340e-01  
1.265e+00  3.728e-01  
1.078e+00  4.647e-01  
1.361e+00  3.172e-01  
1.012e+00  4.624e-01  
1.031e+00  4.471e-01  
1.159e+00  4.029e-01  
1.636e+00  2.897e-01  
1.159e+00  4.029e-01  
1.238e+00  3.613e-01  
1.077e+00  4.143e-01  
1.529e+00  3.082e-01  
1.102e+00  4.836e-01  
1.081e+00  4.719e-01  
1.363e+00  3.060e-01  
1.407e+00  3.093e-01  
1.508e+00  2.862e-01  
1.142e+00  5.368e-01  
1.521e+00  3.335e-01  
9.874e-01  3.966e-01  
1.260e+00  3.805e-01  
1.214e+00  4.193e-01  
1.228e+00  3.854e-01  
1.405e+00  2.928e-01  
1.563e+00  2.826e-01  
1.464e+00  2.943e-01  
1.247e+00  3.941e-01  
1.474e+00  3.215e-01  
9.414e-01  5.000e-01  
1.359e+00  3.087e-01  
9.429e-01  4.718e-01  
1.474e+00  3.215e-01  
9.816e-01  4.360e-01  
1.218e+00  3.692e-01  
9.955e-01  4.923e-01  
1.278e+00  4.374e-01  
1.502e+00  2.797e-01  
1.142e+00  5.368e-01  
1.271e+00  4.582e-01  
1.241e+00  3.836e-01  
1.598e+00  2.864e-01  
1.636e+00  2.897e-01  
1.078e+00  4.647e-01  
1.247e+00  3.941e-01  
1.309e+00  3.836e-01  
1.229e+00  4.340e-01  
1.252e+00  3.898e-01  
1.361e+00  3.172e-01  
1.221e+00  3.686e-01  
1.289e+00  4.076e-01  
1.592e+00  2.763e-01  
1.502e+00  2.797e-01  
1.271e+00  4.582e-01  
1.581e+00  2.896e-01  
1.214e+00  4.193e-01  
1.052e+00  4.750e-01  
1.455e+00  2.816e-01  
1.116e+00  4.753e-01  
1.289e+00  4.076e-01  
1.552e+00  2.699e-01  
1.091e+00  3.781e-01  
1.531e+00  2.971e-01  
1.410e+00  3.101e-01  
9.955e-01  4.923e-01  
1.614e+00  2.908e-01  
9.938e-01  5.142e-01  
1.772e+00  2.938e-01  
1.405e+00  2.927e-01  
1.474e+00  3.215e-01  
1.077e+00  4.143e-01  
1.238e+00  3.613e-01  
1.448e+00  2.827e-01  
1.502e+00  2.797e-01  
1.557e+00  2.726e-01  
1.622e+00  2.959e-01  
9.887e-01  4.644e-01  
1.137e+00  4.162e-01  
1.078e+00  4.647e-01  
1.166e+00  5.967e-01  
1.581e+00  2.896e-01  
1.522e+00  2.923e-01  
9.891e-01  4.369e-01  
9.891e-01  4.369e-01  
1.013e+00  4.170e-01  
1.106e+00  4.179e-01  
9.828e-01  4.116e-01  
1.630e+00  2.767e-01  
2.042e+00  2.795e-01  
9.459e-01  5.753e-01  
1.229e+00  4.340e-01  
1.522e+00  2.871e-01  
1.636e+00  2.897e-01  
1.214e+00  4.193e-01  
9.828e-01  4.116e-01  
9.831e-01  4.214e-01  
1.581e+00  2.896e-01  
1.043e+00  4.763e-01  
9.496e-01  4.749e-01  
1.523e+00  2.849e-01  
1.052e+00  4.750e-01  
1.598e+00  2.864e-01  
1.636e+00  2.897e-01  
1.031e+00  4.471e-01  
1.563e+00  2.826e-01  
1.143e+00  4.516e-01  
9.869e-01  4.842e-01  
1.992e+00  3.045e-01  
1.551e+00  2.829e-01  
9.411e-01  4.694e-01  
1.512e+00  2.777e-01  
1.713e+00  2.769e-01  
1.589e+00  3.125e-01  
1.623e+00  2.968e-01  
1.761e+00  2.913e-01  
1.143e+00  4.944e-01  
1.607e+00  2.849e-01  
1.600e+00  3.034e-01  
1.533e+00  2.906e-01  
1.607e+00  2.803e-01  
9.938e-01  5.142e-01  
1.238e+00  3.613e-01  
1.631e+00  2.844e-01  
1.631e+00  2.844e-01  
1.614e+00  2.908e-01  
9.540e-01  4.475e-01  
1.237e+00  5.196e-01  
9.563e-01  4.208e-01  
9.930e-01  3.947e-01  
1.239e+00  3.851e-01  
1.207e+00  4.369e-01  
1.071e+00  4.448e-01  
1.523e+00  2.849e-01  
9.828e-01  4.112e-01  
1.052e+00  4.750e-01  
1.607e+00  2.803e-01  
9.400e-01  4.694e-01  
1.012e+00  5.333e-01  
1.185e+00  4.340e-01  
1.474e+00  2.895e-01  
1.581e+00  2.896e-01  
1.143e+00  4.516e-01  
9.410e-01  4.835e-01  
1.623e+00  2.968e-01  
9.828e-01  4.116e-01  
9.530e-01  4.893e-01  
9.806e-01  3.859e-01  
1.391e+00  3.285e-01  
1.361e+00  3.172e-01  
9.395e-01  4.732e-01  
1.515e+00  2.946e-01  
1.464e+00  2.943e-01  
1.228e+00  3.854e-01  
1.221e+00  3.686e-01  
1.143e+00  4.516e-01  
1.529e+00  3.082e-01  
1.278e+00  4.374e-01  
9.418e-01  4.547e-01  
1.239e+00  4.536e-01  
1.493e+00  2.913e-01  
1.407e+00  3.093e-01  
1.260e+00  3.805e-01  
1.391e+00  3.285e-01  
9.496e-01  4.749e-01  
1.239e+00  3.851e-01  
1.409e+00  2.925e-01  
1.278e+00  4.374e-01  
1.012e+00  5.333e-01  
1.097e+00  4.218e-01  
1.233e+00  3.756e-01  
1.523e+00  2.849e-01  
9.828e-01  4.116e-01  
1.409e+00  2.925e-01  
1.405e+00  2.927e-01  
1.391e+00  3.285e-01  
1.082e+00  4.162e-01  
1.408e+00  2.852e-01  
1.541e+00  2.767e-01  
1.470e+00  3.062e-01  
1.197e+00  5.421e-01  
1.577e+00  2.800e-01  
1.071e+00  4.448e-01  
9.733e-01  3.877e-01  
1.563e+00  2.826e-01  
1.636e+00  3.051e-01  
1.636e+00  3.051e-01  
1.012e+00  5.333e-01  
1.262e+00  3.562e-01  
1.233e+00  3.756e-01  
1.243e+00  4.009e-01  
9.887e-01  4.644e-01  
1.097e+00  4.218e-01  
1.233e+00  4.298e-01  
1.443e+00  2.875e-01  
1.713e+00  2.769e-01  
1.232e+00  3.719e-01  
1.074e+00  4.246e-01  
1.636e+00  3.051e-01  
1.238e+00  4.341e-01  
1.221e+00  3.686e-01  
1.636e+00  3.051e-01  
1.077e+00  4.143e-01  
1.598e+00  2.864e-01  
1.022e+00  5.482e-01  
1.487e+00  3.455e-01  
9.891e-01  4.369e-01  
1.239e+00  3.851e-01  
1.391e+00  2.841e-01  
1.078e+00  4.647e-01  
1.014e+00  3.882e-01  
1.552e+00  2.699e-01  
1.229e+00  4.340e-01  
1.239e+00  4.536e-01  
1.508e+00  2.862e-01  
1.224e+00  4.641e-01  
1.229e+00  4.340e-01  
1.228e+00  3.709e-01  
9.563e-01  4.208e-01  
1.218e+00  3.692e-01  
1.265e+00  3.728e-01  
9.460e-01  4.881e-01  
1.239e+00  4.536e-01  
1.237e+00  5.196e-01  
1.992e+00  3.045e-01  
1.411e+00  3.278e-01  
1.521e+00  3.335e-01  
1.636e+00  3.051e-01  
1.236e+00  4.102e-01  
1.106e+00  4.179e-01  
1.071e+00  4.448e-01  
1.391e+00  3.285e-01  
1.508e+00  2.862e-01  
1.407e+00  3.093e-01  
1.631e+00  2.844e-01  
1.031e+00  4.471e-01  
1.511e+00  2.800e-01  
1.012e+00  5.333e-01  
1.529e+00  3.082e-01  
1.478e+00  3.291e-01  
1.207e+00  4.369e-01  
1.478e+00  3.291e-01  
1.006e+00  4.994e-01  
1.289e+00  4.076e-01  
1.232e+00  3.719e-01  
1.262e+00  3.562e-01  
1.594e+00  2.816e-01  
1.581e+00  2.896e-01  
1.443e+00  2.875e-01  
9.831e-01  4.214e-01  
9.459e-01  5.753e-01  
1.185e+00  4.340e-01  
1.780e+00  2.905e-01  
1.232e+00  3.719e-01  
1.614e+00  2.908e-01  
9.869e-01  4.842e-01  
1.454e+00  2.867e-01  
1.407e+00  3.093e-01  
1.081e+00  4.719e-01  
1.522e+00  2.871e-01  
9.480e-01  4.550e-01  
1.713e+00  2.769e-01  
1.551e+00  2.960e-01  
1.067e+00  4.777e-01  
1.207e+00  4.369e-01  
1.246e+00  4.241e-01  
1.289e+00  4.076e-01  
1.551e+00  2.829e-01  
1.598e+00  2.864e-01  
9.967e-01  4.041e-01  
1.622e+00  2.959e-01  
1.614e+00  2.908e-01  
1.231e+00  4.715e-01  
1.262e+00  3.562e-01  
1.207e+00  4.369e-01  
1.262e+00  3.562e-01  
1.409e+00  2.925e-01  
1.144e+00  3.817e-01  
1.581e+00  2.896e-01  
1.002e+00  3.757e-01  
1.551e+00  2.829e-01  
1.237e+00  5.196e-01  
1.238e+00  3.613e-01  
1.232e+00  3.719e-01  
9.891e-01  4.369e-01  
1.016e+00  4.350e-01  
1.405e+00  2.928e-01  
1.538e+00  2.990e-01  
1.453e+00  2.866e-01  
1.172e+00  4.260e-01  
1.453e+00  2.866e-01  
1.508e+00  2.862e-01  
1.067e+00  4.777e-01  
1.512e+00  2.777e-01  
1.522e+00  2.846e-01  
9.747e-01  4.369e-01  
1.123e+00  4.384e-01  
1.239e+00  4.536e-01  
1.295e+00  4.403e-01  
1.123e+00  3.907e-01  
9.891e-01  4.369e-01  
1.231e+00  4.715e-01  
1.185e+00  4.340e-01  
1.410e+00  3.101e-01  
1.560e+00  2.909e-01  
1.012e+00  5.333e-01  
1.624e+00  2.834e-01  
1.239e+00  3.851e-01  
9.557e-01  4.581e-01  
9.747e-01  4.369e-01  
1.453e+00  2.866e-01  
1.116e+00  4.753e-01  
1.102e+00  4.836e-01  
1.053e+00  3.877e-01  
1.684e+00  2.833e-01  
1.713e+00  2.769e-01  
1.143e+00  4.516e-01  
1.493e+00  2.778e-01  
1.407e+00  3.093e-01  
1.143e+00  4.516e-01  
1.523e+00  2.849e-01  
1.031e+00  4.471e-01  
9.395e-01  4.732e-01  
1.761e+00  2.913e-01  
1.037e+00  4.179e-01  
9.723e-01  4.376e-01  
1.713e+00  2.837e-01  
1.515e+00  2.842e-01  
1.670e+00  2.919e-01  
1.789e+00  3.029e-01  
1.761e+00  2.913e-01  
1.013e+00  4.170e-01  
1.078e+00  4.647e-01  
1.522e+00  2.871e-01  
1.636e+00  3.051e-01  
1.761e+00  2.913e-01  
1.464e+00  2.943e-01  
1.560e+00  2.909e-01  
1.778e+00  2.961e-01  
1.714e+00  2.941e-01  
1.772e+00  2.938e-01  
9.816e-01  4.360e-01  
9.831e-01  4.214e-01  
1.512e+00  2.777e-01  
9.563e-01  4.208e-01  
1.789e+00  3.029e-01  
1.111e+00  4.332e-01  
1.056e+00  5.070e-01  
1.172e+00  4.260e-01  
1.102e+00  4.836e-01  
1.052e+00  4.750e-01  
9.442e-01  4.908e-01  
1.551e+00  2.829e-01  
1.577e+00  3.054e-01  
1.493e+00  2.778e-01  
1.043e+00  4.763e-01  
9.459e-01  5.753e-01  
1.789e+00  3.029e-01  
1.067e+00  4.777e-01  
1.592e+00  2.763e-01  
1.714e+00  2.941e-01  
1.490e+00  2.858e-01  
9.530e-01  4.893e-01  
1.570e+00  2.681e-01  
9.407e-01  4.750e-01  
1.515e+00  2.842e-01  
1.586e+00  2.897e-01  
1.013e+00  4.931e-01  
1.512e+00  2.777e-01  
1.672e+00  2.814e-01  
9.874e-01  3.966e-01  
1.514e+00  2.893e-01  
1.589e+00  3.096e-01  
1.631e+00  2.844e-01  
1.024e+00  4.706e-01  
1.552e+00  2.699e-01  
1.563e+00  2.826e-01  
1.454e+00  2.773e-01  
1.714e+00  2.941e-01  
1.240e+00  5.203e-01  
9.819e-01  3.849e-01  
1.714e+00  2.941e-01  
1.043e+00  4.763e-01  
1.067e+00  4.777e-01  
1.043e+00  4.763e-01  
1.533e+00  2.897e-01  
1.789e+00  3.029e-01  
9.747e-01  4.369e-01  
1.636e+00  2.897e-01  
1.638e+00  2.955e-01  
1.088e+00  4.740e-01  
1.012e+00  3.995e-01  
1.238e+00  4.341e-01  
1.464e+00  2.943e-01  
1.789e+00  3.029e-01  
9.400e-01  5.181e-01  
1.031e+00  4.471e-01  
1.592e+00  2.763e-01  
1.636e+00  2.897e-01  
9.530e-01  4.893e-01  
1.655e+00  2.910e-01  
1.521e+00  3.335e-01  
1.233e+00  4.149e-01  
1.714e+00  2.941e-01  
1.453e+00  2.866e-01  
1.512e+00  2.777e-01  
1.091e+00  3.781e-01  
1.116e+00  4.753e-01  
9.816e-01  4.360e-01  
1.082e+00  4.905e-01  
1.077e+00  4.143e-01  
1.037e+00  4.179e-01  
1.238e+00  3.613e-01  
1.407e+00  3.093e-01  
1.230e+00  4.031e-01  
1.552e+00  2.699e-01  
1.155e+00  3.996e-01  
1.237e+00  3.701e-01  
1.592e+00  2.763e-01  
9.828e-01  4.116e-01  
1.992e+00  3.045e-01  
1.219e+00  5.116e-01  
1.069e+00  3.690e-01  
1.623e+00  2.968e-01  
1.239e+00  3.851e-01  
1.078e+00  4.647e-01  
1.071e+00  4.448e-01  
1.222e+00  4.133e-01  
1.478e+00  2.864e-01  
1.097e+00  4.829e-01  
1.260e+00  3.805e-01  
1.514e+00  2.893e-01  
1.522e+00  2.871e-01  
1.111e+00  4.332e-01  
2.039e+00  3.098e-01  
9.831e-01  4.214e-01  
1.410e+00  3.101e-01  
1.247e+00  3.657e-01  
9.834e-01  4.196e-01  
1.478e+00  2.864e-01  
1.504e+00  2.886e-01  
2.039e+00  3.098e-01  
1.309e+00  3.908e-01  
1.067e+00  4.777e-01  
1.238e+00  3.613e-01  
1.240e+00  5.203e-01  
9.496e-01  4.749e-01  
1.251e+00  3.842e-01  
1.301e+00  4.390e-01  
1.573e+00  2.875e-01  
1.529e+00  3.082e-01  
9.414e-01  5.000e-01  
9.411e-01  4.694e-01  
1.243e+00  4.009e-01  
1.262e+00  3.562e-01  
1.507e+00  2.909e-01  
9.839e-01  4.233e-01  
1.239e+00  3.851e-01  
