2.374e-02  9.503e-01  
1.247e+00  1.499e-02  
4.809e-01  4.232e-01  
6.429e-01  2.525e-01  
2.083e-01  6.265e-01  
5.472e-01  3.510e-01  
1.115e-01  7.624e-01  
2.192e-01  5.878e-01  
9.715e-01  1.384e-01  
9.557e-01  7.389e-02  
3.452e-02  8.772e-01  
4.698e-01  3.642e-01  
5.972e-01  2.766e-01  
2.192e-01  5.878e-01  
3.648e-01  4.350e-01  
7.829e-01  1.709e-01  
1.550e-01  7.143e-01  
1.210e-01  7.190e-01  
5.843e-01  2.847e-01  
9.094e-01  1.750e-01  
2.357e-01  5.737e-01  
4.788e-01  4.045e-01  
3.745e-01  4.358e-01  
9.505e-01  1.056e-01  
4.888e-01  3.527e-01  
1.202e+00  3.921e-02  
2.302e-01  5.765e-01  
2.332e-02  9.051e-01  
3.382e-01  4.779e-01  
5.937e-02  8.593e-01  
6.118e-01  2.512e-01  
7.816e-01  1.733e-01  
1.910e-01  6.425e-01  
7.799e-01  1.692e-01  
1.149e+00  6.038e-02  
4.754e-02  8.763e-01  
2.696e-01  5.576e-01  
1.210e-01  7.190e-01  
1.044e-01  8.268e-01  
5.551e-01  3.264e-01  
3.508e-01  4.404e-01  
5.400e-01  3.573e-01  
3.209e-01  5.111e-01  
2.216e-01  5.665e-01  
1.481e-01  7.051e-01  
6.339e-01  2.445e-01  
4.795e-01  3.606e-01  
9.638e-01  8.826e-02  
4.695e-01  3.788e-01  
2.306e-01  6.261e-01  
3.937e-01  4.315e-01  
2.628e-01  5.428e-01  
2.224e-02  9.609e-01  
5.991e-01  2.946e-01  
4.754e-02  8.763e-01  
4.695e-01  3.788e-01  
6.095e-01  2.682e-01  
1.244e+00  4.300e-02  
2.038e-01  6.197e-01  
9.671e-01  1.210e-01  
7.918e-01  1.426e-01  
3.443e-01  4.403e-01  
7.799e-01  1.692e-01  
6.174e-01  2.475e-01  
1.432e-01  7.066e-01  
7.880e-01  1.708e-01  
7.483e-02  8.003e-01  
6.174e-01  2.475e-01  
4.273e-01  4.364e-01  
4.990e-01  3.917e-01  
7.802e-01  1.798e-01  
2.083e-01  6.265e-01  
5.941e-01  2.813e-01  
3.155e-01  5.467e-01  
4.758e-01  4.180e-01  
1.347e-01  6.999e-01  
1.232e-01  8.336e-01  
7.822e-01  1.676e-01  
5.012e-01  3.302e-01  
1.065e+00  5.529e-02  
5.063e-01  3.301e-01  
2.601e-01  5.507e-01  
3.718e-01  4.356e-01  
4.888e-01  3.527e-01  
3.648e-01  4.350e-01  
4.952e-01  3.471e-01  
1.528e-01  7.082e-01  
4.598e-02  8.529e-01  
3.209e-01  5.111e-01  
4.976e-01  3.510e-01  
2.246e-01  5.777e-01  
6.209e-01  2.506e-01  
1.202e+00  3.921e-02  
4.032e-02  8.467e-01  
8.617e-01  1.567e-01  
2.192e-01  5.878e-01  
3.813e-01  4.307e-01  
5.896e-01  2.724e-01  
2.332e-01  5.588e-01  
4.788e-01  4.045e-01  
6.254e-02  8.377e-01  
1.317e-01  7.236e-01  
4.911e-01  3.548e-01  
7.164e-02  8.242e-01  
6.271e-01  2.505e-01  
8.617e-01  1.567e-01  
2.592e-02  9.119e-01  
4.718e-01  3.977e-01  
6.123e-01  2.493e-01  
7.823e-01  2.296e-01  
3.443e-01  4.403e-01  
1.582e-01  6.713e-01  
2.934e-01  5.628e-01  
3.350e-01  5.131e-01  
2.206e-01  5.772e-01  
1.006e+00  1.292e-01  
1.536e-01  7.114e-01  
8.129e-01  1.543e-01  
7.164e-02  8.242e-01  
9.529e-01  7.669e-02  
1.202e+00  3.921e-02  
2.387e-01  6.207e-01  
9.625e-01  8.008e-02  
1.744e-01  6.756e-01  
6.511e-01  2.443e-01  
2.224e-02  9.609e-01  
9.743e-01  7.768e-02  
3.350e-01  5.131e-01  
1.235e+00  1.810e-02  
3.222e-01  5.073e-01  
9.525e-01  7.643e-02  
1.242e-01  7.476e-01  
1.504e-01  7.156e-01  
6.848e-02  8.200e-01  
1.188e+00  2.330e-02  
8.473e-01  1.477e-01  
1.109e+00  2.261e-02  
2.552e-01  6.203e-01  
7.822e-01  1.676e-01  
2.011e-01  6.031e-01  
4.131e-02  8.487e-01  
5.941e-01  2.813e-01  
6.323e-01  2.542e-01  
2.805e-01  5.537e-01  
3.508e-01  4.404e-01  
4.244e-01  4.408e-01  
2.196e-01  6.834e-01  
5.063e-01  3.301e-01  
1.210e-01  7.190e-01  
2.302e-01  5.765e-01  
2.805e-01  5.537e-01  
7.880e-01  1.829e-01  
3.215e-01  5.260e-01  
4.758e-01  4.180e-01  
1.865e-01  6.516e-01  
5.991e-01  2.946e-01  
1.432e-01  7.066e-01  
2.357e-01  5.737e-01  
4.758e-01  4.180e-01  
5.063e-01  3.301e-01  
6.095e-01  2.682e-01  
2.805e-01  5.537e-01  
4.952e-01  3.471e-01  
1.218e-01  7.306e-01  
3.681e-01  4.315e-01  
3.209e-01  5.111e-01  
3.648e-01  4.350e-01  
4.952e-01  3.471e-01  
9.802e-01  6.914e-02  
5.423e-01  3.513e-01  
3.758e-01  4.311e-01  
5.877e-01  2.860e-01  
1.547e-02  1.026e+00  
4.990e-01  3.917e-01  
4.655e-02  8.559e-01  
4.952e-01  3.471e-01  
1.071e-01  7.219e-01  
3.918e-01  4.372e-01  
1.034e-01  7.549e-01  
4.666e-01  3.813e-01  
6.075e-01  2.714e-01  
2.302e-01  5.765e-01  
3.797e-01  4.378e-01  
3.554e-01  4.340e-01  
8.473e-01  1.477e-01  
7.822e-01  1.640e-01  
2.266e-01  5.976e-01  
3.443e-01  4.403e-01  
4.871e-01  3.466e-01  
3.403e-01  4.855e-01  
4.695e-01  3.788e-01  
5.991e-01  2.946e-01  
3.975e-01  4.455e-01  
3.797e-01  4.378e-01  
1.065e+00  5.529e-02  
7.823e-01  2.296e-01  
3.567e-01  4.587e-01  
6.247e-01  2.627e-01  
3.409e-01  4.933e-01  
1.317e-01  7.236e-01  
5.551e-01  3.264e-01  
2.206e-01  5.772e-01  
4.809e-01  4.232e-01  
9.802e-01  6.914e-02  
2.955e-01  5.426e-01  
5.860e-01  2.701e-01  
4.795e-01  3.606e-01  
6.254e-02  8.377e-01  
7.881e-01  1.782e-01  
6.302e-02  9.069e-01  
9.753e-01  9.586e-02  
6.046e-01  2.702e-01  
6.455e-01  3.080e-01  
1.678e-01  7.112e-01  
3.831e-01  4.301e-01  
1.004e+00  5.362e-02  
7.807e-01  2.160e-01  
6.429e-01  2.525e-01  
6.271e-01  2.505e-01  
7.164e-02  8.242e-01  
2.166e-01  6.187e-01  
1.536e-01  7.114e-01  
1.514e-01  7.020e-01  
6.943e-01  2.460e-01  
1.071e+00  4.293e-02  
1.744e-01  6.756e-01  
1.432e-01  7.066e-01  
1.432e-01  7.066e-01  
2.600e-01  5.711e-01  
6.751e-02  8.168e-01  
8.078e-01  1.738e-01  
9.802e-01  6.914e-02  
1.547e-02  1.026e+00  
3.443e-01  4.403e-01  
6.271e-01  2.505e-01  
7.799e-01  1.692e-01  
3.350e-01  5.131e-01  
6.254e-02  8.377e-01  
1.102e-01  7.954e-01  
5.860e-01  2.701e-01  
6.302e-02  9.069e-01  
4.077e-02  8.724e-01  
9.529e-01  7.669e-02  
1.904e-01  6.539e-01  
1.006e+00  1.292e-01  
7.994e-01  1.636e-01  
2.290e-01  5.588e-01  
9.625e-01  8.008e-02  
2.200e-01  5.773e-01  
2.681e-02  8.968e-01  
7.881e-01  1.782e-01  
9.715e-01  1.384e-01  
5.408e-02  8.322e-01  
7.823e-01  2.296e-01  
9.743e-01  7.768e-02  
1.422e+00  7.240e-02  
1.065e+00  5.529e-02  
1.244e+00  4.300e-02  
2.600e-01  5.711e-01  
1.165e+00  2.878e-02  
7.807e-01  2.159e-01  
7.822e-01  1.640e-01  
9.094e-01  1.750e-01  
1.547e-02  1.026e+00  
3.871e-01  4.419e-01  
8.097e-01  1.343e-01  
8.803e-01  1.897e-01  
7.843e-01  1.833e-01  
4.598e-02  8.529e-01  
2.600e-01  5.711e-01  
6.848e-02  8.200e-01  
2.134e-01  6.742e-01  
4.140e-01  4.297e-01  
3.443e-01  4.403e-01  
3.236e-01  5.493e-01  
7.934e-01  1.761e-01  
1.104e-01  7.868e-01  
2.038e-01  6.197e-01  
5.941e-01  2.813e-01  
5.937e-02  8.593e-01  
7.483e-02  8.003e-01  
2.206e-01  5.772e-01  
5.896e-01  2.724e-01  
6.174e-01  2.475e-01  
2.083e-01  6.265e-01  
2.224e-02  9.609e-01  
9.753e-01  9.586e-02  
1.407e-01  6.996e-01  
5.142e-02  8.706e-01  
1.385e-01  6.786e-01  
5.449e-01  3.389e-01  
4.762e-01  3.865e-01  
7.164e-02  8.242e-01  
6.455e-01  3.080e-01  
5.843e-01  2.847e-01  
3.648e-01  4.350e-01  
3.871e-01  4.419e-01  
2.192e-01  5.878e-01  
5.822e-01  2.880e-01  
4.140e-01  4.297e-01  
2.592e-02  9.042e-01  
3.511e-01  4.469e-01  
5.989e-01  2.614e-01  
4.718e-01  3.977e-01  
3.663e-01  4.323e-01  
4.936e-01  3.548e-01  
6.302e-02  9.069e-01  
3.511e-01  4.469e-01  
5.412e-01  3.734e-01  
3.871e-01  4.419e-01  
1.210e-01  7.190e-01  
2.320e-01  5.842e-01  
4.758e-01  4.180e-01  
7.880e-01  1.708e-01  
1.218e-01  7.306e-01  
4.788e-01  4.045e-01  
5.941e-01  2.813e-01  
5.875e-01  2.680e-01  
2.192e-01  5.878e-01  
4.952e-01  3.471e-01  
5.449e-01  3.389e-01  
5.375e-01  3.354e-01  
2.192e-01  5.878e-01  
8.223e-01  1.352e-01  
2.955e-01  5.426e-01  
1.218e-01  7.306e-01  
9.625e-01  8.008e-02  
6.084e-01  2.590e-01  
6.209e-01  2.506e-01  
1.210e-01  7.190e-01  
4.758e-01  4.180e-01  
3.745e-01  4.358e-01  
3.797e-01  4.378e-01  
1.528e-01  7.082e-01  
2.216e-01  5.665e-01  
3.574e-01  4.428e-01  
5.991e-01  2.946e-01  
9.468e-01  7.168e-02  
3.508e-01  4.404e-01  
2.238e-01  5.857e-01  
5.843e-01  2.847e-01  
2.290e-01  5.588e-01  
4.657e-01  4.038e-01  
6.075e-01  2.848e-01  
2.246e-01  5.777e-01  
8.473e-01  1.477e-01  
1.531e-01  6.765e-01  
4.936e-01  3.548e-01  
1.744e-01  6.772e-01  
4.758e-01  4.180e-01  
4.775e-01  3.746e-01  
1.694e-01  6.467e-01  
2.166e-01  6.187e-01  
8.078e-01  1.738e-01  
3.424e-01  4.910e-01  
3.403e-01  4.988e-01  
6.095e-01  2.682e-01  
3.371e-01  4.798e-01  
3.505e-01  4.469e-01  
3.511e-01  4.469e-01  
6.751e-02  8.168e-01  
3.613e-01  4.390e-01  
3.745e-01  4.358e-01  
4.348e-02  8.670e-01  
3.508e-01  4.404e-01  
2.931e-01  5.488e-01  
7.880e-01  1.829e-01  
5.449e-01  3.389e-01  
5.449e-01  3.389e-01  
6.271e-01  2.505e-01  
3.565e-01  4.438e-01  
2.805e-01  5.537e-01  
2.200e-01  5.773e-01  
4.888e-01  3.527e-01  
6.124e-01  2.493e-01  
5.412e-01  3.734e-01  
7.880e-01  1.708e-01  
2.323e-01  5.619e-01  
9.638e-01  8.826e-02  
5.408e-02  8.322e-01  
5.822e-01  2.880e-01  
4.910e-01  3.711e-01  
3.207e-01  5.177e-01  
4.871e-01  3.466e-01  
6.254e-02  8.377e-01  
4.718e-01  3.977e-01  
3.511e-01  4.469e-01  
4.888e-01  3.527e-01  
9.465e-01  7.897e-02  
6.174e-01  2.475e-01  
5.854e-01  2.949e-01  
1.514e-01  7.020e-01  
2.592e-02  9.042e-01  
3.215e-01  5.260e-01  
7.994e-01  1.636e-01  
3.508e-01  4.404e-01  
7.881e-01  1.782e-01  
1.547e-02  1.026e+00  
1.202e+00  3.921e-02  
4.936e-01  3.548e-01  
2.387e-01  6.207e-01  
7.789e-01  2.028e-01  
4.393e-02  8.669e-01  
7.986e-01  1.419e-01  
9.094e-01  1.750e-01  
6.695e-02  8.218e-01  
2.805e-01  5.537e-01  
3.350e-01  5.131e-01  
3.871e-01  4.419e-01  
9.618e-01  9.227e-02  
7.880e-01  1.708e-01  
1.744e-01  6.756e-01  
7.822e-01  1.640e-01  
6.511e-01  2.443e-01  
3.215e-01  5.260e-01  
4.788e-01  4.045e-01  
2.931e-01  5.488e-01  
3.664e-01  4.342e-01  
4.911e-01  3.548e-01  
2.011e-01  6.031e-01  
7.823e-01  2.296e-01  
2.387e-01  6.207e-01  
9.557e-01  7.389e-02  
3.207e-01  5.177e-01  
4.140e-01  4.297e-01  
3.505e-01  4.469e-01  
1.528e-01  7.082e-01  
1.694e-01  6.467e-01  
4.930e-01  3.548e-01  
5.860e-01  2.701e-01  
6.726e-01  2.389e-01  
3.511e-01  4.469e-01  
5.941e-01  2.813e-01  
5.843e-01  2.847e-01  
6.302e-02  9.069e-01  
6.429e-01  2.525e-01  
9.600e-01  9.796e-02  
1.582e-01  6.713e-01  
1.432e-01  7.066e-01  
3.209e-01  5.111e-01  
3.745e-01  4.358e-01  
2.083e-01  6.265e-01  
1.744e-01  6.756e-01  
3.215e-01  5.260e-01  
2.696e-01  5.576e-01  
4.936e-01  3.548e-01  
7.823e-01  2.296e-01  
7.164e-02  8.242e-01  
7.900e-01  1.666e-01  
3.613e-01  4.390e-01  
6.695e-02  8.218e-01  
1.304e-01  7.137e-01  
6.271e-01  2.505e-01  
2.200e-01  5.773e-01  
1.531e-01  6.765e-01  
2.712e-01  5.525e-01  
1.065e+00  5.529e-02  
9.753e-01  9.586e-02  
2.290e-01  5.588e-01  
1.244e+00  4.300e-02  
5.022e-01  3.413e-01  
2.194e-01  6.041e-01  
9.802e-01  6.914e-02  
2.038e-01  6.197e-01  
4.090e-02  8.837e-01  
1.117e+00  3.365e-02  
2.091e-01  6.187e-01  
1.432e-01  7.066e-01  
7.808e-01  1.820e-01  
1.065e+00  5.529e-02  
6.647e-01  2.557e-01  
9.061e-01  1.565e-01  
1.161e+00  6.487e-02  
1.738e-01  6.590e-01  
1.678e-01  7.112e-01  
7.819e-01  2.166e-01  
5.875e-01  2.680e-01  
9.532e-01  5.708e-02  
5.423e-01  3.513e-01  
6.798e-01  2.438e-01  
7.881e-01  1.782e-01  
9.532e-01  5.708e-02  
1.181e+00  3.740e-02  
6.695e-02  8.218e-01  
1.550e-01  7.143e-01  
7.789e-01  2.028e-01  
7.638e-02  8.336e-01  
7.918e-01  1.426e-01  
2.387e-01  6.207e-01  
6.254e-02  8.377e-01  
2.733e-01  5.158e-01  
6.254e-02  8.377e-01  
1.744e-01  6.756e-01  
2.681e-02  8.968e-01  
8.223e-01  1.352e-01  
1.112e+00  9.672e-02  
1.244e+00  4.300e-02  
8.824e-02  8.238e-01  
1.547e-02  1.026e+00  
8.473e-01  1.477e-01  
1.115e-01  7.624e-01  
1.006e+00  1.292e-01  
1.004e+00  5.362e-02  
9.710e-01  7.684e-02  
4.077e-02  8.724e-01  
9.802e-01  6.914e-02  
2.332e-02  9.051e-01  
9.743e-01  7.768e-02  
9.500e-01  7.257e-02  
1.218e-01  7.306e-01  
7.789e-01  2.028e-01  
1.117e+00  3.365e-02  
1.210e-01  7.190e-01  
1.202e+00  3.921e-02  
9.631e-01  6.446e-02  
7.880e-01  1.708e-01  
3.779e-02  9.558e-01  
9.710e-01  7.684e-02  
9.743e-01  7.768e-02  
1.105e+00  2.692e-02  
1.244e+00  4.300e-02  
3.209e-01  5.111e-01  
9.957e-02  7.257e-01  
9.625e-01  8.008e-02  
5.208e-02  8.322e-01  
9.957e-02  7.257e-01  
5.937e-02  8.593e-01  
6.075e-01  2.714e-01  
8.473e-01  1.477e-01  
1.034e-01  7.549e-01  
7.881e-01  1.782e-01  
1.190e+00  1.551e-02  
2.387e-01  6.207e-01  
2.332e-01  5.588e-01  
3.186e-01  5.388e-01  
5.022e-01  3.413e-01  
1.006e+00  1.292e-01  
2.592e-02  9.042e-01  
2.038e-01  6.197e-01  
9.525e-01  7.643e-02  
7.880e-01  1.708e-01  
4.681e-02  8.556e-01  
1.130e+00  5.772e-02  
4.976e-01  3.510e-01  
3.459e-01  4.641e-01  
1.156e+00  2.233e-02  
7.822e-01  1.640e-01  
7.819e-01  2.166e-01  
3.207e-01  5.177e-01  
2.885e-01  6.010e-01  
6.751e-02  8.168e-01  
4.032e-02  8.467e-01  
1.744e-01  6.772e-01  
2.083e-01  6.265e-01  
4.718e-01  3.977e-01  
5.063e-01  3.301e-01  
3.632e-01  4.450e-01  
8.097e-01  1.343e-01  
3.403e-01  4.988e-01  
4.930e-01  3.548e-01  
9.715e-01  1.384e-01  
1.021e-01  8.686e-01  
7.881e-01  1.782e-01  
3.215e-01  5.260e-01  
3.209e-01  5.111e-01  
1.161e+00  6.487e-02  
3.516e-01  4.356e-01  
1.548e-01  6.760e-01  
2.615e-01  5.710e-01  
2.934e-01  5.155e-01  
6.256e-01  3.063e-01  
1.538e-01  6.481e-01  
3.508e-01  4.404e-01  
1.065e+00  5.529e-02  
7.822e-01  1.640e-01  
2.332e-01  5.588e-01  
1.188e+00  2.330e-02  
1.351e-01  6.867e-01  
5.029e-01  3.430e-01  
3.565e-01  4.438e-01  
1.536e-01  7.114e-01  
5.890e-01  2.885e-01  
9.529e-01  7.669e-02  
1.039e+00  6.679e-02  
4.140e-01  4.297e-01  
4.348e-02  8.670e-01  
3.745e-01  4.358e-01  
2.712e-01  5.525e-01  
2.224e-02  9.609e-01  
3.452e-02  8.772e-01  
4.936e-01  3.548e-01  
6.174e-01  2.475e-01  
5.423e-01  3.513e-01  
1.547e-02  1.026e+00  
2.224e-02  9.609e-01  
4.657e-01  4.038e-01  
4.809e-01  4.232e-01  
6.511e-01  2.443e-01  
1.678e-01  7.112e-01  
4.140e-01  4.297e-01  
