2.002e-02  1.031e+00  
1.075e+00  1.020e-02  
4.411e-01  4.476e-01  
6.581e-01  2.225e-01  
1.927e-01  6.105e-01  
5.088e-01  3.238e-01  
1.204e-01  6.947e-01  
3.073e-01  5.357e-01  
9.145e-01  8.491e-02  
9.726e-01  6.364e-02  
6.340e-02  8.458e-01  
4.759e-01  3.617e-01  
6.634e-01  2.483e-01  
2.579e-01  5.663e-01  
3.474e-01  4.443e-01  
8.237e-01  1.936e-01  
1.615e-01  6.405e-01  
1.204e-01  6.947e-01  
5.177e-01  3.242e-01  
8.266e-01  1.505e-01  
3.050e-01  5.420e-01  
4.570e-01  4.100e-01  
3.842e-01  4.325e-01  
9.145e-01  8.491e-02  
4.851e-01  3.389e-01  
9.895e-01  2.947e-02  
2.421e-01  5.875e-01  
2.976e-02  9.595e-01  
3.476e-01  4.594e-01  
6.432e-02  8.767e-01  
6.613e-01  2.100e-01  
6.613e-01  2.100e-01  
1.783e-01  6.240e-01  
6.950e-01  2.125e-01  
9.734e-01  5.390e-02  
4.162e-02  8.716e-01  
2.579e-01  5.663e-01  
1.137e-01  7.073e-01  
9.923e-02  8.251e-01  
4.976e-01  3.321e-01  
3.455e-01  4.384e-01  
5.695e-01  3.772e-01  
3.308e-01  4.551e-01  
2.587e-01  5.989e-01  
1.360e-01  7.324e-01  
6.568e-01  2.254e-01  
4.851e-01  3.389e-01  
9.726e-01  6.364e-02  
4.642e-01  3.737e-01  
1.694e-01  6.265e-01  
3.855e-01  4.422e-01  
3.020e-01  5.347e-01  
2.002e-02  1.031e+00  
6.568e-01  2.254e-01  
8.066e-02  9.389e-01  
4.759e-01  3.617e-01  
6.795e-01  2.527e-01  
1.002e+00  2.035e-02  
1.791e-01  6.203e-01  
9.147e-01  8.253e-02  
8.289e-01  1.486e-01  
3.620e-01  4.555e-01  
8.266e-01  1.554e-01  
6.770e-01  2.276e-01  
1.778e-01  6.458e-01  
8.250e-01  1.809e-01  
9.245e-02  7.760e-01  
6.568e-01  2.254e-01  
4.893e-01  3.569e-01  
4.758e-01  3.613e-01  
6.743e-01  2.105e-01  
1.694e-01  6.265e-01  
5.088e-01  3.238e-01  
2.970e-01  5.398e-01  
4.411e-01  4.476e-01  
1.410e-01  7.104e-01  
1.405e-01  7.952e-01  
8.484e-01  1.541e-01  
5.177e-01  3.242e-01  
9.734e-01  5.390e-02  
5.622e-01  2.873e-01  
2.563e-01  5.652e-01  
3.889e-01  4.480e-01  
5.174e-01  3.348e-01  
3.406e-01  4.455e-01  
5.178e-01  3.348e-01  
1.298e-01  6.988e-01  
1.605e-02  1.064e+00  
3.406e-01  4.455e-01  
4.891e-01  3.472e-01  
2.391e-01  6.158e-01  
6.592e-01  2.178e-01  
9.737e-01  5.914e-02  
4.001e-02  8.899e-01  
8.276e-01  1.420e-01  
2.634e-01  5.896e-01  
3.904e-01  4.370e-01  
6.558e-01  2.761e-01  
2.579e-01  5.663e-01  
4.761e-01  3.722e-01  
6.340e-02  8.458e-01  
1.410e-01  7.104e-01  
4.893e-01  3.569e-01  
1.022e-01  7.255e-01  
6.592e-01  2.178e-01  
8.289e-01  1.509e-01  
3.087e-02  1.052e+00  
3.924e-01  4.426e-01  
6.537e-01  2.284e-01  
6.681e-01  2.571e-01  
3.308e-01  4.551e-01  
1.791e-01  6.203e-01  
2.833e-01  5.415e-01  
3.652e-01  4.446e-01  
2.421e-01  5.875e-01  
9.230e-01  9.534e-02  
1.697e-01  6.545e-01  
8.484e-01  1.541e-01  
8.066e-02  9.389e-01  
9.145e-01  8.491e-02  
9.880e-01  2.448e-02  
1.872e-01  6.274e-01  
9.737e-01  5.914e-02  
1.615e-01  6.405e-01  
6.715e-01  2.160e-01  
1.553e-02  1.025e+00  
9.147e-01  8.253e-02  
3.020e-01  5.347e-01  
1.086e+00  1.072e-02  
2.866e-01  5.360e-01  
9.198e-01  9.452e-02  
1.022e-01  7.255e-01  
1.405e-01  7.952e-01  
9.923e-02  8.251e-01  
1.080e+00  2.229e-02  
8.272e-01  1.336e-01  
1.006e+00  1.631e-02  
2.421e-01  5.875e-01  
8.284e-01  1.999e-01  
1.788e-01  6.236e-01  
2.976e-02  9.595e-01  
6.564e-01  2.920e-01  
6.569e-01  2.167e-01  
3.059e-01  5.370e-01  
3.550e-01  4.499e-01  
3.855e-01  4.422e-01  
1.825e-01  6.210e-01  
4.949e-01  3.535e-01  
1.204e-01  6.947e-01  
2.494e-01  5.857e-01  
3.050e-01  5.420e-01  
8.237e-01  1.936e-01  
3.073e-01  5.357e-01  
4.949e-01  3.535e-01  
1.953e-01  6.296e-01  
6.558e-01  2.761e-01  
1.463e-01  6.790e-01  
2.391e-01  6.158e-01  
4.891e-01  3.472e-01  
5.695e-01  3.772e-01  
6.795e-01  2.527e-01  
2.687e-01  5.423e-01  
4.925e-01  3.269e-01  
1.613e-01  6.587e-01  
3.652e-01  4.446e-01  
3.652e-01  4.446e-01  
3.550e-01  4.499e-01  
4.841e-01  3.290e-01  
9.949e-01  3.494e-02  
4.891e-01  3.472e-01  
4.257e-01  4.397e-01  
6.887e-01  2.121e-01  
1.605e-02  1.064e+00  
4.845e-01  3.601e-01  
5.274e-02  8.721e-01  
4.951e-01  3.165e-01  
1.100e-01  7.053e-01  
3.904e-01  4.370e-01  
1.233e-01  8.565e-01  
4.780e-01  3.698e-01  
6.568e-01  2.254e-01  
2.538e-01  5.653e-01  
3.855e-01  4.422e-01  
3.665e-01  4.376e-01  
8.266e-01  1.505e-01  
8.484e-01  1.541e-01  
1.757e-01  6.318e-01  
3.620e-01  4.555e-01  
4.642e-01  3.737e-01  
3.992e-01  4.503e-01  
4.642e-01  3.737e-01  
5.503e-01  3.367e-01  
4.528e-01  4.298e-01  
3.455e-01  4.384e-01  
9.737e-01  5.914e-02  
6.634e-01  2.057e-01  
3.336e-01  4.637e-01  
6.594e-01  2.259e-01  
3.460e-01  4.553e-01  
1.204e-01  6.947e-01  
5.503e-01  3.367e-01  
2.634e-01  5.896e-01  
4.642e-01  3.737e-01  
9.181e-01  8.235e-02  
2.939e-01  5.429e-01  
6.592e-01  2.178e-01  
4.851e-01  3.389e-01  
3.445e-02  8.792e-01  
8.256e-01  1.671e-01  
3.831e-02  9.090e-01  
9.196e-01  8.112e-02  
6.795e-01  2.527e-01  
6.569e-01  2.167e-01  
1.872e-01  6.274e-01  
4.528e-01  4.298e-01  
9.726e-01  6.364e-02  
6.724e-01  2.025e-01  
6.664e-01  2.178e-01  
6.664e-01  2.178e-01  
3.445e-02  8.792e-01  
2.391e-01  6.158e-01  
1.775e-01  6.376e-01  
1.294e-01  6.952e-01  
6.551e-01  2.177e-01  
1.023e+00  3.161e-02  
1.803e-01  6.654e-01  
1.702e-01  6.410e-01  
1.615e-01  6.405e-01  
2.783e-01  5.717e-01  
7.009e-02  8.948e-01  
8.281e-01  1.488e-01  
9.145e-01  9.561e-02  
3.345e-02  9.850e-01  
3.406e-01  4.455e-01  
6.646e-01  2.470e-01  
6.572e-01  2.103e-01  
3.020e-01  5.347e-01  
5.404e-02  8.675e-01  
1.049e-01  8.561e-01  
6.555e-01  2.721e-01  
2.002e-02  1.028e+00  
7.009e-02  8.948e-01  
9.206e-01  1.011e-01  
1.783e-01  6.240e-01  
8.272e-01  1.336e-01  
8.322e-01  1.536e-01  
2.441e-01  5.825e-01  
9.608e-01  5.862e-02  
2.384e-01  5.575e-01  
2.460e-02  9.818e-01  
8.484e-01  1.541e-01  
8.345e-01  1.308e-01  
3.445e-02  8.792e-01  
6.668e-01  2.045e-01  
9.188e-01  8.531e-02  
1.086e+00  1.072e-02  
9.754e-01  4.060e-02  
1.037e+00  1.556e-02  
2.563e-01  5.652e-01  
1.081e+00  2.458e-02  
6.595e-01  2.090e-01  
6.743e-01  2.105e-01  
8.323e-01  1.450e-01  
2.002e-02  1.031e+00  
4.758e-01  3.613e-01  
9.147e-01  8.253e-02  
8.256e-01  1.671e-01  
6.595e-01  2.090e-01  
4.162e-02  8.716e-01  
2.563e-01  5.652e-01  
5.199e-02  8.490e-01  
1.872e-01  6.274e-01  
4.758e-01  3.613e-01  
3.398e-01  4.470e-01  
3.992e-01  4.503e-01  
8.484e-01  1.541e-01  
9.380e-02  7.281e-01  
1.872e-01  6.274e-01  
6.594e-01  2.259e-01  
7.009e-02  8.948e-01  
8.066e-02  9.389e-01  
2.384e-01  5.575e-01  
6.795e-01  2.527e-01  
6.568e-01  2.254e-01  
2.384e-01  5.575e-01  
1.605e-02  1.064e+00  
9.349e-01  1.082e-01  
1.360e-01  7.324e-01  
5.066e-02  8.917e-01  
1.360e-01  7.324e-01  
4.976e-01  3.321e-01  
4.782e-01  3.830e-01  
9.923e-02  8.251e-01  
6.634e-01  2.483e-01  
5.177e-01  3.242e-01  
3.652e-01  4.446e-01  
4.077e-01  4.463e-01  
2.563e-01  5.652e-01  
6.662e-01  2.360e-01  
3.904e-01  4.370e-01  
2.266e-02  9.681e-01  
3.476e-01  4.594e-01  
6.537e-01  2.284e-01  
4.915e-01  3.610e-01  
3.524e-01  4.375e-01  
4.758e-01  3.613e-01  
3.087e-02  1.052e+00  
3.433e-01  4.461e-01  
4.891e-01  3.472e-01  
3.904e-01  4.370e-01  
1.298e-01  6.988e-01  
2.386e-01  6.061e-01  
4.782e-01  3.830e-01  
8.248e-01  1.866e-01  
1.140e-01  7.095e-01  
4.659e-01  3.814e-01  
5.125e-01  3.230e-01  
5.479e-01  2.914e-01  
2.386e-01  6.061e-01  
4.925e-01  3.269e-01  
5.102e-01  3.259e-01  
5.596e-01  3.399e-01  
2.783e-01  5.717e-01  
9.145e-01  9.561e-02  
3.050e-01  5.420e-01  
1.405e-01  7.952e-01  
9.195e-01  8.375e-02  
6.558e-01  2.761e-01  
6.681e-01  2.571e-01  
1.137e-01  7.073e-01  
4.570e-01  4.100e-01  
4.189e-01  4.375e-01  
4.077e-01  4.463e-01  
1.137e-01  7.073e-01  
2.384e-01  5.575e-01  
3.550e-01  4.499e-01  
5.594e-01  3.330e-01  
9.196e-01  8.112e-02  
3.652e-01  4.446e-01  
2.389e-01  5.899e-01  
6.681e-01  2.571e-01  
2.634e-01  5.896e-01  
4.955e-01  3.998e-01  
5.177e-01  3.242e-01  
1.825e-01  6.210e-01  
8.266e-01  1.505e-01  
1.651e-01  7.411e-01  
4.925e-01  3.269e-01  
1.803e-01  6.654e-01  
3.857e-01  4.287e-01  
4.893e-01  3.569e-01  
1.775e-01  6.376e-01  
1.938e-01  6.431e-01  
8.484e-01  1.541e-01  
3.308e-01  4.551e-01  
3.406e-01  4.455e-01  
6.558e-01  2.761e-01  
3.476e-01  4.594e-01  
3.336e-01  4.637e-01  
3.698e-01  4.441e-01  
9.923e-02  8.251e-01  
3.698e-01  4.441e-01  
3.904e-01  4.370e-01  
2.976e-02  9.595e-01  
3.489e-01  4.460e-01  
3.059e-01  5.370e-01  
8.474e-01  1.689e-01  
4.941e-01  3.191e-01  
5.446e-01  3.080e-01  
6.664e-01  2.178e-01  
3.620e-01  4.555e-01  
2.869e-01  5.396e-01  
2.384e-01  5.575e-01  
4.923e-01  3.491e-01  
6.594e-01  2.259e-01  
4.925e-01  3.269e-01  
6.696e-01  2.023e-01  
1.783e-01  6.240e-01  
9.195e-01  8.375e-02  
6.432e-02  8.767e-01  
5.088e-01  3.238e-01  
5.223e-01  3.729e-01  
3.478e-01  5.311e-01  
4.642e-01  3.737e-01  
1.123e-01  7.440e-01  
4.949e-01  3.535e-01  
3.550e-01  4.499e-01  
4.782e-01  3.830e-01  
9.147e-01  8.253e-02  
6.681e-01  2.571e-01  
5.503e-01  3.367e-01  
1.252e-01  7.142e-01  
1.553e-02  1.025e+00  
2.853e-01  5.417e-01  
8.322e-01  1.536e-01  
3.489e-01  4.460e-01  
8.256e-01  1.671e-01  
3.990e-02  1.067e+00  
1.002e+00  2.370e-02  
5.304e-01  3.725e-01  
2.634e-01  5.896e-01  
6.715e-01  2.160e-01  
2.460e-02  9.818e-01  
8.289e-01  1.335e-01  
8.322e-01  1.536e-01  
8.066e-02  9.389e-01  
2.579e-01  5.663e-01  
3.652e-01  4.446e-01  
3.641e-01  4.445e-01  
9.146e-01  7.712e-02  
8.474e-01  1.689e-01  
1.673e-01  6.707e-01  
7.663e-01  2.186e-01  
6.581e-01  2.055e-01  
3.421e-01  4.735e-01  
4.570e-01  4.100e-01  
2.580e-01  5.616e-01  
4.642e-01  3.737e-01  
4.911e-01  3.250e-01  
2.078e-01  7.134e-01  
6.595e-01  2.090e-01  
1.872e-01  6.274e-01  
9.230e-01  9.534e-02  
3.050e-01  5.420e-01  
4.570e-01  4.100e-01  
3.489e-01  4.460e-01  
1.615e-01  6.405e-01  
2.078e-01  7.134e-01  
4.845e-01  3.601e-01  
6.681e-01  2.571e-01  
6.569e-01  2.167e-01  
3.992e-01  4.503e-01  
6.887e-01  2.121e-01  
6.815e-01  2.208e-01  
6.432e-02  8.767e-01  
6.613e-01  2.100e-01  
9.230e-01  9.534e-02  
1.697e-01  6.545e-01  
1.252e-01  7.142e-01  
2.939e-01  5.429e-01  
3.489e-01  4.460e-01  
1.783e-01  6.240e-01  
1.695e-01  6.408e-01  
3.020e-01  5.347e-01  
3.020e-01  5.347e-01  
4.845e-01  3.601e-01  
6.574e-01  2.170e-01  
6.744e-02  8.297e-01  
8.256e-01  1.671e-01  
4.077e-01  4.463e-01  
7.009e-02  8.948e-01  
1.252e-01  7.142e-01  
6.581e-01  2.065e-01  
2.391e-01  6.158e-01  
1.623e-01  6.618e-01  
2.687e-01  5.423e-01  
9.737e-01  5.914e-02  
9.230e-01  9.534e-02  
2.580e-01  5.616e-01  
1.031e+00  2.339e-02  
5.338e-01  3.442e-01  
2.750e-01  5.726e-01  
9.145e-01  9.561e-02  
1.694e-01  6.265e-01  
3.411e-02  9.381e-01  
1.040e+00  1.175e-02  
1.938e-01  6.431e-01  
1.252e-01  7.142e-01  
6.664e-01  2.178e-01  
9.737e-01  5.914e-02  
6.624e-01  2.259e-01  
9.247e-01  1.047e-01  
9.734e-01  5.390e-02  
1.803e-01  6.654e-01  
1.778e-01  6.458e-01  
6.595e-01  2.090e-01  
6.565e-01  2.490e-01  
9.880e-01  2.448e-02  
5.022e-01  3.230e-01  
6.633e-01  2.364e-01  
8.253e-01  1.473e-01  
9.608e-01  5.862e-02  
1.086e+00  1.072e-02  
6.340e-02  8.458e-01  
1.443e-01  6.831e-01  
6.633e-01  2.364e-01  
9.778e-02  7.640e-01  
9.145e-01  9.561e-02  
2.563e-01  5.652e-01  
3.445e-02  8.792e-01  
3.094e-01  5.351e-01  
7.691e-02  8.161e-01  
1.825e-01  6.210e-01  
3.990e-02  1.067e+00  
9.145e-01  9.561e-02  
9.241e-01  7.572e-02  
9.957e-01  2.947e-02  
9.585e-02  8.853e-01  
3.087e-02  1.052e+00  
8.281e-01  1.536e-01  
1.148e-01  7.297e-01  
9.230e-01  9.534e-02  
9.949e-01  3.494e-02  
9.880e-01  2.448e-02  
3.990e-02  1.067e+00  
9.830e-01  3.075e-02  
2.133e-02  9.697e-01  
9.949e-01  3.494e-02  
9.413e-01  7.052e-02  
3.445e-02  8.792e-01  
6.743e-01  2.105e-01  
1.077e+00  1.067e-02  
1.137e-01  7.073e-01  
9.956e-01  2.116e-02  
1.023e+00  3.161e-02  
8.248e-01  1.866e-01  
3.087e-02  1.052e+00  
9.181e-01  8.235e-02  
9.737e-01  5.914e-02  
9.956e-01  2.116e-02  
1.004e+00  4.937e-02  
3.308e-01  4.551e-01  
1.405e-01  7.952e-01  
9.382e-01  7.594e-02  
2.460e-02  9.818e-01  
1.252e-01  6.841e-01  
5.404e-02  8.675e-01  
6.715e-01  2.160e-01  
9.231e-01  9.758e-02  
1.137e-01  7.073e-01  
6.835e-01  2.017e-01  
1.086e+00  1.072e-02  
2.641e-01  5.894e-01  
2.580e-01  5.616e-01  
3.050e-01  5.420e-01  
5.000e-01  3.255e-01  
9.145e-01  9.561e-02  
2.699e-02  9.919e-01  
1.927e-01  6.105e-01  
9.274e-01  7.790e-02  
6.743e-01  2.105e-01  
8.125e-02  7.951e-01  
9.880e-01  2.448e-02  
4.841e-01  3.290e-01  
3.433e-01  4.461e-01  
1.014e+00  1.637e-02  
6.743e-01  2.105e-01  
6.613e-01  2.100e-01  
3.059e-01  5.370e-01  
2.843e-01  5.745e-01  
3.445e-02  8.792e-01  
4.326e-02  9.524e-01  
1.791e-01  6.203e-01  
1.783e-01  6.240e-01  
4.782e-01  3.830e-01  
5.174e-01  3.348e-01  
3.421e-01  4.735e-01  
8.281e-01  1.536e-01  
3.474e-01  4.524e-01  
4.925e-01  3.269e-01  
9.241e-01  7.572e-02  
1.434e-01  8.749e-01  
6.715e-01  2.007e-01  
2.813e-01  5.372e-01  
2.970e-01  5.398e-01  
9.880e-01  2.448e-02  
3.620e-01  4.555e-01  
1.615e-01  6.405e-01  
3.050e-01  5.420e-01  
3.059e-01  5.370e-01  
6.887e-01  2.121e-01  
1.204e-01  6.947e-01  
3.785e-01  4.589e-01  
1.081e+00  2.458e-02  
6.664e-01  2.178e-01  
2.384e-01  5.575e-01  
1.023e+00  3.161e-02  
1.494e-01  7.292e-01  
5.049e-01  3.227e-01  
3.904e-01  4.370e-01  
1.360e-01  7.324e-01  
5.616e-01  2.943e-01  
9.726e-01  6.364e-02  
9.734e-01  5.390e-02  
4.570e-01  4.100e-01  
5.404e-02  8.675e-01  
4.522e-01  4.059e-01  
2.866e-01  5.360e-01  
2.002e-02  1.031e+00  
1.252e-01  6.841e-01  
4.893e-01  3.569e-01  
6.586e-01  2.191e-01  
4.851e-01  3.389e-01  
1.605e-02  1.064e+00  
3.990e-02  1.067e+00  
4.750e-01  3.977e-01  
4.759e-01  3.617e-01  
6.586e-01  2.191e-01  
1.783e-01  6.240e-01  
3.924e-01  4.426e-01  
