2.922e-02  1.297e+00  
1.252e+00  8.801e-02  
6.489e-01  6.932e-01  
9.473e-01  3.626e-01  
2.955e-01  1.016e+00  
7.233e-01  6.785e-01  
1.482e-01  1.064e+00  
3.978e-01  7.524e-01  
1.013e+00  1.911e-01  
1.195e+00  1.033e-01  
6.849e-02  1.057e+00  
7.141e-01  6.798e-01  
9.756e-01  3.799e-01  
3.846e-01  8.631e-01  
5.832e-01  8.305e-01  
9.811e-01  2.846e-01  
1.799e-01  1.024e+00  
1.482e-01  1.064e+00  
6.503e-01  6.861e-01  
1.038e+00  2.145e-01  
3.712e-01  7.902e-01  
6.489e-01  6.932e-01  
6.042e-01  7.729e-01  
1.257e+00  1.208e-01  
7.841e-01  6.798e-01  
1.227e+00  8.907e-02  
3.630e-01  8.153e-01  
4.483e-02  1.210e+00  
4.173e-01  7.997e-01  
5.448e-02  1.043e+00  
9.568e-01  4.336e-01  
9.899e-01  2.744e-01  
2.511e-01  1.023e+00  
1.012e+00  2.748e-01  
1.238e+00  1.096e-01  
5.009e-02  1.095e+00  
4.091e-01  7.621e-01  
1.723e-01  1.108e+00  
7.726e-02  1.070e+00  
7.875e-01  6.861e-01  
4.637e-01  7.335e-01  
7.685e-01  6.822e-01  
4.140e-01  7.797e-01  
3.461e-01  8.316e-01  
1.372e-01  1.050e+00  
9.595e-01  3.502e-01  
6.875e-01  6.823e-01  
1.240e+00  1.126e-01  
7.180e-01  6.912e-01  
3.476e-01  8.946e-01  
6.393e-01  7.044e-01  
3.881e-01  7.868e-01  
5.497e-02  1.318e+00  
9.454e-01  4.436e-01  
6.675e-02  1.118e+00  
6.610e-01  6.900e-01  
9.448e-01  4.247e-01  
1.243e+00  1.143e-01  
2.987e-01  1.021e+00  
1.224e+00  2.096e-01  
9.675e-01  1.858e-01  
3.694e-01  8.596e-01  
9.899e-01  2.096e-01  
9.582e-01  3.598e-01  
2.431e-01  1.041e+00  
1.014e+00  2.633e-01  
6.964e-02  1.068e+00  
9.595e-01  3.502e-01  
6.462e-01  7.118e-01  
7.141e-01  6.798e-01  
9.595e-01  3.502e-01  
2.168e-01  1.013e+00  
9.617e-01  4.346e-01  
3.711e-01  7.690e-01  
6.240e-01  7.000e-01  
1.419e-01  1.054e+00  
7.413e-02  1.055e+00  
9.811e-01  2.846e-01  
7.841e-01  6.798e-01  
1.228e+00  1.230e-01  
6.802e-01  6.820e-01  
3.461e-01  8.316e-01  
6.393e-01  7.044e-01  
6.982e-01  6.807e-01  
5.470e-01  7.605e-01  
9.411e-01  4.708e-01  
1.723e-01  1.108e+00  
5.009e-02  1.095e+00  
4.601e-01  7.725e-01  
7.192e-01  6.992e-01  
3.569e-01  9.409e-01  
9.582e-01  3.672e-01  
1.227e+00  8.907e-02  
3.444e-02  1.138e+00  
9.970e-01  1.934e-01  
3.543e-01  7.887e-01  
6.313e-01  7.490e-01  
9.434e-01  4.900e-01  
3.672e-01  7.615e-01  
7.192e-01  6.992e-01  
7.826e-02  1.210e+00  
1.728e-01  1.017e+00  
7.279e-01  6.809e-01  
7.054e-02  1.066e+00  
9.502e-01  4.338e-01  
1.034e+00  1.713e-01  
2.440e-02  1.280e+00  
6.439e-01  6.876e-01  
9.482e-01  3.982e-01  
9.739e-01  2.712e-01  
6.240e-01  7.315e-01  
2.699e-01  1.023e+00  
6.240e-01  7.315e-01  
4.601e-01  7.725e-01  
3.581e-01  8.511e-01  
1.055e+00  1.831e-01  
2.139e-01  1.025e+00  
1.186e+00  2.746e-01  
1.181e-01  1.180e+00  
1.118e+00  1.725e-01  
1.243e+00  8.712e-02  
3.057e-01  1.007e+00  
1.229e+00  1.259e-01  
2.654e-01  1.027e+00  
9.970e-01  3.489e-01  
1.482e-02  1.284e+00  
1.229e+00  1.259e-01  
6.240e-01  7.315e-01  
1.297e+00  8.850e-02  
4.173e-01  7.997e-01  
1.252e+00  8.956e-02  
7.572e-02  1.071e+00  
1.929e-01  1.017e+00  
1.244e-01  1.065e+00  
1.243e+00  8.185e-02  
1.038e+00  2.145e-01  
1.247e+00  8.399e-02  
3.617e-01  9.312e-01  
1.012e+00  2.748e-01  
2.881e-01  1.020e+00  
5.847e-02  1.073e+00  
9.617e-01  4.346e-01  
9.438e-01  4.054e-01  
4.091e-01  7.621e-01  
5.129e-01  8.040e-01  
6.444e-01  7.019e-01  
3.070e-01  1.010e+00  
7.033e-01  6.865e-01  
1.482e-01  1.064e+00  
3.987e-01  9.634e-01  
6.240e-01  7.315e-01  
1.014e+00  2.633e-01  
3.694e-01  8.596e-01  
7.192e-01  6.992e-01  
2.881e-01  1.020e+00  
9.423e-01  4.977e-01  
2.139e-01  1.025e+00  
2.381e-01  1.029e+00  
7.192e-01  6.992e-01  
9.760e-01  4.646e-01  
9.442e-01  4.529e-01  
3.461e-01  8.316e-01  
9.470e-01  4.412e-01  
1.564e-01  1.053e+00  
6.439e-01  6.876e-01  
4.153e-01  7.917e-01  
6.042e-01  7.729e-01  
7.841e-01  6.798e-01  
1.239e+00  1.075e-01  
7.279e-01  6.809e-01  
6.611e-01  7.067e-01  
9.480e-01  5.589e-01  
1.522e-02  1.287e+00  
6.982e-01  6.807e-01  
6.435e-02  1.274e+00  
7.192e-01  6.992e-01  
1.457e-01  1.044e+00  
6.381e-01  7.348e-01  
5.310e-02  1.057e+00  
7.047e-01  6.851e-01  
9.568e-01  4.336e-01  
3.712e-01  7.902e-01  
6.240e-01  7.000e-01  
5.181e-01  7.534e-01  
9.825e-01  1.603e-01  
9.678e-01  2.818e-01  
3.070e-01  1.010e+00  
6.042e-01  7.729e-01  
7.841e-01  6.798e-01  
4.601e-01  7.725e-01  
7.279e-01  6.809e-01  
7.130e-01  7.000e-01  
6.428e-01  7.016e-01  
6.316e-01  7.408e-01  
1.228e+00  1.230e-01  
9.662e-01  3.472e-01  
5.129e-01  8.040e-01  
9.448e-01  4.247e-01  
4.153e-01  7.917e-01  
1.465e-01  1.072e+00  
7.280e-01  6.845e-01  
3.595e-01  8.132e-01  
6.809e-01  6.989e-01  
9.887e-01  1.716e-01  
3.907e-01  7.711e-01  
9.434e-01  4.900e-01  
7.425e-01  6.814e-01  
6.849e-02  1.057e+00  
1.014e+00  2.633e-01  
2.922e-02  1.297e+00  
1.251e+00  1.228e-01  
9.433e-01  3.844e-01  
9.454e-01  4.436e-01  
2.654e-01  1.027e+00  
6.240e-01  7.000e-01  
1.229e+00  1.259e-01  
1.012e+00  2.748e-01  
1.009e+00  3.674e-01  
9.576e-01  3.506e-01  
8.250e-02  1.046e+00  
3.210e-01  1.010e+00  
2.431e-01  1.041e+00  
7.054e-02  1.066e+00  
9.582e-01  3.672e-01  
1.227e+00  8.907e-02  
2.699e-01  1.023e+00  
1.728e-01  1.026e+00  
2.381e-01  1.029e+00  
3.907e-01  7.711e-01  
8.415e-02  1.074e+00  
1.007e+00  2.477e-01  
9.825e-01  1.603e-01  
3.320e-02  1.347e+00  
5.171e-01  7.886e-01  
1.009e+00  3.674e-01  
9.825e-01  1.603e-01  
4.619e-01  8.254e-01  
6.849e-02  1.057e+00  
7.406e-02  1.050e+00  
9.446e-01  4.228e-01  
3.745e-02  1.319e+00  
8.388e-02  1.072e+00  
1.034e+00  1.713e-01  
1.799e-01  1.024e+00  
9.996e-01  2.196e-01  
9.986e-01  1.877e-01  
3.461e-01  8.316e-01  
1.257e+00  1.208e-01  
3.711e-01  7.690e-01  
3.009e-02  1.220e+00  
1.007e+00  2.477e-01  
1.224e+00  2.096e-01  
1.400e-01  1.128e+00  
9.970e-01  3.489e-01  
9.828e-01  1.539e-01  
1.251e+00  8.561e-02  
1.243e+00  1.029e-01  
1.252e+00  8.956e-02  
3.630e-01  8.153e-01  
1.270e+00  1.370e-01  
9.946e-01  2.939e-01  
9.675e-01  1.858e-01  
1.012e+00  2.748e-01  
2.922e-02  1.297e+00  
6.503e-01  6.861e-01  
1.224e+00  2.096e-01  
9.921e-01  2.096e-01  
1.014e+00  2.633e-01  
7.406e-02  1.050e+00  
3.881e-01  7.868e-01  
7.406e-02  1.050e+00  
3.057e-01  1.007e+00  
6.895e-01  7.123e-01  
4.153e-01  7.917e-01  
3.907e-01  7.711e-01  
9.970e-01  1.934e-01  
7.054e-02  1.066e+00  
2.654e-01  1.027e+00  
9.528e-01  3.740e-01  
1.093e-01  1.085e+00  
7.054e-02  1.066e+00  
3.581e-01  8.511e-01  
9.467e-01  3.627e-01  
9.482e-01  3.982e-01  
2.654e-01  1.027e+00  
3.745e-02  1.319e+00  
1.281e+00  1.424e-01  
1.457e-01  1.044e+00  
6.435e-02  1.274e+00  
1.230e-01  1.068e+00  
7.141e-01  6.798e-01  
6.610e-01  6.900e-01  
1.102e-01  1.068e+00  
9.434e-01  4.900e-01  
9.438e-01  3.723e-01  
5.181e-01  7.534e-01  
6.393e-01  7.044e-01  
3.630e-01  8.153e-01  
1.000e+00  1.999e-01  
7.207e-01  7.428e-01  
3.009e-02  1.220e+00  
4.140e-01  7.797e-01  
9.448e-01  4.247e-01  
6.610e-01  6.900e-01  
3.975e-01  7.536e-01  
6.957e-01  6.826e-01  
3.009e-02  1.220e+00  
4.179e-01  7.886e-01  
7.856e-01  6.792e-01  
6.365e-01  7.105e-01  
7.054e-02  1.066e+00  
3.569e-01  9.409e-01  
7.180e-01  6.912e-01  
9.899e-01  2.744e-01  
1.482e-01  1.064e+00  
7.180e-01  6.912e-01  
6.636e-01  6.995e-01  
9.442e-01  4.063e-01  
3.476e-01  8.946e-01  
7.130e-01  7.000e-01  
9.470e-01  4.412e-01  
9.411e-01  4.708e-01  
4.090e-01  9.448e-01  
1.011e+00  1.816e-01  
3.978e-01  7.524e-01  
1.230e-01  1.068e+00  
1.200e+00  1.821e-01  
9.470e-01  4.412e-01  
9.568e-01  4.336e-01  
1.723e-01  1.108e+00  
6.462e-01  7.118e-01  
6.444e-01  7.019e-01  
6.313e-01  7.490e-01  
2.139e-01  1.025e+00  
3.483e-01  8.534e-01  
5.470e-01  7.885e-01  
7.280e-01  6.845e-01  
9.855e-01  1.772e-01  
6.313e-01  7.490e-01  
3.476e-01  8.946e-01  
9.582e-01  3.672e-01  
3.712e-01  7.902e-01  
7.425e-01  6.814e-01  
9.457e-01  4.414e-01  
3.476e-01  8.946e-01  
9.970e-01  1.934e-01  
2.139e-01  1.025e+00  
7.192e-01  6.992e-01  
2.699e-01  1.023e+00  
6.439e-01  6.876e-01  
7.141e-01  6.798e-01  
2.699e-01  1.023e+00  
3.070e-01  1.010e+00  
1.034e+00  1.713e-01  
4.733e-01  8.377e-01  
4.153e-01  7.917e-01  
9.555e-01  3.819e-01  
3.653e-01  7.772e-01  
5.129e-01  8.040e-01  
5.171e-01  7.886e-01  
6.964e-02  1.068e+00  
6.610e-01  6.900e-01  
6.439e-01  6.876e-01  
6.675e-02  1.118e+00  
4.013e-01  8.007e-01  
3.712e-01  7.902e-01  
9.899e-01  2.744e-01  
9.760e-01  4.646e-01  
1.023e+00  2.255e-01  
9.433e-01  3.844e-01  
4.173e-01  7.997e-01  
4.153e-01  7.917e-01  
3.664e-01  8.650e-01  
7.180e-01  6.912e-01  
9.446e-01  4.228e-01  
7.685e-01  6.822e-01  
9.967e-01  2.986e-01  
3.070e-01  1.010e+00  
1.195e+00  1.033e-01  
6.591e-02  1.046e+00  
9.438e-01  3.723e-01  
7.685e-01  6.822e-01  
3.694e-01  8.596e-01  
6.957e-01  6.826e-01  
1.400e-01  1.128e+00  
7.279e-01  6.809e-01  
4.502e-01  7.491e-01  
7.841e-01  6.798e-01  
1.243e+00  8.185e-02  
9.539e-01  3.832e-01  
9.401e-01  4.951e-01  
1.723e-01  1.108e+00  
5.343e-02  1.348e+00  
6.240e-01  7.315e-01  
1.016e+00  2.380e-01  
6.140e-01  7.988e-01  
9.996e-01  2.196e-01  
1.522e-02  1.287e+00  
1.315e+00  8.640e-02  
7.279e-01  6.809e-01  
3.461e-01  8.316e-01  
9.599e-01  3.591e-01  
5.497e-02  1.318e+00  
9.986e-01  1.877e-01  
1.014e+00  2.633e-01  
6.675e-02  1.118e+00  
3.630e-01  8.153e-01  
6.042e-01  7.729e-01  
6.365e-01  7.105e-01  
1.217e+00  1.982e-01  
1.031e+00  3.000e-01  
2.363e-01  1.037e+00  
1.012e+00  2.748e-01  
9.662e-01  3.472e-01  
4.439e-01  7.732e-01  
6.875e-01  6.823e-01  
4.020e-01  8.012e-01  
6.444e-01  7.019e-01  
6.685e-01  6.826e-01  
3.057e-01  1.007e+00  
1.009e+00  3.674e-01  
3.461e-01  8.316e-01  
9.986e-01  1.877e-01  
4.020e-01  8.012e-01  
6.444e-01  7.019e-01  
4.601e-01  7.725e-01  
2.139e-01  1.025e+00  
2.511e-01  1.023e+00  
7.875e-01  6.861e-01  
9.438e-01  4.054e-01  
9.473e-01  3.626e-01  
4.733e-01  8.377e-01  
9.434e-01  4.900e-01  
9.442e-01  4.529e-01  
2.922e-02  1.297e+00  
9.625e-01  3.607e-01  
1.217e+00  1.982e-01  
2.363e-01  1.037e+00  
1.799e-01  1.024e+00  
6.240e-01  7.315e-01  
6.462e-01  7.118e-01  
1.929e-01  1.017e+00  
2.363e-01  1.037e+00  
3.978e-01  7.524e-01  
3.939e-01  7.663e-01  
7.180e-01  6.912e-01  
9.473e-01  3.626e-01  
7.406e-02  1.050e+00  
1.016e+00  2.380e-01  
6.290e-01  7.142e-01  
5.310e-02  1.057e+00  
7.054e-02  1.066e+00  
9.635e-01  3.543e-01  
3.655e-01  9.542e-01  
1.564e-01  1.053e+00  
3.694e-01  8.596e-01  
1.243e+00  8.185e-02  
9.970e-01  1.934e-01  
3.941e-01  8.910e-01  
1.259e+00  9.553e-02  
7.685e-01  6.822e-01  
3.664e-01  8.650e-01  
9.825e-01  1.603e-01  
3.070e-01  1.010e+00  
4.512e-02  1.187e+00  
1.242e+00  8.953e-02  
2.431e-01  1.041e+00  
1.457e-01  1.044e+00  
1.012e+00  2.748e-01  
1.238e+00  1.096e-01  
9.662e-01  3.472e-01  
9.996e-01  2.196e-01  
1.195e+00  1.033e-01  
2.379e-01  1.014e+00  
2.431e-01  1.041e+00  
9.789e-01  3.482e-01  
9.603e-01  3.874e-01  
1.243e+00  8.185e-02  
7.279e-01  6.809e-01  
9.582e-01  3.672e-01  
9.811e-01  2.846e-01  
1.228e+00  1.230e-01  
1.275e+00  1.086e-01  
7.572e-02  1.071e+00  
1.564e-01  1.053e+00  
9.789e-01  3.482e-01  
8.388e-02  1.072e+00  
9.996e-01  2.196e-01  
3.476e-01  8.946e-01  
6.706e-02  1.056e+00  
3.978e-01  7.524e-01  
7.413e-02  1.055e+00  
2.699e-01  1.023e+00  
3.444e-02  1.138e+00  
1.217e+00  1.982e-01  
1.252e+00  8.956e-02  
1.256e+00  1.162e-01  
1.181e-01  1.180e+00  
1.069e-02  1.293e+00  
1.073e+00  2.387e-01  
1.093e-01  1.085e+00  
1.251e+00  1.228e-01  
1.243e+00  1.029e-01  
1.251e+00  1.303e-01  
3.444e-02  1.138e+00  
1.243e+00  8.185e-02  
2.922e-02  1.297e+00  
1.252e+00  8.956e-02  
1.251e+00  1.228e-01  
7.726e-02  1.070e+00  
1.073e+00  3.305e-01  
1.251e+00  1.303e-01  
1.184e-01  1.024e+00  
1.252e+00  8.956e-02  
1.252e+00  8.956e-02  
9.899e-01  2.520e-01  
4.994e-02  1.323e+00  
1.049e+00  1.908e-01  
1.243e+00  1.143e-01  
1.242e+00  8.953e-02  
1.243e+00  1.143e-01  
3.694e-01  8.596e-01  
1.230e-01  1.068e+00  
1.243e+00  1.143e-01  
6.313e-02  1.189e+00  
1.728e-01  1.017e+00  
7.767e-02  1.083e+00  
9.433e-01  3.844e-01  
9.986e-01  1.877e-01  
7.413e-02  1.055e+00  
9.811e-01  2.846e-01  
1.251e+00  1.303e-01  
3.881e-01  7.868e-01  
3.630e-01  8.153e-01  
3.883e-01  7.517e-01  
7.033e-01  6.865e-01  
1.049e+00  1.908e-01  
2.922e-02  1.297e+00  
2.626e-01  1.009e+00  
1.023e+00  1.664e-01  
9.811e-01  2.846e-01  
7.105e-02  1.060e+00  
1.202e+00  1.137e-01  
9.439e-01  5.044e-01  
4.140e-01  7.797e-01  
1.247e+00  8.399e-02  
9.662e-01  3.472e-01  
9.946e-01  2.939e-01  
4.173e-01  7.997e-01  
3.712e-01  7.902e-01  
7.572e-02  1.071e+00  
3.239e-02  1.226e+00  
2.654e-01  1.027e+00  
3.070e-01  1.010e+00  
6.809e-01  6.989e-01  
7.431e-01  6.781e-01  
4.932e-01  7.936e-01  
1.009e+00  2.151e-01  
4.322e-01  8.092e-01  
7.494e-01  6.899e-01  
1.038e+00  2.145e-01  
6.128e-02  1.078e+00  
9.953e-01  2.899e-01  
3.881e-01  7.868e-01  
4.173e-01  7.997e-01  
1.227e+00  8.907e-02  
6.439e-01  6.876e-01  
2.139e-01  1.025e+00  
3.712e-01  7.902e-01  
3.881e-01  7.868e-01  
9.438e-01  3.723e-01  
2.381e-01  1.029e+00  
4.932e-01  7.936e-01  
1.243e+00  1.143e-01  
1.073e+00  3.305e-01  
3.664e-01  8.650e-01  
1.252e+00  8.801e-02  
1.093e-01  1.085e+00  
7.266e-01  6.828e-01  
6.415e-01  7.265e-01  
1.723e-01  1.108e+00  
9.592e-01  4.911e-01  
1.227e+00  8.907e-02  
1.243e+00  8.185e-02  
6.462e-01  6.916e-01  
7.726e-02  1.070e+00  
6.895e-01  7.123e-01  
3.595e-01  8.132e-01  
2.824e-02  1.274e+00  
1.482e-01  1.064e+00  
6.731e-01  6.791e-01  
9.582e-01  3.672e-01  
7.685e-01  6.822e-01  
3.745e-02  1.319e+00  
1.482e-02  1.284e+00  
6.982e-01  6.807e-01  
6.915e-01  6.912e-01  
9.482e-01  3.982e-01  
2.204e-01  1.057e+00  
6.439e-01  6.876e-01  
