3.485e-02  8.855e-01  
1.052e+00  1.011e-01  
3.626e-01  4.486e-01  
6.362e-01  3.063e-01  
1.906e-01  6.179e-01  
4.971e-01  3.676e-01  
8.292e-02  7.757e-01  
2.832e-01  5.773e-01  
7.815e-01  1.657e-01  
8.219e-01  1.308e-01  
7.708e-02  8.213e-01  
4.345e-01  3.846e-01  
5.127e-01  3.318e-01  
2.327e-01  5.746e-01  
3.137e-01  4.854e-01  
7.911e-01  1.982e-01  
1.429e-01  6.759e-01  
1.165e-01  7.122e-01  
5.039e-01  3.571e-01  
7.823e-01  1.836e-01  
2.525e-01  5.509e-01  
3.904e-01  4.540e-01  
3.480e-01  4.760e-01  
7.967e-01  1.466e-01  
4.598e-01  3.856e-01  
9.716e-01  1.169e-01  
2.113e-01  5.892e-01  
3.170e-02  1.039e+00  
3.479e-01  4.906e-01  
7.922e-02  7.746e-01  
5.610e-01  3.083e-01  
6.769e-01  2.908e-01  
1.554e-01  6.554e-01  
6.707e-01  2.686e-01  
8.526e-01  1.292e-01  
8.804e-02  1.151e+00  
2.436e-01  5.478e-01  
1.105e-01  7.332e-01  
7.247e-02  8.373e-01  
4.971e-01  3.676e-01  
3.314e-01  4.640e-01  
4.625e-01  3.580e-01  
3.326e-01  5.001e-01  
2.156e-01  6.325e-01  
1.285e-01  7.115e-01  
6.168e-01  2.957e-01  
4.419e-01  3.896e-01  
8.093e-01  1.504e-01  
3.991e-01  4.155e-01  
1.783e-01  6.424e-01  
3.534e-01  4.696e-01  
2.526e-01  5.532e-01  
1.130e-02  1.031e+00  
5.317e-01  3.137e-01  
7.216e-02  8.363e-01  
4.045e-01  4.354e-01  
5.638e-01  2.982e-01  
1.028e+00  1.025e-01  
1.783e-01  6.424e-01  
7.808e-01  1.799e-01  
8.074e-01  1.545e-01  
3.372e-01  5.118e-01  
7.911e-01  1.982e-01  
6.222e-01  2.824e-01  
1.321e-01  7.202e-01  
7.872e-01  2.086e-01  
8.292e-02  7.757e-01  
6.222e-01  2.824e-01  
4.231e-01  4.575e-01  
4.425e-01  4.087e-01  
6.486e-01  2.725e-01  
1.807e-01  6.306e-01  
4.631e-01  3.558e-01  
2.475e-01  5.431e-01  
3.556e-01  4.671e-01  
1.156e-01  7.261e-01  
1.051e-01  7.364e-01  
6.707e-01  2.686e-01  
5.131e-01  3.769e-01  
8.566e-01  1.383e-01  
4.853e-01  3.675e-01  
2.520e-01  5.559e-01  
3.377e-01  4.801e-01  
4.598e-01  3.856e-01  
3.326e-01  5.001e-01  
4.625e-01  3.580e-01  
1.133e-01  7.777e-01  
4.197e-02  8.836e-01  
2.958e-01  5.432e-01  
4.445e-01  4.079e-01  
1.718e-01  6.525e-01  
5.706e-01  3.068e-01  
8.407e-01  1.327e-01  
3.485e-02  8.855e-01  
7.997e-01  1.480e-01  
2.551e-01  5.809e-01  
3.479e-01  4.906e-01  
5.142e-01  3.268e-01  
2.276e-01  5.684e-01  
3.857e-01  4.234e-01  
3.643e-02  9.754e-01  
1.133e-01  7.777e-01  
4.445e-01  4.079e-01  
1.004e-01  7.972e-01  
5.610e-01  3.083e-01  
7.808e-01  1.799e-01  
2.602e-02  1.087e+00  
3.904e-01  4.540e-01  
6.284e-01  3.190e-01  
6.769e-01  2.908e-01  
3.170e-01  4.943e-01  
1.668e-01  6.411e-01  
2.592e-01  5.400e-01  
2.812e-01  5.209e-01  
1.783e-01  6.424e-01  
7.979e-01  1.740e-01  
1.405e-01  6.809e-01  
7.808e-01  1.700e-01  
3.704e-02  8.968e-01  
8.093e-01  1.504e-01  
1.106e+00  1.043e-01  
1.778e-01  6.371e-01  
8.219e-01  1.308e-01  
1.571e-01  6.678e-01  
6.315e-01  2.782e-01  
8.804e-02  1.151e+00  
8.516e-01  1.565e-01  
2.832e-01  5.773e-01  
1.052e+00  1.011e-01  
2.936e-01  5.289e-01  
8.275e-01  1.421e-01  
1.049e-01  7.237e-01  
1.321e-01  7.202e-01  
8.332e-02  7.605e-01  
8.566e-01  1.383e-01  
7.878e-01  1.971e-01  
1.106e+00  1.043e-01  
1.842e-01  6.114e-01  
7.613e-01  2.599e-01  
2.551e-01  5.809e-01  
8.804e-02  1.151e+00  
4.971e-01  3.676e-01  
6.222e-01  2.824e-01  
2.676e-01  5.421e-01  
3.321e-01  5.016e-01  
3.784e-01  4.551e-01  
2.338e-01  5.997e-01  
4.240e-01  3.918e-01  
8.310e-02  8.088e-01  
2.109e-01  6.566e-01  
2.676e-01  5.421e-01  
6.777e-01  2.652e-01  
2.676e-01  5.421e-01  
4.425e-01  4.087e-01  
1.778e-01  6.371e-01  
5.289e-01  3.305e-01  
1.133e-01  7.777e-01  
1.718e-01  6.525e-01  
4.568e-01  4.255e-01  
4.625e-01  3.580e-01  
5.610e-01  3.083e-01  
2.338e-01  5.997e-01  
4.729e-01  3.679e-01  
1.321e-01  7.202e-01  
3.479e-01  4.906e-01  
3.025e-01  5.206e-01  
3.170e-01  4.943e-01  
4.435e-01  3.859e-01  
8.799e-01  1.222e-01  
4.425e-01  4.087e-01  
3.404e-01  4.679e-01  
4.709e-01  3.589e-01  
2.602e-02  1.087e+00  
4.317e-01  4.048e-01  
3.485e-02  8.855e-01  
4.788e-01  3.841e-01  
1.051e-01  7.364e-01  
3.714e-01  4.591e-01  
1.197e-01  7.659e-01  
4.093e-01  4.191e-01  
5.610e-01  3.083e-01  
2.338e-01  5.997e-01  
3.383e-01  4.827e-01  
3.137e-01  4.854e-01  
7.808e-01  1.700e-01  
7.808e-01  1.700e-01  
1.909e-01  6.332e-01  
3.170e-01  4.943e-01  
4.419e-01  3.896e-01  
3.040e-01  5.133e-01  
4.045e-01  4.354e-01  
4.545e-01  4.017e-01  
3.714e-01  4.591e-01  
3.404e-01  4.679e-01  
8.479e-01  1.262e-01  
6.734e-01  2.656e-01  
3.199e-01  5.154e-01  
5.754e-01  3.165e-01  
2.724e-01  5.227e-01  
1.133e-01  7.777e-01  
4.625e-01  3.580e-01  
2.551e-01  5.809e-01  
4.360e-01  4.003e-01  
7.933e-01  1.755e-01  
2.584e-01  5.307e-01  
5.404e-01  3.300e-01  
4.360e-01  4.003e-01  
7.642e-02  8.730e-01  
7.808e-01  2.346e-01  
3.372e-02  9.881e-01  
8.248e-01  1.392e-01  
6.284e-01  3.190e-01  
5.142e-01  3.268e-01  
1.783e-01  6.424e-01  
3.714e-01  4.591e-01  
8.777e-01  1.345e-01  
6.475e-01  2.762e-01  
6.362e-01  3.063e-01  
6.384e-01  2.780e-01  
1.197e-01  7.659e-01  
1.766e-01  6.232e-01  
1.565e-01  6.788e-01  
1.307e-01  7.148e-01  
6.074e-01  2.951e-01  
1.028e+00  1.025e-01  
1.681e-01  6.756e-01  
1.197e-01  7.659e-01  
1.554e-01  6.554e-01  
2.592e-01  5.400e-01  
7.708e-02  8.213e-01  
7.842e-01  2.148e-01  
7.808e-01  1.799e-01  
2.050e-02  9.692e-01  
2.958e-01  5.432e-01  
6.315e-01  2.782e-01  
6.486e-01  2.725e-01  
2.905e-01  5.334e-01  
3.704e-02  8.968e-01  
7.851e-02  7.669e-01  
5.610e-01  3.083e-01  
2.602e-02  1.087e+00  
7.216e-02  8.363e-01  
7.997e-01  1.480e-01  
1.520e-01  6.633e-01  
7.857e-01  2.038e-01  
7.979e-01  1.740e-01  
1.718e-01  6.525e-01  
8.211e-01  1.366e-01  
2.418e-01  5.898e-01  
2.835e-02  9.086e-01  
7.842e-01  2.148e-01  
7.911e-01  1.982e-01  
7.247e-02  8.373e-01  
6.319e-01  3.078e-01  
8.074e-01  1.545e-01  
1.032e+00  1.007e-01  
9.716e-01  1.169e-01  
8.526e-01  1.292e-01  
2.338e-01  5.997e-01  
9.593e-01  1.093e-01  
6.769e-01  2.908e-01  
6.734e-01  2.656e-01  
8.516e-01  1.565e-01  
8.804e-02  1.151e+00  
3.784e-01  4.551e-01  
8.074e-01  1.545e-01  
8.603e-01  1.720e-01  
6.707e-01  2.686e-01  
7.247e-02  8.373e-01  
2.338e-01  5.997e-01  
7.247e-02  8.373e-01  
1.886e-01  6.488e-01  
4.345e-01  3.846e-01  
2.968e-01  5.267e-01  
2.989e-01  5.432e-01  
7.808e-01  2.346e-01  
8.292e-02  7.757e-01  
1.718e-01  6.525e-01  
5.968e-01  3.135e-01  
8.450e-02  8.148e-01  
1.197e-01  7.659e-01  
1.909e-01  6.332e-01  
5.568e-01  3.400e-01  
6.222e-01  2.824e-01  
1.766e-01  6.232e-01  
1.130e-02  1.031e+00  
7.815e-01  1.657e-01  
1.133e-01  7.777e-01  
2.811e-02  8.870e-01  
9.173e-02  7.446e-01  
4.709e-01  3.589e-01  
4.558e-01  4.286e-01  
7.247e-02  8.373e-01  
5.709e-01  3.012e-01  
4.971e-01  3.676e-01  
3.404e-01  4.679e-01  
3.292e-01  4.694e-01  
2.109e-01  6.566e-01  
5.289e-01  3.305e-01  
3.784e-01  4.551e-01  
2.602e-02  1.087e+00  
3.479e-01  4.906e-01  
5.754e-01  3.165e-01  
3.819e-01  4.224e-01  
3.479e-01  4.906e-01  
4.240e-01  3.918e-01  
8.804e-02  1.151e+00  
3.137e-01  4.854e-01  
4.360e-01  4.003e-01  
3.714e-01  4.591e-01  
1.143e-01  7.420e-01  
1.783e-01  6.424e-01  
4.231e-01  4.575e-01  
7.234e-01  2.632e-01  
7.914e-02  8.438e-01  
4.419e-01  3.896e-01  
4.637e-01  3.680e-01  
5.289e-01  3.305e-01  
1.927e-01  6.214e-01  
4.625e-01  3.580e-01  
4.729e-01  3.679e-01  
5.170e-01  3.735e-01  
2.526e-01  5.532e-01  
7.808e-01  1.799e-01  
2.592e-01  5.400e-01  
1.106e-01  7.066e-01  
7.967e-01  1.466e-01  
5.709e-01  3.012e-01  
5.754e-01  3.165e-01  
1.049e-01  7.237e-01  
4.425e-01  4.087e-01  
3.458e-01  4.566e-01  
3.517e-01  4.654e-01  
1.321e-01  7.202e-01  
2.229e-01  6.462e-01  
2.968e-01  5.267e-01  
5.480e-01  3.746e-01  
8.093e-01  1.504e-01  
3.383e-01  4.827e-01  
1.766e-01  6.232e-01  
6.222e-01  2.824e-01  
1.842e-01  6.114e-01  
4.425e-01  4.087e-01  
4.971e-01  3.676e-01  
1.947e-01  6.756e-01  
7.911e-01  1.982e-01  
1.321e-01  7.202e-01  
4.637e-01  3.680e-01  
1.668e-01  6.411e-01  
3.804e-01  4.434e-01  
4.568e-01  4.255e-01  
1.681e-01  6.756e-01  
1.766e-01  6.232e-01  
7.812e-01  1.675e-01  
3.199e-01  5.154e-01  
2.935e-01  5.101e-01  
5.142e-01  3.268e-01  
2.968e-01  5.267e-01  
2.935e-01  5.101e-01  
3.320e-01  4.767e-01  
7.851e-02  7.669e-01  
3.963e-01  4.538e-01  
3.784e-01  4.551e-01  
7.708e-02  8.213e-01  
3.170e-01  4.943e-01  
2.832e-01  5.773e-01  
7.613e-01  2.599e-01  
5.480e-01  3.746e-01  
5.480e-01  3.746e-01  
5.550e-01  2.971e-01  
3.199e-01  5.154e-01  
2.491e-01  5.571e-01  
2.474e-01  5.513e-01  
4.240e-01  3.918e-01  
5.289e-01  3.305e-01  
4.544e-01  3.815e-01  
7.591e-01  2.723e-01  
2.109e-01  6.566e-01  
8.109e-01  1.416e-01  
8.450e-02  8.148e-01  
4.831e-01  3.461e-01  
4.541e-01  3.909e-01  
2.832e-01  5.773e-01  
4.463e-01  3.798e-01  
9.173e-02  7.446e-01  
4.360e-01  4.003e-01  
2.935e-01  5.101e-01  
4.445e-01  4.079e-01  
8.275e-01  1.421e-01  
6.362e-01  3.063e-01  
5.131e-01  3.769e-01  
1.307e-01  7.148e-01  
3.786e-02  9.318e-01  
2.584e-01  5.307e-01  
7.842e-01  2.148e-01  
3.137e-01  4.854e-01  
7.842e-01  2.148e-01  
2.602e-02  1.087e+00  
1.028e+00  1.025e-01  
4.544e-01  3.815e-01  
2.109e-01  6.566e-01  
6.459e-01  2.804e-01  
3.786e-02  9.318e-01  
8.140e-01  1.622e-01  
8.088e-01  2.059e-01  
7.216e-02  8.363e-01  
2.501e-01  5.564e-01  
3.292e-01  4.783e-01  
3.936e-01  4.812e-01  
7.815e-01  1.657e-01  
7.613e-01  2.599e-01  
1.405e-01  6.809e-01  
6.707e-01  2.686e-01  
6.315e-01  2.782e-01  
2.844e-01  5.356e-01  
4.045e-01  4.354e-01  
2.359e-01  5.996e-01  
3.784e-01  4.551e-01  
4.419e-01  3.896e-01  
1.783e-01  6.424e-01  
6.475e-01  2.762e-01  
1.766e-01  6.232e-01  
8.074e-01  1.545e-01  
2.525e-01  5.509e-01  
3.971e-01  4.386e-01  
3.326e-01  5.001e-01  
1.520e-01  6.633e-01  
1.615e-01  6.517e-01  
4.317e-01  4.048e-01  
5.610e-01  3.083e-01  
6.362e-01  3.063e-01  
3.170e-01  4.943e-01  
5.289e-01  3.305e-01  
5.754e-01  3.165e-01  
4.932e-02  9.123e-01  
6.362e-01  3.063e-01  
8.098e-01  1.553e-01  
1.051e-01  7.364e-01  
1.380e-01  6.907e-01  
2.958e-01  5.432e-01  
3.479e-01  4.906e-01  
1.768e-01  6.363e-01  
1.147e-01  6.927e-01  
2.832e-01  5.773e-01  
2.525e-01  5.509e-01  
4.445e-01  4.079e-01  
6.460e-01  2.914e-01  
3.704e-02  8.968e-01  
7.852e-01  1.788e-01  
3.936e-01  4.812e-01  
8.450e-02  8.148e-01  
1.147e-01  6.927e-01  
6.769e-01  2.908e-01  
2.156e-01  6.325e-01  
1.379e-01  6.980e-01  
2.525e-01  5.509e-01  
8.526e-01  1.292e-01  
8.248e-01  1.392e-01  
2.359e-01  5.996e-01  
1.052e+00  1.011e-01  
4.544e-01  3.815e-01  
2.436e-01  5.478e-01  
7.997e-01  1.480e-01  
1.798e-01  6.727e-01  
3.549e-02  8.972e-01  
1.028e+00  1.025e-01  
1.541e-01  8.217e-01  
1.051e-01  7.364e-01  
6.707e-01  2.686e-01  
8.275e-01  1.421e-01  
5.684e-01  2.945e-01  
8.516e-01  1.565e-01  
7.967e-01  1.466e-01  
1.565e-01  6.788e-01  
1.565e-01  6.788e-01  
6.769e-01  2.908e-01  
5.142e-01  3.268e-01  
8.479e-01  1.262e-01  
4.598e-01  3.856e-01  
6.222e-01  2.824e-01  
7.812e-01  1.675e-01  
8.479e-01  1.262e-01  
1.028e+00  1.025e-01  
3.485e-02  8.855e-01  
1.452e-01  7.361e-01  
6.475e-01  2.762e-01  
8.450e-02  8.148e-01  
7.878e-01  1.971e-01  
1.992e-01  6.452e-01  
8.450e-02  8.148e-01  
3.025e-01  5.206e-01  
1.051e-01  7.364e-01  
1.615e-01  6.517e-01  
3.643e-02  9.754e-01  
7.997e-01  1.480e-01  
8.407e-01  1.327e-01  
8.275e-01  1.421e-01  
7.216e-02  8.363e-01  
3.244e-02  9.347e-01  
7.852e-01  1.788e-01  
7.851e-02  7.669e-01  
8.479e-01  1.262e-01  
9.105e-01  1.225e-01  
8.526e-01  1.292e-01  
2.200e-02  9.174e-01  
9.262e-01  1.343e-01  
2.020e-02  9.280e-01  
7.967e-01  1.466e-01  
7.967e-01  1.466e-01  
7.914e-02  8.438e-01  
6.486e-01  2.725e-01  
9.716e-01  1.169e-01  
1.051e-01  7.364e-01  
9.429e-01  1.102e-01  
8.332e-01  1.499e-01  
7.808e-01  2.346e-01  
2.811e-02  8.870e-01  
7.808e-01  1.799e-01  
8.275e-01  1.421e-01  
1.106e+00  1.043e-01  
8.479e-01  1.262e-01  
2.474e-01  5.513e-01  
1.049e-01  7.237e-01  
8.109e-01  1.416e-01  
8.450e-02  8.148e-01  
1.321e-01  7.202e-01  
2.338e-01  5.997e-01  
6.486e-01  3.296e-01  
8.056e-01  1.578e-01  
1.004e-01  7.972e-01  
6.777e-01  2.652e-01  
1.106e+00  1.043e-01  
2.295e-01  5.758e-01  
1.992e-01  6.452e-01  
2.523e-01  5.628e-01  
4.544e-01  3.815e-01  
7.852e-01  1.788e-01  
2.050e-02  9.692e-01  
1.668e-01  6.411e-01  
7.997e-01  1.480e-01  
7.234e-01  2.632e-01  
7.247e-02  8.373e-01  
9.105e-01  1.225e-01  
4.631e-01  3.558e-01  
3.321e-01  5.016e-01  
1.106e+00  1.043e-01  
6.315e-01  2.782e-01  
6.921e-01  2.726e-01  
2.553e-01  5.276e-01  
2.436e-01  5.478e-01  
7.914e-02  8.438e-01  
3.549e-02  8.972e-01  
1.717e-01  6.525e-01  
1.717e-01  6.525e-01  
3.991e-01  4.155e-01  
4.463e-01  3.798e-01  
3.240e-01  4.869e-01  
7.808e-01  1.799e-01  
2.989e-01  5.432e-01  
4.360e-01  4.003e-01  
7.997e-01  1.480e-01  
7.581e-02  8.114e-01  
6.437e-01  2.815e-01  
2.525e-01  5.509e-01  
2.724e-01  5.227e-01  
8.526e-01  1.292e-01  
3.326e-01  5.001e-01  
1.156e-01  7.261e-01  
2.785e-01  5.343e-01  
2.621e-01  5.200e-01  
5.142e-01  3.268e-01  
1.452e-01  7.361e-01  
3.303e-01  4.913e-01  
9.501e-01  1.057e-01  
6.315e-01  2.782e-01  
2.525e-01  5.509e-01  
1.028e+00  1.025e-01  
9.173e-02  7.446e-01  
4.971e-01  3.676e-01  
3.524e-01  4.519e-01  
1.147e-01  6.927e-01  
4.831e-01  3.461e-01  
8.516e-01  1.565e-01  
8.479e-01  1.262e-01  
4.003e-01  4.464e-01  
6.752e-02  8.450e-01  
3.770e-01  4.501e-01  
2.523e-01  5.628e-01  
1.936e-02  9.329e-01  
1.004e-01  7.972e-01  
4.425e-01  4.087e-01  
6.769e-01  2.908e-01  
5.170e-01  3.735e-01  
1.130e-02  1.031e+00  
2.050e-02  9.692e-01  
4.093e-01  4.191e-01  
4.231e-01  4.575e-01  
5.816e-01  2.962e-01  
1.405e-01  6.809e-01  
3.936e-01  4.812e-01  
