1.897e-02  1.060e+00  
9.009e-01  8.751e-02  
3.971e-01  4.399e-01  
6.023e-01  2.543e-01  
1.820e-01  6.837e-01  
4.992e-01  3.815e-01  
9.490e-02  7.477e-01  
2.819e-01  5.452e-01  
8.636e-01  1.741e-01  
8.692e-01  1.009e-01  
3.171e-02  9.446e-01  
4.556e-01  4.283e-01  
5.706e-01  3.116e-01  
2.261e-01  5.732e-01  
3.360e-01  4.824e-01  
6.596e-01  2.383e-01  
1.486e-01  7.027e-01  
9.811e-02  7.456e-01  
5.304e-01  3.494e-01  
8.684e-01  1.877e-01  
2.886e-01  6.104e-01  
4.282e-01  4.323e-01  
3.719e-01  4.393e-01  
8.668e-01  1.047e-01  
4.992e-01  3.815e-01  
9.044e-01  1.017e-01  
2.261e-01  5.732e-01  
3.149e-02  9.300e-01  
3.139e-01  4.711e-01  
7.611e-02  7.737e-01  
5.916e-01  2.845e-01  
6.971e-01  2.477e-01  
8.814e-02  7.637e-01  
6.351e-01  2.375e-01  
8.737e-01  8.567e-02  
3.337e-02  8.849e-01  
2.637e-01  6.061e-01  
1.108e-01  7.480e-01  
8.268e-02  7.563e-01  
5.111e-01  3.602e-01  
3.439e-01  4.751e-01  
4.992e-01  3.815e-01  
3.114e-01  5.210e-01  
2.264e-01  5.941e-01  
9.811e-02  7.456e-01  
5.949e-01  2.796e-01  
4.611e-01  3.876e-01  
8.670e-01  1.059e-01  
4.499e-01  3.933e-01  
1.944e-01  6.352e-01  
3.719e-01  4.393e-01  
2.871e-01  5.347e-01  
9.663e-03  1.005e+00  
5.473e-01  3.149e-01  
4.234e-02  8.216e-01  
3.719e-01  4.393e-01  
5.918e-01  2.859e-01  
8.944e-01  8.154e-02  
1.938e-01  6.633e-01  
8.623e-01  1.244e-01  
8.684e-01  1.877e-01  
3.383e-01  5.096e-01  
6.820e-01  2.336e-01  
6.213e-01  2.396e-01  
1.449e-01  8.357e-01  
6.302e-01  2.353e-01  
8.534e-02  7.959e-01  
5.949e-01  2.796e-01  
3.719e-01  4.393e-01  
4.503e-01  3.957e-01  
6.341e-01  2.807e-01  
1.910e-01  6.102e-01  
5.167e-01  3.594e-01  
2.814e-01  5.303e-01  
3.701e-01  4.408e-01  
1.212e-01  7.380e-01  
8.814e-02  7.637e-01  
6.351e-01  2.375e-01  
5.172e-01  3.406e-01  
8.668e-01  1.047e-01  
5.243e-01  3.397e-01  
2.308e-01  5.882e-01  
3.125e-01  4.828e-01  
4.411e-01  4.262e-01  
3.400e-01  4.989e-01  
5.575e-01  3.873e-01  
1.351e-01  6.929e-01  
3.171e-02  9.446e-01  
3.156e-01  5.065e-01  
4.889e-01  3.861e-01  
2.117e-01  6.255e-01  
6.218e-01  2.666e-01  
8.767e-01  9.062e-02  
4.300e-02  1.019e+00  
8.609e-01  1.669e-01  
2.308e-01  5.882e-01  
3.719e-01  4.393e-01  
5.474e-01  2.968e-01  
2.446e-01  6.024e-01  
4.215e-01  4.315e-01  
8.350e-02  8.464e-01  
1.016e-01  7.301e-01  
4.389e-01  4.215e-01  
9.922e-02  7.731e-01  
5.895e-01  2.979e-01  
8.636e-01  1.741e-01  
2.011e-02  9.948e-01  
3.641e-01  4.450e-01  
6.447e-01  3.038e-01  
6.771e-01  2.479e-01  
3.236e-01  5.023e-01  
1.751e-01  6.592e-01  
2.520e-01  5.526e-01  
2.990e-01  4.863e-01  
2.135e-01  6.393e-01  
8.731e-01  1.393e-01  
9.811e-02  7.456e-01  
8.623e-01  1.244e-01  
3.171e-02  9.446e-01  
8.687e-01  1.338e-01  
8.799e-01  9.355e-02  
2.060e-01  6.388e-01  
8.670e-01  1.059e-01  
1.685e-01  6.690e-01  
6.309e-01  2.653e-01  
1.176e-02  9.948e-01  
8.835e-01  1.291e-01  
2.916e-01  5.414e-01  
9.280e-01  9.765e-02  
2.870e-01  5.106e-01  
8.673e-01  1.193e-01  
1.144e-01  7.398e-01  
1.182e-01  7.052e-01  
8.813e-02  7.819e-01  
8.869e-01  7.814e-02  
8.623e-01  1.244e-01  
8.944e-01  8.154e-02  
2.924e-01  6.251e-01  
6.351e-01  2.375e-01  
2.060e-01  6.388e-01  
2.464e-02  9.677e-01  
5.474e-01  2.968e-01  
6.447e-01  3.038e-01  
2.691e-01  5.388e-01  
3.281e-01  4.982e-01  
3.400e-01  4.989e-01  
1.751e-01  6.592e-01  
5.315e-01  3.861e-01  
1.005e-01  7.790e-01  
2.238e-01  6.038e-01  
2.819e-01  5.452e-01  
6.390e-01  2.392e-01  
2.916e-01  5.414e-01  
3.971e-01  4.399e-01  
1.910e-01  6.102e-01  
5.447e-01  3.348e-01  
1.182e-01  7.052e-01  
2.117e-01  6.255e-01  
4.556e-01  4.283e-01  
5.668e-01  3.711e-01  
5.596e-01  3.025e-01  
2.637e-01  6.061e-01  
5.575e-01  3.873e-01  
1.283e-01  8.101e-01  
3.587e-01  4.729e-01  
3.010e-01  5.077e-01  
3.400e-01  4.989e-01  
4.389e-01  4.215e-01  
8.692e-01  1.009e-01  
5.073e-01  3.666e-01  
3.703e-01  4.865e-01  
5.596e-01  3.025e-01  
1.176e-02  9.948e-01  
4.503e-01  3.957e-01  
2.464e-02  9.677e-01  
5.111e-01  3.602e-01  
6.223e-02  8.590e-01  
3.701e-01  4.408e-01  
8.350e-02  8.464e-01  
4.389e-01  4.215e-01  
6.123e-01  2.582e-01  
2.637e-01  6.061e-01  
3.396e-01  4.512e-01  
3.360e-01  4.824e-01  
8.642e-01  1.973e-01  
6.603e-01  2.405e-01  
2.308e-01  5.882e-01  
3.326e-01  4.869e-01  
4.389e-01  4.215e-01  
3.143e-01  5.007e-01  
3.971e-01  4.399e-01  
5.575e-01  3.873e-01  
3.904e-01  4.568e-01  
3.703e-01  4.865e-01  
8.887e-01  1.065e-01  
6.302e-01  2.397e-01  
3.245e-01  4.859e-01  
6.447e-01  3.038e-01  
3.139e-01  4.711e-01  
1.212e-01  7.380e-01  
5.474e-01  2.968e-01  
2.261e-01  5.732e-01  
4.152e-01  4.355e-01  
8.673e-01  1.193e-01  
2.706e-01  5.550e-01  
5.473e-01  3.149e-01  
4.503e-01  3.957e-01  
6.957e-02  7.887e-01  
6.390e-01  2.392e-01  
1.897e-02  1.060e+00  
8.974e-01  8.380e-02  
6.435e-01  2.831e-01  
5.897e-01  3.162e-01  
1.585e-01  6.677e-01  
3.719e-01  4.393e-01  
8.974e-01  8.380e-02  
6.379e-01  2.390e-01  
6.194e-01  2.604e-01  
6.456e-01  2.571e-01  
8.524e-02  7.765e-01  
2.081e-01  6.111e-01  
1.724e-01  6.816e-01  
9.559e-02  7.615e-01  
6.447e-01  3.038e-01  
8.799e-01  9.355e-02  
1.622e-01  6.683e-01  
1.420e-01  6.853e-01  
1.486e-01  7.027e-01  
2.886e-01  6.104e-01  
6.957e-02  7.887e-01  
8.635e-01  1.590e-01  
8.660e-01  1.667e-01  
1.034e-02  1.026e+00  
3.010e-01  5.077e-01  
6.218e-01  2.666e-01  
6.971e-01  2.477e-01  
2.916e-01  5.414e-01  
2.464e-02  9.677e-01  
2.464e-02  9.677e-01  
5.543e-01  3.112e-01  
1.176e-02  9.948e-01  
4.312e-02  8.392e-01  
8.673e-01  1.193e-01  
2.135e-01  6.393e-01  
8.687e-01  1.338e-01  
7.323e-01  2.457e-01  
1.939e-01  5.913e-01  
8.773e-01  1.143e-01  
2.402e-01  5.781e-01  
2.714e-02  9.635e-01  
8.635e-01  1.590e-01  
8.655e-01  1.245e-01  
4.234e-02  8.216e-01  
6.771e-01  2.479e-01  
8.623e-01  1.207e-01  
9.122e-01  8.652e-02  
8.958e-01  8.736e-02  
8.974e-01  8.380e-02  
2.308e-01  5.882e-01  
9.082e-01  9.340e-02  
6.575e-01  2.435e-01  
6.390e-01  2.392e-01  
8.623e-01  1.244e-01  
1.819e-02  9.645e-01  
3.420e-01  4.776e-01  
8.773e-01  1.143e-01  
8.608e-01  1.665e-01  
6.390e-01  2.392e-01  
4.312e-02  8.392e-01  
2.520e-01  5.526e-01  
4.312e-02  8.392e-01  
1.938e-01  6.633e-01  
3.719e-01  4.393e-01  
3.010e-01  5.077e-01  
2.943e-01  6.115e-01  
6.593e-01  2.405e-01  
9.559e-02  7.615e-01  
1.820e-01  6.837e-01  
6.309e-01  2.653e-01  
4.300e-02  1.019e+00  
8.350e-02  8.464e-01  
2.170e-01  6.523e-01  
5.596e-01  3.025e-01  
5.949e-01  2.796e-01  
1.921e-01  6.511e-01  
1.176e-02  9.948e-01  
8.682e-01  1.263e-01  
1.236e-01  7.467e-01  
2.120e-02  9.915e-01  
1.114e-01  7.127e-01  
5.315e-01  3.861e-01  
4.556e-01  4.283e-01  
9.559e-02  7.615e-01  
5.477e-01  3.053e-01  
5.447e-01  3.348e-01  
3.561e-01  4.570e-01  
3.701e-01  4.408e-01  
2.308e-01  5.882e-01  
5.432e-01  3.065e-01  
3.987e-01  4.564e-01  
2.526e-02  8.938e-01  
3.271e-01  4.966e-01  
6.335e-01  2.720e-01  
4.346e-01  4.074e-01  
3.698e-01  4.604e-01  
4.596e-01  4.002e-01  
3.171e-02  9.446e-01  
2.865e-01  4.852e-01  
4.411e-01  4.262e-01  
3.400e-01  4.989e-01  
9.559e-02  7.615e-01  
2.238e-01  6.038e-01  
4.242e-01  4.501e-01  
7.323e-01  2.457e-01  
8.814e-02  7.637e-01  
4.411e-01  4.262e-01  
5.304e-01  3.494e-01  
5.304e-01  3.494e-01  
2.196e-01  6.242e-01  
4.992e-01  3.815e-01  
5.167e-01  3.594e-01  
5.482e-01  3.352e-01  
2.305e-01  5.909e-01  
8.664e-01  1.768e-01  
2.819e-01  5.655e-01  
1.224e-01  7.343e-01  
8.731e-01  1.393e-01  
5.565e-01  2.941e-01  
6.447e-01  3.038e-01  
8.814e-02  7.637e-01  
4.106e-01  4.200e-01  
4.046e-01  4.544e-01  
3.174e-01  4.630e-01  
1.212e-01  7.380e-01  
2.924e-01  6.251e-01  
3.271e-01  4.966e-01  
5.596e-01  3.025e-01  
8.682e-01  1.263e-01  
3.671e-01  4.929e-01  
2.040e-01  5.838e-01  
5.949e-01  2.796e-01  
2.402e-01  5.781e-01  
4.534e-01  4.038e-01  
5.412e-01  3.421e-01  
2.117e-01  6.255e-01  
8.684e-01  1.877e-01  
1.283e-01  8.101e-01  
4.933e-01  3.988e-01  
2.117e-01  6.255e-01  
3.774e-01  4.234e-01  
4.346e-01  4.074e-01  
1.486e-01  7.027e-01  
2.060e-01  6.388e-01  
8.629e-01  1.922e-01  
3.125e-01  4.828e-01  
3.136e-01  4.975e-01  
5.897e-01  3.162e-01  
3.114e-01  5.210e-01  
2.767e-01  5.019e-01  
3.360e-01  4.824e-01  
7.956e-02  7.812e-01  
3.701e-01  4.408e-01  
4.046e-01  4.544e-01  
4.234e-02  8.216e-01  
3.177e-01  4.761e-01  
2.814e-01  5.303e-01  
6.679e-01  2.351e-01  
5.315e-01  3.861e-01  
5.482e-01  3.352e-01  
6.090e-01  2.808e-01  
3.281e-01  4.982e-01  
3.008e-01  6.022e-01  
2.445e-01  5.542e-01  
5.073e-01  3.666e-01  
5.474e-01  2.968e-01  
5.575e-01  3.873e-01  
6.268e-01  2.353e-01  
2.032e-01  6.229e-01  
8.858e-01  9.864e-02  
6.756e-02  7.848e-01  
5.447e-01  3.348e-01  
4.411e-01  4.262e-01  
3.051e-01  5.231e-01  
4.855e-01  4.043e-01  
9.559e-02  7.615e-01  
4.215e-01  4.315e-01  
2.990e-01  4.863e-01  
4.596e-01  4.002e-01  
8.799e-01  9.355e-02  
6.341e-01  2.807e-01  
5.172e-01  3.406e-01  
1.114e-01  7.127e-01  
1.897e-02  1.060e+00  
2.819e-01  5.452e-01  
8.684e-01  1.877e-01  
3.330e-01  4.877e-01  
6.679e-01  2.351e-01  
1.034e-02  1.026e+00  
9.132e-01  8.110e-02  
4.389e-01  4.215e-01  
2.261e-01  5.732e-01  
6.575e-01  2.435e-01  
4.273e-02  8.646e-01  
8.636e-01  1.741e-01  
8.629e-01  1.922e-01  
6.756e-02  7.848e-01  
2.402e-01  5.781e-01  
3.139e-01  4.711e-01  
3.701e-01  4.408e-01  
8.638e-01  1.495e-01  
6.351e-01  2.375e-01  
1.622e-01  6.683e-01  
6.351e-01  2.375e-01  
6.404e-01  2.571e-01  
2.810e-01  5.268e-01  
4.797e-01  4.811e-01  
2.706e-01  5.550e-01  
3.420e-01  4.776e-01  
4.577e-01  4.037e-01  
2.031e-01  6.791e-01  
6.447e-01  3.038e-01  
2.117e-01  6.255e-01  
8.713e-01  1.472e-01  
3.008e-01  6.022e-01  
3.420e-01  4.776e-01  
3.330e-01  4.877e-01  
9.811e-02  7.456e-01  
1.820e-01  6.837e-01  
4.534e-01  4.038e-01  
5.918e-01  2.859e-01  
6.023e-01  2.543e-01  
3.156e-01  5.065e-01  
5.596e-01  3.025e-01  
5.474e-01  2.968e-01  
5.373e-02  8.599e-01  
6.233e-01  2.804e-01  
8.638e-01  1.506e-01  
1.486e-01  7.027e-01  
1.239e-01  7.913e-01  
3.281e-01  4.982e-01  
3.574e-01  4.518e-01  
1.921e-01  6.511e-01  
1.623e-01  7.254e-01  
2.943e-01  6.115e-01  
2.916e-01  5.414e-01  
4.556e-01  4.283e-01  
6.123e-01  2.582e-01  
7.462e-02  8.508e-01  
8.642e-01  1.973e-01  
3.574e-01  4.518e-01  
4.312e-02  8.392e-01  
7.956e-02  7.812e-01  
6.125e-01  2.659e-01  
1.820e-01  6.837e-01  
1.248e-01  6.920e-01  
2.886e-01  6.104e-01  
9.122e-01  8.652e-02  
8.687e-01  1.338e-01  
2.569e-01  6.266e-01  
8.974e-01  8.380e-02  
5.073e-01  3.666e-01  
2.060e-01  6.388e-01  
8.668e-01  1.047e-01  
1.820e-01  6.837e-01  
2.714e-02  9.635e-01  
8.906e-01  8.128e-02  
1.705e-01  6.410e-01  
8.814e-02  7.637e-01  
6.421e-01  2.391e-01  
8.668e-01  1.047e-01  
6.341e-01  2.807e-01  
8.674e-01  1.849e-01  
8.692e-01  1.009e-01  
9.811e-02  7.456e-01  
1.724e-01  6.816e-01  
6.390e-01  2.392e-01  
5.473e-01  3.149e-01  
8.799e-01  9.355e-02  
5.073e-01  3.666e-01  
6.341e-01  2.807e-01  
6.820e-01  2.336e-01  
9.099e-01  8.681e-02  
8.913e-01  9.651e-02  
4.234e-02  8.216e-01  
8.814e-02  7.637e-01  
6.421e-01  2.391e-01  
7.611e-02  7.737e-01  
8.687e-01  1.338e-01  
2.286e-01  5.691e-01  
4.234e-02  8.216e-01  
3.010e-01  5.077e-01  
1.020e-01  7.533e-01  
1.751e-01  6.592e-01  
2.714e-02  9.635e-01  
8.664e-01  1.768e-01  
8.749e-01  1.065e-01  
9.082e-01  9.340e-02  
8.350e-02  8.464e-01  
9.663e-03  1.005e+00  
8.684e-01  1.877e-01  
9.771e-02  7.545e-01  
8.944e-01  8.154e-02  
8.799e-01  9.355e-02  
9.082e-01  9.340e-02  
3.194e-02  9.148e-01  
8.906e-01  8.128e-02  
2.120e-02  9.915e-01  
8.906e-01  8.128e-02  
8.944e-01  8.154e-02  
9.771e-02  7.545e-01  
6.575e-01  2.435e-01  
9.082e-01  9.340e-02  
9.559e-02  7.615e-01  
9.099e-01  8.681e-02  
8.623e-01  1.207e-01  
6.820e-01  2.336e-01  
3.337e-02  8.849e-01  
8.636e-01  1.741e-01  
9.009e-01  8.751e-02  
9.123e-01  7.547e-02  
9.082e-01  9.340e-02  
3.008e-01  6.022e-01  
9.922e-02  7.731e-01  
8.668e-01  1.047e-01  
4.480e-02  8.608e-01  
1.190e-01  7.099e-01  
4.300e-02  1.019e+00  
6.435e-01  2.831e-01  
8.636e-01  1.741e-01  
1.005e-01  7.790e-01  
6.820e-01  2.336e-01  
9.122e-01  8.652e-02  
2.128e-01  5.821e-01  
2.302e-01  5.718e-01  
2.943e-01  6.115e-01  
4.577e-01  4.037e-01  
8.687e-01  1.338e-01  
2.526e-02  8.938e-01  
1.820e-01  6.837e-01  
8.731e-01  1.393e-01  
6.390e-01  2.392e-01  
6.957e-02  7.887e-01  
9.082e-01  9.340e-02  
5.167e-01  3.594e-01  
3.360e-01  4.824e-01  
9.132e-01  8.110e-02  
6.197e-01  2.439e-01  
6.295e-01  2.394e-01  
2.814e-01  5.303e-01  
2.264e-01  5.941e-01  
8.350e-02  8.464e-01  
3.968e-02  9.550e-01  
1.705e-01  6.410e-01  
1.654e-01  6.390e-01  
3.701e-01  4.408e-01  
5.073e-01  3.666e-01  
3.330e-01  4.877e-01  
8.629e-01  1.922e-01  
3.135e-01  5.020e-01  
4.577e-01  4.037e-01  
8.636e-01  1.741e-01  
8.813e-02  7.819e-01  
6.379e-01  2.390e-01  
3.008e-01  6.022e-01  
2.928e-01  5.504e-01  
8.944e-01  8.154e-02  
3.271e-01  4.966e-01  
1.283e-01  8.101e-01  
2.721e-01  5.587e-01  
3.114e-01  5.210e-01  
5.452e-01  3.138e-01  
1.486e-01  7.027e-01  
3.358e-01  4.759e-01  
8.799e-01  9.355e-02  
6.596e-01  2.383e-01  
2.261e-01  5.732e-01  
8.944e-01  8.154e-02  
9.922e-02  7.731e-01  
4.615e-01  3.697e-01  
3.719e-01  4.393e-01  
8.813e-02  7.819e-01  
5.474e-01  2.968e-01  
8.858e-01  9.864e-02  
9.099e-01  8.681e-02  
3.420e-01  4.776e-01  
8.350e-02  8.464e-01  
3.719e-01  4.393e-01  
2.261e-01  5.732e-01  
2.011e-02  9.948e-01  
9.811e-02  7.456e-01  
4.685e-01  3.911e-01  
6.218e-01  2.666e-01  
5.172e-01  3.406e-01  
1.176e-02  9.948e-01  
1.176e-02  9.948e-01  
4.215e-01  4.315e-01  
4.079e-01  4.436e-01  
6.218e-01  2.666e-01  
1.604e-01  7.825e-01  
3.420e-01  4.776e-01  
