1.638e-02  1.017e+00  
9.858e-01  5.590e-02  
4.427e-01  4.693e-01  
6.973e-01  2.380e-01  
1.964e-01  6.043e-01  
6.265e-01  3.112e-01  
1.006e-01  7.638e-01  
2.964e-01  5.038e-01  
9.091e-01  1.348e-01  
9.697e-01  7.182e-02  
5.240e-02  8.356e-01  
4.040e-01  3.799e-01  
6.148e-01  2.790e-01  
2.470e-01  5.483e-01  
3.275e-01  4.563e-01  
7.540e-01  1.982e-01  
1.523e-01  6.454e-01  
1.209e-01  7.489e-01  
5.346e-01  3.175e-01  
9.044e-01  1.664e-01  
2.602e-01  5.505e-01  
4.040e-01  3.799e-01  
3.914e-01  4.420e-01  
9.631e-01  9.399e-02  
5.266e-01  3.261e-01  
9.892e-01  4.190e-02  
1.905e-01  5.901e-01  
3.371e-02  8.669e-01  
3.156e-01  4.705e-01  
8.338e-02  8.313e-01  
6.498e-01  2.337e-01  
7.603e-01  2.103e-01  
1.714e-01  6.126e-01  
8.080e-01  2.096e-01  
9.740e-01  4.479e-02  
4.009e-02  8.841e-01  
2.602e-01  5.505e-01  
1.107e-01  7.588e-01  
1.011e-01  7.867e-01  
5.165e-01  3.166e-01  
3.412e-01  4.552e-01  
5.181e-01  3.203e-01  
3.044e-01  4.831e-01  
2.259e-01  5.846e-01  
1.214e-01  7.755e-01  
6.844e-01  2.324e-01  
4.421e-01  3.812e-01  
9.175e-01  7.953e-02  
4.465e-01  3.898e-01  
2.113e-01  6.097e-01  
4.147e-01  4.114e-01  
2.492e-01  5.349e-01  
2.841e-02  1.035e+00  
6.374e-01  3.050e-01  
4.306e-02  8.899e-01  
4.147e-01  4.114e-01  
6.431e-01  2.696e-01  
9.847e-01  4.439e-02  
1.813e-01  6.011e-01  
9.583e-01  7.759e-02  
9.084e-01  1.483e-01  
3.216e-01  4.616e-01  
9.014e-01  1.795e-01  
7.133e-01  2.368e-01  
1.633e-01  6.471e-01  
7.402e-01  1.952e-01  
9.364e-02  7.815e-01  
6.594e-01  2.604e-01  
4.101e-01  3.797e-01  
4.091e-01  3.869e-01  
7.133e-01  2.368e-01  
1.964e-01  6.043e-01  
6.093e-01  2.607e-01  
2.964e-01  5.038e-01  
4.189e-01  4.012e-01  
1.209e-01  7.489e-01  
9.608e-02  7.948e-01  
7.414e-01  1.984e-01  
5.151e-01  3.168e-01  
9.847e-01  4.439e-02  
5.205e-01  3.170e-01  
2.680e-01  5.317e-01  
3.917e-01  4.522e-01  
5.182e-01  3.197e-01  
3.334e-01  4.686e-01  
6.232e-01  3.012e-01  
1.582e-01  6.684e-01  
5.691e-02  8.266e-01  
3.156e-01  4.705e-01  
5.086e-01  3.340e-01  
1.964e-01  6.043e-01  
6.984e-01  2.386e-01  
9.892e-01  4.190e-02  
2.841e-02  1.035e+00  
9.393e-01  1.031e-01  
2.492e-01  5.349e-01  
3.934e-01  4.195e-01  
5.304e-01  3.118e-01  
2.602e-01  5.505e-01  
4.465e-01  3.898e-01  
5.067e-02  9.154e-01  
1.353e-01  7.516e-01  
4.087e-01  3.774e-01  
9.641e-02  7.823e-01  
6.781e-01  2.636e-01  
9.039e-01  1.624e-01  
5.067e-02  9.154e-01  
3.956e-01  3.892e-01  
6.555e-01  2.734e-01  
6.957e-01  2.249e-01  
3.679e-01  4.614e-01  
1.739e-01  6.072e-01  
2.492e-01  5.349e-01  
3.044e-01  4.831e-01  
2.372e-01  5.758e-01  
9.332e-01  8.944e-02  
1.786e-01  6.581e-01  
9.025e-01  1.809e-01  
6.175e-02  8.273e-01  
9.217e-01  1.181e-01  
1.008e+00  3.154e-02  
2.259e-01  5.846e-01  
9.500e-01  7.672e-02  
1.668e-01  6.216e-01  
6.722e-01  2.215e-01  
2.353e-02  1.088e+00  
9.500e-01  7.672e-02  
3.077e-01  5.108e-01  
1.026e+00  2.858e-02  
3.044e-01  4.831e-01  
9.340e-01  9.089e-02  
1.247e-01  7.461e-01  
1.353e-01  7.516e-01  
8.338e-02  8.313e-01  
1.048e+00  2.923e-02  
9.104e-01  1.316e-01  
1.026e+00  2.858e-02  
2.259e-01  5.846e-01  
7.175e-01  1.887e-01  
1.979e-01  5.858e-01  
4.341e-02  8.489e-01  
6.374e-01  3.050e-01  
6.323e-01  2.352e-01  
2.868e-01  5.087e-01  
2.964e-01  5.038e-01  
4.189e-01  4.012e-01  
1.964e-01  6.043e-01  
4.684e-01  3.808e-01  
1.209e-01  7.489e-01  
2.357e-01  5.572e-01  
2.669e-01  5.340e-01  
6.973e-01  2.380e-01  
3.027e-01  5.255e-01  
4.091e-01  3.727e-01  
1.964e-01  6.043e-01  
5.346e-01  3.175e-01  
1.653e-01  7.242e-01  
1.850e-01  6.070e-01  
4.527e-01  3.999e-01  
5.346e-01  3.175e-01  
6.431e-01  2.696e-01  
2.669e-01  5.340e-01  
5.304e-01  3.118e-01  
1.523e-01  6.454e-01  
3.917e-01  4.522e-01  
3.019e-01  4.923e-01  
3.361e-01  4.655e-01  
5.087e-01  3.218e-01  
9.740e-01  4.479e-02  
5.166e-01  3.216e-01  
3.998e-01  4.090e-01  
6.374e-01  3.050e-01  
1.638e-02  1.017e+00  
4.527e-01  3.999e-01  
4.026e-02  8.484e-01  
5.149e-01  3.369e-01  
9.289e-02  7.690e-01  
3.998e-01  4.090e-01  
8.338e-02  8.313e-01  
4.126e-01  3.762e-01  
6.957e-01  2.249e-01  
2.721e-01  5.830e-01  
3.914e-01  4.420e-01  
3.782e-01  4.581e-01  
9.120e-01  1.617e-01  
6.968e-01  1.917e-01  
2.146e-01  5.787e-01  
3.917e-01  4.522e-01  
4.091e-01  3.727e-01  
3.303e-01  4.579e-01  
4.087e-01  3.774e-01  
5.182e-01  3.197e-01  
4.099e-01  3.945e-01  
4.189e-01  4.012e-01  
9.641e-01  5.751e-02  
7.323e-01  2.186e-01  
3.354e-01  4.697e-01  
6.781e-01  2.636e-01  
3.156e-01  4.705e-01  
1.403e-01  7.629e-01  
5.213e-01  3.158e-01  
2.393e-01  5.503e-01  
4.091e-01  3.727e-01  
9.175e-01  7.953e-02  
2.757e-01  5.402e-01  
6.148e-01  2.790e-01  
4.040e-01  3.799e-01  
6.548e-02  8.085e-01  
9.120e-01  1.617e-01  
1.638e-02  1.017e+00  
9.241e-01  7.216e-02  
6.323e-01  2.352e-01  
6.342e-01  2.806e-01  
1.909e-01  6.546e-01  
4.215e-01  3.921e-01  
9.641e-01  5.751e-02  
7.012e-01  2.373e-01  
6.356e-01  2.223e-01  
6.973e-01  2.380e-01  
6.808e-02  8.142e-01  
2.023e-01  5.820e-01  
1.786e-01  6.581e-01  
1.107e-01  7.588e-01  
6.726e-01  2.331e-01  
1.048e+00  2.923e-02  
1.740e-01  5.986e-01  
1.798e-01  6.707e-01  
1.633e-01  6.471e-01  
2.669e-01  5.340e-01  
7.732e-02  8.624e-01  
9.014e-01  1.795e-01  
9.348e-01  9.452e-02  
1.506e-02  1.074e+00  
3.129e-01  4.895e-01  
6.572e-01  2.358e-01  
7.323e-01  2.186e-01  
3.334e-01  5.209e-01  
5.240e-02  8.356e-01  
8.677e-02  8.121e-01  
6.148e-01  2.720e-01  
2.357e-02  1.009e+00  
6.656e-02  7.977e-01  
9.180e-01  9.612e-02  
1.786e-01  6.581e-01  
9.014e-01  1.795e-01  
9.025e-01  1.809e-01  
2.259e-01  5.846e-01  
9.641e-01  5.751e-02  
2.372e-01  5.758e-01  
2.806e-02  8.937e-01  
9.057e-01  1.526e-01  
9.206e-01  1.317e-01  
5.176e-02  8.207e-01  
7.323e-01  2.186e-01  
9.345e-01  8.320e-02  
1.038e+00  2.941e-02  
9.890e-01  3.892e-02  
9.858e-01  5.590e-02  
2.470e-01  5.483e-01  
9.806e-01  3.728e-02  
7.407e-01  2.419e-01  
6.957e-01  2.249e-01  
9.014e-01  1.795e-01  
2.841e-02  1.035e+00  
4.087e-01  3.774e-01  
9.583e-01  7.759e-02  
9.045e-01  1.758e-01  
7.402e-01  1.952e-01  
6.175e-02  8.273e-01  
2.669e-01  5.340e-01  
5.240e-02  8.356e-01  
1.813e-01  6.011e-01  
4.091e-01  3.727e-01  
3.044e-01  4.831e-01  
3.202e-01  5.356e-01  
9.025e-01  1.809e-01  
1.011e-01  7.867e-01  
2.259e-01  5.846e-01  
7.407e-01  2.419e-01  
7.732e-02  8.624e-01  
8.866e-02  8.001e-01  
2.372e-01  5.758e-01  
6.041e-01  2.806e-01  
6.476e-01  2.366e-01  
2.023e-01  5.820e-01  
2.841e-02  1.035e+00  
9.340e-01  9.089e-02  
1.209e-01  7.489e-01  
3.965e-02  9.202e-01  
1.456e-01  7.342e-01  
5.149e-01  3.369e-01  
4.087e-01  3.774e-01  
9.289e-02  7.690e-01  
6.342e-01  2.806e-01  
5.182e-01  3.197e-01  
3.354e-01  4.697e-01  
3.991e-01  4.237e-01  
2.393e-01  5.503e-01  
5.182e-01  3.197e-01  
4.205e-01  4.259e-01  
2.145e-02  9.369e-01  
2.964e-01  5.038e-01  
6.133e-01  2.626e-01  
4.315e-01  3.799e-01  
3.895e-01  4.025e-01  
4.215e-01  3.921e-01  
4.009e-02  8.841e-01  
3.354e-01  4.697e-01  
5.120e-01  3.690e-01  
4.175e-01  3.806e-01  
1.517e-01  7.870e-01  
2.210e-01  5.687e-01  
4.421e-01  3.812e-01  
7.540e-01  1.982e-01  
1.150e-01  7.206e-01  
4.112e-01  3.788e-01  
5.253e-01  3.139e-01  
6.374e-01  3.050e-01  
2.357e-01  5.572e-01  
5.182e-01  3.197e-01  
6.342e-01  2.806e-01  
5.304e-01  3.118e-01  
2.492e-01  5.349e-01  
9.042e-01  1.225e-01  
3.035e-01  5.640e-01  
1.097e-01  7.617e-01  
9.175e-01  7.953e-02  
6.323e-01  2.352e-01  
6.572e-01  2.358e-01  
1.107e-01  7.588e-01  
4.465e-01  3.898e-01  
3.998e-01  4.090e-01  
3.991e-01  4.237e-01  
1.428e-01  6.981e-01  
2.257e-01  5.845e-01  
3.354e-01  4.697e-01  
5.253e-01  3.139e-01  
9.083e-01  1.089e-01  
3.917e-01  4.522e-01  
2.257e-01  5.845e-01  
6.781e-01  2.636e-01  
2.584e-01  5.550e-01  
4.040e-01  3.799e-01  
5.149e-01  3.369e-01  
2.146e-01  5.787e-01  
9.120e-01  1.617e-01  
1.653e-01  7.242e-01  
5.166e-01  3.216e-01  
1.740e-01  5.986e-01  
4.087e-01  3.774e-01  
4.465e-01  3.898e-01  
1.776e-01  6.359e-01  
1.964e-01  6.043e-01  
9.104e-01  1.525e-01  
3.156e-01  4.705e-01  
3.303e-01  4.579e-01  
5.304e-01  3.118e-01  
3.225e-01  4.905e-01  
3.275e-01  4.563e-01  
3.914e-01  4.420e-01  
9.005e-02  8.004e-01  
4.040e-01  3.799e-01  
4.037e-01  3.897e-01  
5.067e-02  9.154e-01  
3.495e-01  4.537e-01  
2.797e-01  5.142e-01  
8.080e-01  2.096e-01  
5.187e-01  3.167e-01  
5.297e-01  3.167e-01  
6.431e-01  2.696e-01  
3.361e-01  4.655e-01  
2.671e-01  5.298e-01  
2.680e-01  5.317e-01  
4.527e-01  3.999e-01  
6.781e-01  2.636e-01  
5.304e-01  3.118e-01  
7.414e-01  1.984e-01  
1.905e-01  5.901e-01  
9.511e-01  7.087e-02  
8.338e-02  8.313e-01  
5.253e-01  3.139e-01  
5.166e-01  3.216e-01  
3.261e-01  5.008e-01  
4.091e-01  3.727e-01  
1.006e-01  7.638e-01  
4.220e-01  3.851e-01  
3.361e-01  4.655e-01  
4.503e-01  3.795e-01  
9.500e-01  7.672e-02  
7.407e-01  2.419e-01  
5.105e-01  3.181e-01  
1.798e-01  6.707e-01  
1.493e-02  1.076e+00  
2.669e-01  5.340e-01  
9.104e-01  1.525e-01  
3.679e-01  4.614e-01  
7.402e-01  1.952e-01  
1.506e-02  1.074e+00  
9.847e-01  4.439e-02  
5.090e-01  3.297e-01  
2.023e-01  5.820e-01  
6.973e-01  2.380e-01  
8.338e-02  8.313e-01  
9.036e-01  1.316e-01  
9.014e-01  1.795e-01  
5.067e-02  9.154e-01  
2.671e-01  5.298e-01  
3.361e-01  4.655e-01  
3.943e-01  3.978e-01  
9.128e-01  1.084e-01  
7.414e-01  1.984e-01  
1.786e-01  6.581e-01  
6.973e-01  2.380e-01  
6.957e-01  2.249e-01  
3.334e-01  5.209e-01  
4.037e-01  3.897e-01  
3.044e-01  4.831e-01  
4.220e-01  3.851e-01  
5.120e-01  3.690e-01  
2.093e-01  6.376e-01  
7.133e-01  2.368e-01  
1.979e-01  5.858e-01  
9.393e-01  1.031e-01  
3.202e-01  5.356e-01  
4.119e-01  3.819e-01  
3.303e-01  4.579e-01  
1.633e-01  6.471e-01  
1.909e-01  6.546e-01  
4.087e-01  3.774e-01  
6.255e-01  2.741e-01  
6.748e-01  2.301e-01  
3.129e-01  4.895e-01  
6.093e-01  2.607e-01  
6.342e-01  2.806e-01  
6.233e-02  8.408e-01  
6.752e-01  2.132e-01  
9.583e-01  7.759e-02  
1.798e-01  6.707e-01  
1.582e-01  6.684e-01  
3.129e-01  4.895e-01  
4.037e-01  3.897e-01  
1.813e-01  6.011e-01  
1.786e-01  6.581e-01  
3.129e-01  4.895e-01  
2.867e-01  5.121e-01  
4.315e-01  3.799e-01  
6.722e-01  2.215e-01  
6.656e-02  7.977e-01  
9.014e-01  1.795e-01  
4.189e-01  4.012e-01  
6.808e-02  8.142e-01  
1.121e-01  8.074e-01  
7.012e-01  2.373e-01  
2.372e-01  5.758e-01  
1.582e-01  6.684e-01  
2.805e-01  5.406e-01  
9.543e-01  5.815e-02  
9.348e-01  9.452e-02  
2.259e-01  5.846e-01  
1.048e+00  2.923e-02  
5.149e-01  3.369e-01  
2.584e-01  5.550e-01  
9.583e-01  7.759e-02  
1.714e-01  6.126e-01  
3.859e-02  8.661e-01  
1.042e+00  2.715e-02  
1.996e-01  5.977e-01  
1.214e-01  7.755e-01  
7.323e-01  2.186e-01  
9.647e-01  5.406e-02  
6.323e-01  2.352e-01  
8.976e-01  1.533e-01  
9.647e-01  5.406e-02  
1.714e-01  6.126e-01  
1.786e-01  6.581e-01  
7.036e-01  2.034e-01  
6.187e-01  2.824e-01  
1.062e+00  5.911e-02  
5.120e-01  3.690e-01  
6.625e-01  2.295e-01  
7.402e-01  1.952e-01  
9.847e-01  4.439e-02  
1.002e+00  4.641e-02  
5.691e-02  8.266e-01  
1.653e-01  7.242e-01  
6.722e-01  2.215e-01  
1.006e-01  7.638e-01  
9.348e-01  9.452e-02  
2.499e-01  5.742e-01  
5.240e-02  8.356e-01  
2.884e-01  5.196e-01  
9.608e-02  7.948e-01  
1.813e-01  6.011e-01  
2.145e-02  9.369e-01  
9.120e-01  1.617e-01  
9.494e-01  7.053e-02  
1.008e+00  3.154e-02  
8.677e-02  8.121e-01  
1.493e-02  1.076e+00  
9.104e-01  1.525e-01  
8.338e-02  8.313e-01  
9.858e-01  5.590e-02  
9.740e-01  4.479e-02  
9.847e-01  4.439e-02  
2.489e-02  9.852e-01  
1.048e+00  2.923e-02  
2.353e-02  1.088e+00  
9.847e-01  4.439e-02  
9.697e-01  7.182e-02  
1.011e-01  7.867e-01  
7.323e-01  2.186e-01  
1.048e+00  2.923e-02  
1.107e-01  7.588e-01  
9.892e-01  4.190e-02  
9.858e-01  5.590e-02  
6.968e-01  1.917e-01  
2.841e-02  1.035e+00  
9.393e-01  1.031e-01  
9.858e-01  5.590e-02  
1.026e+00  2.858e-02  
9.776e-01  5.277e-02  
2.964e-01  5.038e-01  
9.289e-02  7.690e-01  
9.175e-01  7.953e-02  
1.638e-02  1.017e+00  
1.006e-01  7.638e-01  
6.175e-02  8.273e-01  
6.957e-01  2.249e-01  
9.083e-01  1.086e-01  
9.289e-02  7.690e-01  
7.533e-01  1.965e-01  
1.062e+00  5.911e-02  
2.602e-01  5.505e-01  
2.349e-01  5.472e-01  
3.129e-01  4.895e-01  
4.091e-01  3.727e-01  
9.332e-01  8.944e-02  
2.489e-02  9.852e-01  
1.813e-01  6.011e-01  
9.511e-01  7.087e-02  
7.323e-01  2.186e-01  
7.465e-02  8.092e-01  
9.858e-01  5.590e-02  
5.304e-01  3.118e-01  
3.277e-01  4.649e-01  
1.078e+00  3.054e-02  
6.625e-01  2.295e-01  
6.625e-01  2.295e-01  
3.202e-01  5.356e-01  
2.492e-01  5.349e-01  
7.732e-02  8.624e-01  
3.979e-02  9.107e-01  
1.850e-01  6.070e-01  
2.093e-01  6.376e-01  
4.126e-01  3.762e-01  
5.149e-01  3.369e-01  
3.275e-01  4.563e-01  
9.120e-01  1.617e-01  
3.361e-01  4.655e-01  
4.091e-01  3.869e-01  
9.206e-01  1.317e-01  
1.011e-01  7.867e-01  
7.036e-01  2.034e-01  
3.044e-01  4.831e-01  
2.785e-01  5.138e-01  
1.002e+00  3.885e-02  
3.275e-01  4.563e-01  
1.653e-01  7.242e-01  
2.813e-01  5.359e-01  
2.868e-01  5.087e-01  
6.148e-01  2.790e-01  
1.798e-01  6.707e-01  
3.303e-01  4.579e-01  
1.019e+00  3.416e-02  
7.242e-01  2.007e-01  
2.492e-01  5.349e-01  
1.010e+00  3.690e-02  
1.209e-01  7.489e-01  
5.087e-01  3.218e-01  
3.964e-01  4.264e-01  
7.732e-02  8.624e-01  
6.187e-01  2.824e-01  
9.511e-01  7.087e-02  
9.641e-01  5.751e-02  
4.147e-01  4.114e-01  
7.949e-02  7.926e-01  
4.000e-01  3.766e-01  
2.805e-01  5.406e-01  
1.638e-02  1.017e+00  
1.006e-01  7.638e-01  
4.357e-01  3.752e-01  
6.722e-01  2.215e-01  
6.374e-01  3.050e-01  
1.718e-02  1.005e+00  
5.067e-02  9.154e-01  
4.175e-01  3.806e-01  
4.126e-01  3.762e-01  
6.973e-01  2.380e-01  
1.786e-01  6.581e-01  
4.175e-01  3.806e-01  
