4.456e-02  9.847e-01  
1.061e+00  1.976e-02  
3.981e-01  4.149e-01  
6.590e-01  2.315e-01  
2.069e-01  6.047e-01  
5.024e-01  3.294e-01  
6.421e-02  9.061e-01  
2.943e-01  5.257e-01  
8.224e-01  1.428e-01  
9.602e-01  6.128e-02  
5.614e-02  8.516e-01  
4.840e-01  3.541e-01  
5.939e-01  2.836e-01  
2.155e-01  6.027e-01  
3.818e-01  4.625e-01  
8.002e-01  1.568e-01  
1.250e-01  7.307e-01  
1.032e-01  8.429e-01  
5.022e-01  3.105e-01  
7.997e-01  1.569e-01  
2.877e-01  5.506e-01  
4.294e-01  3.669e-01  
3.639e-01  4.460e-01  
9.427e-01  1.040e-01  
4.959e-01  3.322e-01  
9.836e-01  3.988e-02  
2.155e-01  6.027e-01  
2.973e-02  9.360e-01  
3.127e-01  4.636e-01  
8.579e-02  8.367e-01  
6.476e-01  2.293e-01  
7.054e-01  2.017e-01  
1.865e-01  6.185e-01  
8.024e-01  1.665e-01  
1.029e+00  3.782e-02  
4.924e-02  8.667e-01  
2.859e-01  5.599e-01  
1.111e-01  7.061e-01  
8.965e-02  7.417e-01  
5.213e-01  3.028e-01  
3.514e-01  4.535e-01  
5.278e-01  3.502e-01  
3.079e-01  4.900e-01  
2.404e-01  5.808e-01  
1.390e-01  6.818e-01  
6.460e-01  2.411e-01  
4.906e-01  3.333e-01  
9.479e-01  5.202e-02  
4.294e-01  3.669e-01  
2.321e-01  6.032e-01  
3.818e-01  4.625e-01  
2.984e-01  5.307e-01  
3.790e-02  1.051e+00  
5.953e-01  3.009e-01  
7.297e-02  7.905e-01  
4.287e-01  3.991e-01  
6.284e-01  2.713e-01  
1.023e+00  2.492e-02  
1.960e-01  6.212e-01  
9.709e-01  1.008e-01  
8.010e-01  1.329e-01  
3.127e-01  4.636e-01  
8.015e-01  1.673e-01  
6.871e-01  2.249e-01  
1.153e-01  7.781e-01  
7.997e-01  1.569e-01  
9.841e-02  7.932e-01  
6.748e-01  2.527e-01  
4.258e-01  3.723e-01  
4.925e-01  3.577e-01  
7.213e-01  2.120e-01  
1.990e-01  6.059e-01  
6.078e-01  2.854e-01  
3.034e-01  5.070e-01  
4.051e-01  4.134e-01  
1.188e-01  7.134e-01  
1.244e-01  7.390e-01  
8.002e-01  1.568e-01  
5.012e-01  3.326e-01  
9.493e-01  4.717e-02  
5.320e-01  2.968e-01  
2.811e-01  5.410e-01  
3.818e-01  4.625e-01  
5.012e-01  3.326e-01  
3.034e-01  5.070e-01  
5.040e-01  3.245e-01  
1.390e-01  6.818e-01  
4.924e-02  8.667e-01  
3.140e-01  5.030e-01  
4.942e-01  3.488e-01  
2.155e-01  6.027e-01  
6.661e-01  2.419e-01  
1.062e+00  3.854e-02  
4.456e-02  9.847e-01  
8.115e-01  1.396e-01  
1.990e-01  6.059e-01  
4.055e-01  4.323e-01  
6.078e-01  2.854e-01  
2.429e-01  5.503e-01  
4.405e-01  3.601e-01  
7.021e-02  8.283e-01  
1.342e-01  7.063e-01  
4.931e-01  3.623e-01  
8.079e-02  8.082e-01  
6.530e-01  2.944e-01  
8.060e-01  1.368e-01  
3.173e-02  1.067e+00  
3.818e-01  4.625e-01  
6.748e-01  2.527e-01  
7.213e-01  2.120e-01  
3.127e-01  4.636e-01  
1.960e-01  6.212e-01  
2.919e-01  5.161e-01  
3.102e-01  4.828e-01  
1.995e-01  6.088e-01  
9.773e-01  1.057e-01  
1.278e-01  7.143e-01  
8.024e-01  1.665e-01  
8.079e-02  8.082e-01  
9.589e-01  1.226e-01  
1.012e+00  3.360e-02  
1.990e-01  6.059e-01  
9.621e-01  4.588e-02  
1.733e-01  6.414e-01  
6.718e-01  2.216e-01  
3.436e-02  1.051e+00  
9.602e-01  6.128e-02  
3.231e-01  4.827e-01  
1.059e+00  1.930e-02  
3.142e-01  5.220e-01  
8.227e-01  1.536e-01  
1.250e-01  7.307e-01  
1.390e-01  6.818e-01  
1.050e-01  7.355e-01  
9.580e-01  4.637e-02  
8.010e-01  1.329e-01  
1.045e+00  1.920e-02  
2.048e-01  6.055e-01  
8.002e-01  1.568e-01  
1.829e-01  6.172e-01  
4.456e-02  9.847e-01  
5.953e-01  3.009e-01  
6.385e-01  2.500e-01  
3.034e-01  5.070e-01  
3.597e-01  5.089e-01  
4.287e-01  3.991e-01  
2.174e-01  5.930e-01  
5.022e-01  3.105e-01  
1.278e-01  7.143e-01  
2.125e-01  6.641e-01  
2.984e-01  5.307e-01  
8.020e-01  1.630e-01  
3.140e-01  5.030e-01  
4.253e-01  4.062e-01  
1.995e-01  6.088e-01  
5.130e-01  3.123e-01  
1.535e-01  7.065e-01  
2.073e-01  6.298e-01  
4.287e-01  3.991e-01  
5.149e-01  3.143e-01  
6.033e-01  2.674e-01  
2.825e-01  5.640e-01  
5.291e-01  3.045e-01  
1.594e-01  6.617e-01  
3.514e-01  4.535e-01  
3.079e-01  4.900e-01  
3.341e-01  5.128e-01  
4.959e-01  3.322e-01  
9.523e-01  4.900e-02  
5.022e-01  3.105e-01  
4.119e-01  4.095e-01  
5.213e-01  3.028e-01  
3.780e-02  9.556e-01  
4.925e-01  3.577e-01  
4.924e-02  8.667e-01  
5.040e-01  3.245e-01  
1.050e-01  7.355e-01  
4.044e-01  4.088e-01  
1.153e-01  7.781e-01  
5.278e-01  3.502e-01  
6.590e-01  2.315e-01  
2.643e-01  5.466e-01  
4.051e-01  4.134e-01  
3.435e-01  4.492e-01  
8.058e-01  1.429e-01  
8.026e-01  1.537e-01  
2.174e-01  5.930e-01  
3.818e-01  4.625e-01  
4.929e-01  3.625e-01  
3.312e-01  4.561e-01  
4.381e-01  3.702e-01  
5.055e-01  3.106e-01  
4.210e-01  4.205e-01  
4.210e-01  4.205e-01  
9.479e-01  5.202e-02  
7.171e-01  2.162e-01  
3.926e-01  4.974e-01  
6.527e-01  2.541e-01  
3.079e-01  4.900e-01  
1.342e-01  7.063e-01  
5.095e-01  3.079e-01  
2.174e-01  5.930e-01  
4.197e-01  4.002e-01  
9.478e-01  7.495e-02  
2.747e-01  5.271e-01  
6.078e-01  2.854e-01  
4.840e-01  3.541e-01  
6.421e-02  9.061e-01  
7.997e-01  1.569e-01  
3.780e-02  9.556e-01  
9.424e-01  5.578e-02  
6.185e-01  2.721e-01  
5.367e-01  2.971e-01  
1.993e-01  6.263e-01  
4.193e-01  3.910e-01  
1.062e+00  3.854e-02  
7.158e-01  2.114e-01  
6.481e-01  2.336e-01  
6.628e-01  2.215e-01  
7.297e-02  7.905e-01  
1.995e-01  6.088e-01  
1.733e-01  6.375e-01  
1.471e-01  6.811e-01  
6.553e-01  2.311e-01  
1.001e+00  3.598e-02  
1.891e-01  6.140e-01  
1.733e-01  6.375e-01  
1.153e-01  7.781e-01  
2.918e-01  5.542e-01  
8.244e-02  7.562e-01  
8.026e-01  1.537e-01  
8.040e-01  1.267e-01  
2.143e-02  9.930e-01  
3.127e-01  4.636e-01  
6.849e-01  2.203e-01  
8.026e-01  1.537e-01  
3.179e-01  4.928e-01  
6.535e-02  8.536e-01  
8.244e-02  7.562e-01  
5.837e-01  2.809e-01  
2.485e-02  1.009e+00  
6.421e-02  9.061e-01  
9.427e-01  1.040e-01  
1.970e-01  6.221e-01  
8.174e-01  1.486e-01  
8.019e-01  1.643e-01  
2.069e-01  6.047e-01  
9.424e-01  5.578e-02  
2.825e-01  5.640e-01  
3.004e-02  8.958e-01  
8.227e-01  1.536e-01  
8.040e-01  1.267e-01  
6.421e-02  9.061e-01  
7.015e-01  2.191e-01  
9.580e-01  4.637e-02  
1.064e+00  2.018e-02  
9.948e-01  4.027e-02  
1.063e+00  2.197e-02  
2.643e-01  5.466e-01  
1.029e+00  3.782e-02  
6.813e-01  2.268e-01  
7.213e-01  2.120e-01  
8.174e-01  1.486e-01  
3.436e-02  1.051e+00  
4.253e-01  4.062e-01  
8.302e-01  1.252e-01  
8.026e-01  1.537e-01  
8.138e-01  2.178e-01  
4.924e-02  8.667e-01  
2.681e-01  5.406e-01  
6.079e-02  8.554e-01  
1.990e-01  6.059e-01  
4.193e-01  3.910e-01  
3.231e-01  4.827e-01  
3.080e-01  5.087e-01  
8.020e-01  1.630e-01  
9.564e-02  7.707e-01  
1.960e-01  6.212e-01  
6.358e-01  2.495e-01  
8.579e-02  8.367e-01  
8.114e-02  8.302e-01  
1.970e-01  6.221e-01  
6.361e-01  2.761e-01  
6.357e-01  2.343e-01  
2.321e-01  6.032e-01  
2.991e-02  9.811e-01  
8.040e-01  1.267e-01  
1.420e-01  7.182e-01  
4.429e-02  8.545e-01  
1.278e-01  7.143e-01  
5.121e-01  3.138e-01  
4.405e-01  3.601e-01  
7.224e-02  7.985e-01  
6.078e-01  2.854e-01  
5.149e-01  3.143e-01  
3.818e-01  4.625e-01  
3.981e-01  4.149e-01  
2.227e-01  5.996e-01  
5.953e-01  3.009e-01  
4.210e-01  4.205e-01  
3.436e-02  1.051e+00  
3.588e-01  4.669e-01  
6.361e-01  2.761e-01  
5.012e-01  3.326e-01  
3.468e-01  4.539e-01  
5.278e-01  3.502e-01  
3.780e-02  9.556e-01  
3.588e-01  4.669e-01  
5.278e-01  3.502e-01  
4.119e-01  4.095e-01  
1.470e-01  7.203e-01  
2.174e-01  5.930e-01  
4.381e-01  3.702e-01  
8.025e-01  1.429e-01  
1.191e-01  7.144e-01  
4.370e-01  3.781e-01  
5.275e-01  2.973e-01  
5.290e-01  3.155e-01  
2.035e-01  6.017e-01  
5.290e-01  3.155e-01  
5.031e-01  3.080e-01  
5.005e-01  3.370e-01  
2.785e-01  5.683e-01  
8.040e-01  1.267e-01  
3.079e-01  5.591e-01  
1.342e-01  7.063e-01  
9.743e-01  9.071e-02  
6.385e-01  2.500e-01  
6.385e-01  2.500e-01  
1.191e-01  7.144e-01  
4.193e-01  3.910e-01  
3.981e-01  4.149e-01  
3.801e-01  4.249e-01  
8.965e-02  7.417e-01  
1.960e-01  6.212e-01  
3.588e-01  4.669e-01  
5.130e-01  3.123e-01  
9.772e-01  8.720e-02  
3.919e-01  4.579e-01  
2.048e-01  6.055e-01  
6.481e-01  2.336e-01  
2.811e-01  5.410e-01  
4.370e-01  3.781e-01  
5.022e-01  3.105e-01  
2.227e-01  5.996e-01  
8.040e-01  1.267e-01  
1.111e-01  7.061e-01  
5.005e-01  3.370e-01  
1.833e-01  6.318e-01  
4.210e-01  4.205e-01  
4.294e-01  3.669e-01  
1.733e-01  6.414e-01  
1.995e-01  6.088e-01  
8.058e-01  1.415e-01  
3.179e-01  4.928e-01  
3.588e-01  4.669e-01  
6.024e-01  3.007e-01  
2.811e-01  5.410e-01  
3.251e-01  4.824e-01  
3.565e-01  4.657e-01  
8.579e-02  8.367e-01  
4.222e-01  3.986e-01  
4.210e-01  4.205e-01  
6.079e-02  8.554e-01  
3.588e-01  4.669e-01  
2.984e-01  5.307e-01  
7.997e-01  1.569e-01  
5.030e-01  3.085e-01  
5.149e-01  3.143e-01  
6.308e-01  2.601e-01  
3.251e-01  4.824e-01  
2.984e-01  5.307e-01  
2.643e-01  5.466e-01  
5.278e-01  3.502e-01  
6.358e-01  2.495e-01  
5.022e-01  3.105e-01  
8.108e-01  1.860e-01  
2.174e-01  5.930e-01  
9.431e-01  8.517e-02  
8.079e-02  8.082e-01  
6.078e-01  2.854e-01  
4.925e-01  3.577e-01  
3.273e-01  5.072e-01  
5.149e-01  3.143e-01  
1.153e-01  7.781e-01  
4.253e-01  4.062e-01  
3.565e-01  4.657e-01  
5.005e-01  3.370e-01  
9.478e-01  7.495e-02  
6.590e-01  2.315e-01  
5.158e-01  3.324e-01  
1.191e-01  7.144e-01  
2.143e-02  9.930e-01  
2.811e-01  5.410e-01  
7.977e-01  1.541e-01  
3.629e-01  4.991e-01  
8.026e-01  1.537e-01  
3.068e-02  1.032e+00  
1.063e+00  2.197e-02  
4.983e-01  3.162e-01  
2.155e-01  6.027e-01  
7.015e-01  2.191e-01  
4.081e-02  9.006e-01  
8.227e-01  1.536e-01  
8.002e-01  1.568e-01  
5.727e-02  8.340e-01  
2.681e-01  5.406e-01  
3.420e-01  4.499e-01  
3.950e-01  4.285e-01  
8.174e-01  1.486e-01  
7.997e-01  1.569e-01  
1.594e-01  6.617e-01  
8.002e-01  1.568e-01  
6.813e-01  2.268e-01  
3.142e-01  5.220e-01  
4.308e-01  3.880e-01  
2.859e-01  5.599e-01  
4.348e-01  4.099e-01  
4.925e-01  3.577e-01  
1.970e-01  6.221e-01  
6.978e-01  2.120e-01  
2.048e-01  6.055e-01  
9.743e-01  9.071e-02  
3.034e-01  5.070e-01  
4.053e-01  3.866e-01  
3.127e-01  4.636e-01  
1.342e-01  7.063e-01  
1.829e-01  6.172e-01  
4.405e-01  3.601e-01  
6.358e-01  2.495e-01  
6.813e-01  2.268e-01  
3.140e-01  5.092e-01  
6.024e-01  3.007e-01  
6.530e-01  2.944e-01  
6.535e-02  8.536e-01  
6.553e-01  2.311e-01  
9.426e-01  5.410e-02  
1.960e-01  6.212e-01  
1.342e-01  7.063e-01  
3.106e-01  4.940e-01  
4.055e-01  4.323e-01  
1.960e-01  6.212e-01  
1.733e-01  6.414e-01  
2.943e-01  5.257e-01  
2.811e-01  5.410e-01  
4.454e-01  3.821e-01  
6.748e-01  2.527e-01  
7.021e-02  8.283e-01  
7.997e-01  1.569e-01  
4.055e-01  4.323e-01  
7.224e-02  7.985e-01  
8.965e-02  7.417e-01  
6.559e-01  2.167e-01  
2.321e-01  6.032e-01  
1.594e-01  6.617e-01  
2.725e-01  5.346e-01  
9.596e-01  5.386e-02  
8.224e-01  1.428e-01  
2.821e-01  5.770e-01  
1.063e+00  2.197e-02  
5.278e-01  3.502e-01  
2.919e-01  5.161e-01  
8.040e-01  1.267e-01  
1.970e-01  6.221e-01  
3.154e-02  8.930e-01  
1.059e+00  1.930e-02  
2.048e-01  6.055e-01  
8.965e-02  7.417e-01  
7.213e-01  2.120e-01  
9.656e-01  5.230e-02  
6.590e-01  2.315e-01  
8.224e-01  1.428e-01  
9.656e-01  5.230e-02  
1.970e-01  6.221e-01  
1.342e-01  7.063e-01  
7.015e-01  2.191e-01  
5.580e-01  2.950e-01  
1.062e+00  3.854e-02  
5.022e-01  3.105e-01  
7.015e-01  2.191e-01  
8.024e-01  1.665e-01  
9.446e-01  4.862e-02  
9.580e-01  4.637e-02  
6.535e-02  8.536e-01  
1.250e-01  7.307e-01  
6.849e-01  2.203e-01  
7.224e-02  7.985e-01  
8.169e-01  1.396e-01  
2.035e-01  6.017e-01  
6.421e-02  9.061e-01  
3.127e-01  4.636e-01  
8.965e-02  7.417e-01  
1.927e-01  6.115e-01  
3.790e-02  1.051e+00  
8.115e-01  1.396e-01  
9.484e-01  5.426e-02  
9.580e-01  4.637e-02  
8.114e-02  8.302e-01  
2.545e-02  1.074e+00  
8.224e-01  1.428e-01  
1.050e-01  7.355e-01  
9.772e-01  8.720e-02  
9.631e-01  4.869e-02  
9.580e-01  4.637e-02  
3.790e-02  1.051e+00  
1.059e+00  1.930e-02  
2.485e-02  1.009e+00  
9.580e-01  4.637e-02  
9.440e-01  5.888e-02  
9.934e-02  7.655e-01  
8.002e-01  1.568e-01  
1.116e+00  3.235e-02  
1.244e-01  7.390e-01  
9.779e-01  4.118e-02  
9.479e-01  5.202e-02  
8.053e-01  1.759e-01  
3.017e-02  9.317e-01  
8.045e-01  1.328e-01  
8.227e-01  1.536e-01  
1.005e+00  2.917e-02  
9.621e-01  4.588e-02  
3.142e-01  5.220e-01  
1.248e-01  7.605e-01  
9.424e-01  5.578e-02  
5.203e-02  8.895e-01  
1.420e-01  7.182e-01  
5.972e-02  8.393e-01  
6.590e-01  2.315e-01  
8.010e-01  1.329e-01  
1.153e-01  7.781e-01  
8.108e-01  1.860e-01  
1.059e+00  1.930e-02  
2.859e-01  5.599e-01  
2.321e-01  6.032e-01  
3.079e-01  4.900e-01  
5.012e-01  3.326e-01  
9.427e-01  1.040e-01  
3.436e-02  1.051e+00  
1.846e-01  6.094e-01  
9.403e-01  8.058e-02  
8.019e-01  1.643e-01  
7.297e-02  7.905e-01  
9.621e-01  4.588e-02  
5.149e-01  3.143e-01  
3.471e-01  4.618e-01  
1.054e+00  2.012e-02  
7.015e-01  2.191e-01  
7.213e-01  2.120e-01  
2.811e-01  5.410e-01  
2.825e-01  5.640e-01  
8.114e-02  8.302e-01  
3.927e-02  9.032e-01  
1.927e-01  6.115e-01  
2.048e-01  6.055e-01  
4.405e-01  3.601e-01  
4.959e-01  3.322e-01  
3.565e-01  4.657e-01  
8.098e-01  1.401e-01  
3.034e-01  5.070e-01  
4.878e-01  3.386e-01  
8.045e-01  1.328e-01  
8.114e-02  8.302e-01  
7.213e-01  2.120e-01  
3.034e-01  5.070e-01  
2.919e-01  5.161e-01  
9.424e-01  5.578e-02  
3.588e-01  4.669e-01  
1.497e-01  7.630e-01  
2.859e-01  5.599e-01  
2.943e-01  5.257e-01  
5.149e-01  3.143e-01  
1.535e-01  7.065e-01  
3.471e-01  4.618e-01  
1.059e+00  1.930e-02  
7.158e-01  2.114e-01  
1.995e-01  6.088e-01  
1.066e+00  2.710e-02  
1.191e-01  7.144e-01  
5.032e-01  3.110e-01  
4.197e-01  4.002e-01  
8.965e-02  7.417e-01  
5.454e-01  2.913e-01  
9.478e-01  7.495e-02  
9.479e-01  5.202e-02  
4.193e-01  3.910e-01  
6.535e-02  8.536e-01  
4.193e-01  3.910e-01  
2.699e-01  5.475e-01  
3.780e-02  9.556e-01  
1.153e-01  7.781e-01  
5.012e-01  3.326e-01  
6.590e-01  2.315e-01  
5.132e-01  3.030e-01  
2.545e-02  1.074e+00  
3.436e-02  1.051e+00  
4.306e-01  3.927e-01  
4.253e-01  4.062e-01  
6.553e-01  2.311e-01  
1.188e-01  7.134e-01  
4.053e-01  3.866e-01  
