9.893e-01  4.509e-01  
1.540e+00  1.247e-02  
1.302e+00  3.508e-01  
1.339e+00  7.589e-02  
1.046e+00  3.652e-01  
1.412e+00  2.880e-01  
1.044e+00  4.742e-01  
1.290e+00  3.406e-01  
1.418e+00  1.278e-01  
1.442e+00  3.011e-02  
1.026e+00  7.179e-01  
1.349e+00  2.781e-01  
1.379e+00  1.619e-01  
1.114e+00  3.325e-01  
1.250e+00  3.530e-01  
1.450e+00  6.098e-02  
1.088e+00  5.068e-01  
1.054e+00  3.805e-01  
1.441e+00  1.700e-01  
1.450e+00  6.098e-02  
1.195e+00  3.450e-01  
1.321e+00  2.923e-01  
1.290e+00  3.406e-01  
1.486e+00  9.607e-03  
1.383e+00  2.788e-01  
1.449e+00  1.675e-02  
1.075e+00  3.497e-01  
9.973e-01  3.566e-01  
1.148e+00  3.205e-01  
1.028e+00  3.913e-01  
1.407e+00  1.721e-01  
1.351e+00  1.351e-01  
1.109e+00  3.445e-01  
1.397e+00  1.291e-01  
1.462e+00  4.062e-02  
1.021e+00  7.503e-01  
1.041e+00  3.617e-01  
1.029e+00  3.781e-01  
1.028e+00  3.913e-01  
1.360e+00  2.112e-01  
1.164e+00  3.543e-01  
1.406e+00  2.919e-01  
1.275e+00  3.473e-01  
1.105e+00  4.136e-01  
1.054e+00  3.805e-01  
1.436e+00  2.874e-01  
1.352e+00  2.651e-01  
1.440e+00  1.418e-02  
1.353e+00  2.119e-01  
1.052e+00  3.306e-01  
1.316e+00  3.524e-01  
1.189e+00  3.661e-01  
1.010e+00  3.766e-01  
1.379e+00  1.619e-01  
1.016e+00  4.182e-01  
1.313e+00  3.080e-01  
1.355e+00  9.829e-02  
1.497e+00  1.533e-02  
1.053e+00  3.298e-01  
1.449e+00  6.856e-02  
1.404e+00  4.320e-02  
1.148e+00  3.205e-01  
1.424e+00  8.125e-02  
1.399e+00  1.375e-01  
1.061e+00  3.621e-01  
1.450e+00  6.098e-02  
1.004e+00  4.919e-01  
1.379e+00  1.619e-01  
1.305e+00  3.077e-01  
1.352e+00  2.651e-01  
1.394e+00  1.178e-01  
1.099e+00  3.806e-01  
1.436e+00  2.874e-01  
1.170e+00  3.326e-01  
1.297e+00  3.378e-01  
1.061e+00  3.621e-01  
1.028e+00  3.913e-01  
1.443e+00  9.177e-02  
1.350e+00  2.529e-01  
1.464e+00  2.443e-02  
1.351e+00  2.491e-01  
1.077e+00  3.230e-01  
1.308e+00  3.199e-01  
1.366e+00  2.647e-01  
1.290e+00  3.406e-01  
1.353e+00  2.119e-01  
1.013e+00  4.045e-01  
1.010e+00  3.766e-01  
1.195e+00  3.450e-01  
1.376e+00  2.768e-01  
1.063e+00  3.525e-01  
1.419e+00  1.904e-01  
1.486e+00  9.607e-03  
9.961e-01  3.898e-01  
1.414e+00  6.692e-02  
1.120e+00  3.375e-01  
1.293e+00  3.272e-01  
1.441e+00  1.700e-01  
1.041e+00  3.617e-01  
1.323e+00  3.171e-01  
9.840e-01  3.907e-01  
1.011e+00  3.635e-01  
1.356e+00  1.212e-01  
1.044e+00  4.742e-01  
1.407e+00  1.721e-01  
1.406e+00  6.770e-02  
1.015e+00  6.036e-01  
1.336e+00  3.175e-01  
1.352e+00  1.690e-01  
1.351e+00  1.077e-01  
1.114e+00  3.137e-01  
1.068e+00  3.438e-01  
1.088e+00  5.068e-01  
1.276e+00  3.814e-01  
1.063e+00  3.525e-01  
1.499e+00  6.202e-02  
1.054e+00  3.805e-01  
1.414e+00  6.692e-02  
1.003e+00  4.534e-01  
1.431e+00  2.216e-02  
1.412e+00  1.542e-02  
1.106e+00  3.855e-01  
1.495e+00  4.739e-02  
1.061e+00  3.621e-01  
1.393e+00  2.140e-01  
1.009e+00  3.950e-01  
1.431e+00  2.216e-02  
1.127e+00  3.183e-01  
1.464e+00  2.443e-02  
1.109e+00  3.489e-01  
1.435e+00  5.453e-02  
1.029e+00  3.781e-01  
1.011e+00  3.662e-01  
1.037e+00  3.595e-01  
1.420e+00  1.345e-02  
1.413e+00  7.015e-02  
1.458e+00  1.092e-02  
1.088e+00  5.068e-01  
1.404e+00  4.320e-02  
1.049e+00  3.611e-01  
9.852e-01  5.103e-01  
1.357e+00  2.390e-01  
1.394e+00  1.430e-01  
1.110e+00  3.241e-01  
1.274e+00  3.787e-01  
1.274e+00  3.106e-01  
1.128e+00  3.279e-01  
1.406e+00  2.919e-01  
1.047e+00  4.461e-01  
1.113e+00  3.452e-01  
1.142e+00  3.490e-01  
1.407e+00  1.110e-01  
1.109e+00  3.489e-01  
1.316e+00  3.524e-01  
1.098e+00  3.817e-01  
1.357e+00  2.390e-01  
1.013e+00  4.045e-01  
1.098e+00  3.817e-01  
1.327e+00  3.094e-01  
1.406e+00  2.919e-01  
1.419e+00  1.883e-01  
1.113e+00  3.452e-01  
1.420e+00  2.415e-01  
1.049e+00  3.611e-01  
1.305e+00  3.077e-01  
1.148e+00  3.205e-01  
1.276e+00  3.814e-01  
1.343e+00  6.615e-02  
1.468e+00  1.676e-02  
1.397e+00  2.807e-01  
1.308e+00  3.199e-01  
1.353e+00  1.957e-01  
1.015e+00  6.036e-01  
1.350e+00  2.529e-01  
9.961e-01  3.898e-01  
1.367e+00  6.615e-02  
9.951e-01  3.942e-01  
1.308e+00  3.199e-01  
1.013e+00  4.045e-01  
1.342e+00  2.911e-01  
1.397e+00  1.623e-01  
1.055e+00  3.382e-01  
1.302e+00  3.508e-01  
1.290e+00  3.406e-01  
1.448e+00  1.655e-01  
1.443e+00  9.177e-02  
1.044e+00  3.209e-01  
1.250e+00  3.530e-01  
1.353e+00  1.957e-01  
1.302e+00  3.508e-01  
1.361e+00  3.047e-01  
1.384e+00  2.957e-01  
1.295e+00  3.094e-01  
1.302e+00  3.508e-01  
1.422e+00  2.681e-02  
1.407e+00  1.110e-01  
1.297e+00  3.550e-01  
1.326e+00  1.701e-01  
1.140e+00  3.577e-01  
1.036e+00  4.338e-01  
1.403e+00  2.933e-01  
1.075e+00  3.497e-01  
1.316e+00  3.328e-01  
1.486e+00  9.607e-03  
1.142e+00  3.490e-01  
1.441e+00  1.700e-01  
1.314e+00  2.718e-01  
9.931e-01  4.372e-01  
1.469e+00  2.532e-02  
1.020e+00  6.400e-01  
1.440e+00  1.418e-02  
1.407e+00  1.721e-01  
1.483e+00  2.185e-01  
1.050e+00  3.807e-01  
1.275e+00  3.110e-01  
1.479e+00  3.718e-02  
1.419e+00  1.904e-01  
1.351e+00  1.077e-01  
1.394e+00  1.178e-01  
1.010e+00  3.766e-01  
1.063e+00  3.525e-01  
1.031e+00  3.878e-01  
1.011e+00  3.662e-01  
1.400e+00  1.779e-01  
1.410e+00  3.815e-02  
1.065e+00  3.657e-01  
1.064e+00  3.285e-01  
1.051e+00  3.867e-01  
1.110e+00  3.326e-01  
9.920e-01  3.998e-01  
1.420e+00  3.009e-02  
1.495e+00  4.739e-02  
9.931e-01  4.372e-01  
1.290e+00  3.406e-01  
1.351e+00  1.351e-01  
1.443e+00  9.177e-02  
1.073e+00  3.499e-01  
9.973e-01  3.566e-01  
1.006e+00  4.456e-01  
1.407e+00  2.013e-01  
9.893e-01  4.509e-01  
9.874e-01  3.913e-01  
1.499e+00  6.202e-02  
1.070e+00  3.857e-01  
1.448e+00  1.655e-01  
1.396e+00  9.967e-02  
1.114e+00  3.325e-01  
1.412e+00  2.298e-02  
1.128e+00  3.279e-01  
9.860e-01  3.721e-01  
1.500e+00  3.396e-02  
1.414e+00  6.692e-02  
9.973e-01  3.566e-01  
1.500e+00  3.396e-02  
1.494e+00  2.272e-02  
1.516e+00  1.126e-02  
1.468e+00  2.514e-02  
1.526e+00  1.841e-02  
1.113e+00  3.452e-01  
1.433e+00  1.336e-02  
1.432e+00  1.497e-01  
1.434e+00  9.112e-02  
1.500e+00  3.396e-02  
9.852e-01  5.103e-01  
1.352e+00  2.904e-01  
1.414e+00  6.692e-02  
1.407e+00  1.110e-01  
1.500e+00  3.396e-02  
1.021e+00  7.503e-01  
1.189e+00  3.661e-01  
9.906e-01  4.234e-01  
1.098e+00  3.817e-01  
1.353e+00  2.119e-01  
1.195e+00  3.450e-01  
1.275e+00  3.343e-01  
1.467e+00  1.079e-01  
1.004e+00  4.919e-01  
1.066e+00  3.594e-01  
1.354e+00  1.542e-01  
9.931e-01  4.372e-01  
1.004e+00  4.919e-01  
1.109e+00  3.445e-01  
1.357e+00  2.390e-01  
1.419e+00  1.904e-01  
1.075e+00  3.497e-01  
9.893e-01  4.509e-01  
1.495e+00  4.739e-02  
1.032e+00  3.978e-01  
9.840e-01  3.907e-01  
1.038e+00  3.908e-01  
1.344e+00  2.022e-01  
1.361e+00  3.047e-01  
1.011e+00  3.662e-01  
1.441e+00  1.700e-01  
1.404e+00  2.338e-01  
1.359e+00  3.286e-01  
1.221e+00  3.345e-01  
1.105e+00  4.136e-01  
1.446e+00  2.473e-01  
1.296e+00  3.205e-01  
1.009e+00  3.950e-01  
1.275e+00  3.473e-01  
1.400e+00  1.779e-01  
1.361e+00  3.047e-01  
1.285e+00  3.503e-01  
1.361e+00  3.047e-01  
9.973e-01  3.566e-01  
1.274e+00  3.787e-01  
1.353e+00  2.119e-01  
1.304e+00  3.307e-01  
1.088e+00  5.068e-01  
1.113e+00  3.452e-01  
1.305e+00  3.077e-01  
1.393e+00  2.140e-01  
1.015e+00  3.487e-01  
1.342e+00  2.911e-01  
1.483e+00  2.185e-01  
1.348e+00  1.094e-01  
1.128e+00  3.279e-01  
1.357e+00  2.390e-01  
1.357e+00  2.390e-01  
1.436e+00  3.014e-01  
1.138e+00  4.169e-01  
1.450e+00  6.098e-02  
1.088e+00  5.068e-01  
1.051e+00  3.867e-01  
1.410e+00  3.815e-02  
1.326e+00  1.701e-01  
1.400e+00  1.779e-01  
1.000e+00  3.498e-01  
1.334e+00  3.016e-01  
1.316e+00  3.524e-01  
1.251e+00  3.379e-01  
1.062e+00  3.489e-01  
1.132e+00  3.351e-01  
1.275e+00  3.473e-01  
1.406e+00  2.919e-01  
1.441e+00  6.344e-02  
1.316e+00  3.524e-01  
1.053e+00  3.298e-01  
1.355e+00  9.829e-02  
1.068e+00  3.292e-01  
1.315e+00  2.927e-01  
1.483e+00  2.185e-01  
1.109e+00  3.445e-01  
1.500e+00  3.396e-02  
1.053e+00  3.298e-01  
1.343e+00  6.615e-02  
1.061e+00  3.621e-01  
1.308e+00  3.199e-01  
1.329e+00  1.843e-01  
1.098e+00  3.817e-01  
1.109e+00  3.445e-01  
1.418e+00  1.278e-01  
1.276e+00  3.814e-01  
1.275e+00  3.343e-01  
1.402e+00  2.322e-01  
1.297e+00  3.550e-01  
1.281e+00  3.490e-01  
1.211e+00  3.450e-01  
1.044e+00  4.742e-01  
1.302e+00  3.508e-01  
1.321e+00  2.923e-01  
9.871e-01  4.277e-01  
1.114e+00  3.137e-01  
1.088e+00  5.068e-01  
1.469e+00  2.532e-02  
1.392e+00  2.765e-01  
1.346e+00  1.658e-01  
1.352e+00  1.690e-01  
1.290e+00  3.406e-01  
1.099e+00  3.351e-01  
1.109e+00  3.489e-01  
1.352e+00  2.904e-01  
1.441e+00  1.700e-01  
1.352e+00  2.651e-01  
1.407e+00  1.110e-01  
1.075e+00  3.497e-01  
1.412e+00  1.542e-02  
1.015e+00  3.699e-01  
1.441e+00  1.700e-01  
1.350e+00  2.529e-01  
1.147e+00  3.358e-01  
1.406e+00  2.919e-01  
1.011e+00  3.662e-01  
1.305e+00  3.077e-01  
1.195e+00  3.450e-01  
1.361e+00  3.047e-01  
1.479e+00  3.718e-02  
1.407e+00  2.013e-01  
1.419e+00  1.883e-01  
1.011e+00  3.662e-01  
9.844e-01  4.024e-01  
1.109e+00  3.489e-01  
1.414e+00  6.692e-02  
1.297e+00  3.550e-01  
1.404e+00  4.320e-02  
9.840e-01  3.907e-01  
1.486e+00  9.607e-03  
1.356e+00  1.212e-01  
1.083e+00  4.197e-01  
1.467e+00  1.079e-01  
1.009e+00  3.950e-01  
1.414e+00  6.692e-02  
1.453e+00  8.692e-02  
1.010e+00  3.766e-01  
1.138e+00  4.169e-01  
1.297e+00  3.550e-01  
1.319e+00  3.696e-01  
1.494e+00  2.272e-02  
1.431e+00  4.085e-02  
1.099e+00  3.806e-01  
1.396e+00  9.967e-02  
1.359e+00  1.434e-01  
1.195e+00  3.450e-01  
1.327e+00  3.094e-01  
1.158e+00  3.197e-01  
1.295e+00  3.094e-01  
1.384e+00  2.957e-01  
1.128e+00  3.279e-01  
1.443e+00  9.177e-02  
1.098e+00  3.817e-01  
1.412e+00  4.094e-02  
1.189e+00  3.661e-01  
1.327e+00  3.094e-01  
1.251e+00  3.379e-01  
1.013e+00  4.045e-01  
1.044e+00  3.209e-01  
1.349e+00  2.781e-01  
1.419e+00  1.883e-01  
1.419e+00  1.904e-01  
1.142e+00  3.490e-01  
1.373e+00  1.842e-01  
1.407e+00  1.721e-01  
1.015e+00  6.036e-01  
1.394e+00  1.178e-01  
1.454e+00  2.987e-02  
1.061e+00  3.621e-01  
1.037e+00  5.334e-01  
1.149e+00  3.238e-01  
1.251e+00  3.379e-01  
1.064e+00  3.285e-01  
1.051e+00  3.867e-01  
1.211e+00  3.503e-01  
1.193e+00  4.023e-01  
1.317e+00  3.130e-01  
1.466e+00  8.514e-02  
9.920e-01  3.998e-01  
1.431e+00  4.085e-02  
1.296e+00  3.230e-01  
9.874e-01  3.913e-01  
1.031e+00  3.878e-01  
1.348e+00  1.277e-01  
1.114e+00  3.325e-01  
1.061e+00  3.621e-01  
1.109e+00  3.489e-01  
1.540e+00  1.247e-02  
1.431e+00  4.085e-02  
1.113e+00  3.452e-01  
1.469e+00  1.059e-02  
1.343e+00  2.680e-01  
1.063e+00  3.525e-01  
1.431e+00  4.085e-02  
1.128e+00  3.279e-01  
9.961e-01  3.898e-01  
1.545e+00  1.172e-02  
1.066e+00  3.594e-01  
1.028e+00  3.913e-01  
1.376e+00  9.872e-02  
1.466e+00  1.092e-02  
1.348e+00  1.277e-01  
1.406e+00  6.770e-02  
1.412e+00  2.298e-02  
1.065e+00  3.657e-01  
1.070e+00  3.857e-01  
1.466e+00  8.514e-02  
1.407e+00  2.013e-01  
1.486e+00  9.607e-03  
1.406e+00  2.919e-01  
1.436e+00  2.874e-01  
1.420e+00  3.009e-02  
1.468e+00  2.514e-02  
1.481e+00  6.304e-02  
1.010e+00  3.766e-01  
1.099e+00  3.806e-01  
1.396e+00  9.967e-02  
9.920e-01  3.998e-01  
1.439e+00  5.545e-02  
1.128e+00  3.279e-01  
9.973e-01  3.566e-01  
1.106e+00  3.488e-01  
1.015e+00  3.699e-01  
1.109e+00  3.445e-01  
1.015e+00  6.036e-01  
1.412e+00  5.789e-02  
1.449e+00  1.675e-02  
1.466e+00  1.092e-02  
9.961e-01  3.898e-01  
9.840e-01  3.907e-01  
1.500e+00  3.396e-02  
1.016e+00  4.182e-01  
1.442e+00  3.011e-02  
1.433e+00  1.336e-02  
1.462e+00  4.062e-02  
1.015e+00  6.036e-01  
1.468e+00  2.514e-02  
9.906e-01  4.234e-01  
1.466e+00  1.092e-02  
1.410e+00  3.815e-02  
1.013e+00  4.045e-01  
1.416e+00  6.436e-02  
1.442e+00  3.011e-02  
1.051e+00  3.867e-01  
1.481e+00  1.431e-02  
1.431e+00  2.216e-02  
1.443e+00  9.177e-02  
1.010e+00  3.766e-01  
1.495e+00  4.739e-02  
1.469e+00  2.532e-02  
1.458e+00  1.092e-02  
1.412e+00  2.298e-02  
1.195e+00  3.450e-01  
1.011e+00  3.662e-01  
1.442e+00  3.011e-02  
9.973e-01  3.566e-01  
1.015e+00  3.699e-01  
9.930e-01  4.706e-01  
1.359e+00  1.434e-01  
1.431e+00  4.085e-02  
1.028e+00  3.913e-01  
1.455e+00  7.027e-02  
1.540e+00  1.247e-02  
1.073e+00  3.499e-01  
1.041e+00  3.617e-01  
1.211e+00  3.503e-01  
1.403e+00  2.933e-01  
1.462e+00  4.062e-02  
9.893e-01  4.509e-01  
1.056e+00  3.283e-01  
1.429e+00  1.847e-02  
1.416e+00  6.436e-02  
1.009e+00  3.950e-01  
1.464e+00  2.443e-02  
1.368e+00  1.180e-01  
1.275e+00  3.473e-01  
1.540e+00  1.247e-02  
1.339e+00  7.589e-02  
1.387e+00  1.178e-01  
1.170e+00  3.326e-01  
1.063e+00  3.525e-01  
1.006e+00  4.456e-01  
9.931e-01  4.372e-01  
1.109e+00  3.445e-01  
1.132e+00  3.351e-01  
1.347e+00  3.179e-01  
1.366e+00  2.647e-01  
1.296e+00  3.593e-01  
1.449e+00  6.856e-02  
1.140e+00  3.577e-01  
1.341e+00  1.439e-01  
1.441e+00  6.344e-02  
9.848e-01  3.870e-01  
1.443e+00  9.177e-02  
1.196e+00  3.917e-01  
1.149e+00  3.238e-01  
1.486e+00  9.607e-03  
1.250e+00  3.530e-01  
1.013e+00  4.045e-01  
1.109e+00  3.489e-01  
1.077e+00  3.322e-01  
1.368e+00  1.180e-01  
1.064e+00  3.285e-01  
1.251e+00  3.379e-01  
1.540e+00  1.247e-02  
1.455e+00  7.027e-02  
1.080e+00  3.599e-01  
1.540e+00  1.247e-02  
1.047e+00  4.461e-01  
1.357e+00  2.390e-01  
1.329e+00  3.288e-01  
1.028e+00  3.913e-01  
1.402e+00  2.322e-01  
1.412e+00  1.542e-02  
1.412e+00  1.542e-02  
1.321e+00  2.923e-01  
9.913e-01  4.085e-01  
1.336e+00  3.175e-01  
1.052e+00  3.306e-01  
9.844e-01  4.024e-01  
1.047e+00  4.461e-01  
1.353e+00  2.119e-01  
1.430e+00  1.555e-01  
1.384e+00  2.957e-01  
9.841e-01  3.908e-01  
9.906e-01  4.234e-01  
1.353e+00  2.119e-01  
1.315e+00  2.927e-01  
1.419e+00  1.904e-01  
1.050e+00  3.807e-01  
1.295e+00  3.094e-01  
