9.911e-03  1.000e+00  
1.009e+00  1.588e-06  
4.901e-01  4.977e-01  
8.037e-01  2.273e-01  
2.141e-01  8.846e-01  
5.543e-01  3.077e-01  
6.496e-02  1.001e+00  
3.243e-01  5.428e-01  
8.235e-01  1.262e-01  
1.004e+00  2.197e-02  
9.911e-03  1.000e+00  
5.170e-01  3.953e-01  
5.816e-01  2.768e-01  
2.928e-01  5.776e-01  
3.417e-01  5.334e-01  
7.897e-01  1.830e-01  
2.044e-01  8.913e-01  
6.496e-02  1.037e+00  
5.793e-01  2.898e-01  
8.222e-01  1.543e-01  
3.015e-01  6.377e-01  
4.613e-01  3.889e-01  
4.417e-01  4.339e-01  
9.357e-01  9.198e-02  
5.325e-01  3.638e-01  
1.011e+00  3.219e-02  
2.929e-01  7.612e-01  
6.256e-03  1.000e+00  
3.361e-01  5.238e-01  
2.896e-02  1.000e+00  
6.961e-01  2.106e-01  
7.222e-01  1.951e-01  
2.352e-01  8.525e-01  
7.717e-01  1.767e-01  
1.023e+00  4.963e-02  
1.281e-03  1.000e+00  
3.077e-01  5.841e-01  
1.558e-01  1.000e+00  
1.254e-02  1.000e+00  
5.793e-01  2.949e-01  
4.569e-01  4.675e-01  
5.228e-01  3.530e-01  
3.327e-01  5.465e-01  
3.081e-01  6.575e-01  
2.070e-01  8.901e-01  
6.659e-01  2.372e-01  
5.249e-01  4.118e-01  
9.566e-01  7.484e-02  
5.115e-01  4.086e-01  
2.696e-01  8.091e-01  
4.368e-01  4.534e-01  
3.181e-01  5.411e-01  
4.707e-03  1.018e+00  
6.041e-01  2.980e-01  
3.730e-03  1.003e+00  
4.474e-01  4.208e-01  
5.816e-01  2.768e-01  
9.968e-01  1.133e-02  
2.538e-01  8.230e-01  
9.050e-01  1.104e-01  
8.235e-01  1.262e-01  
3.327e-01  5.465e-01  
7.604e-01  1.576e-01  
7.210e-01  2.178e-01  
2.186e-01  8.551e-01  
8.220e-01  1.294e-01  
9.911e-03  1.000e+00  
7.343e-01  2.582e-01  
4.592e-01  4.278e-01  
4.778e-01  4.049e-01  
7.749e-01  2.002e-01  
2.334e-01  8.110e-01  
6.041e-01  2.980e-01  
3.069e-01  5.363e-01  
4.496e-01  4.212e-01  
5.495e-02  1.000e+00  
6.496e-02  1.001e+00  
8.247e-01  2.160e-01  
5.613e-01  3.055e-01  
1.011e+00  5.581e-02  
5.793e-01  2.898e-01  
3.433e-01  5.828e-01  
4.368e-01  4.534e-01  
5.754e-01  3.229e-01  
4.569e-01  4.675e-01  
5.793e-01  2.898e-01  
2.070e-01  9.141e-01  
2.684e-03  1.000e+00  
3.205e-01  5.548e-01  
5.234e-01  3.298e-01  
2.802e-01  7.213e-01  
7.132e-01  2.438e-01  
1.008e+00  1.844e-02  
2.684e-03  1.000e+00  
8.220e-01  1.294e-01  
2.928e-01  5.776e-01  
4.281e-01  4.549e-01  
5.543e-01  3.077e-01  
3.050e-01  5.866e-01  
5.249e-01  4.118e-01  
1.790e-02  1.000e+00  
1.558e-01  1.000e+00  
5.249e-01  4.118e-01  
9.911e-03  1.000e+00  
6.320e-01  2.782e-01  
8.235e-01  1.262e-01  
4.707e-03  1.018e+00  
4.496e-01  4.212e-01  
6.538e-01  2.738e-01  
6.961e-01  2.106e-01  
3.604e-01  5.172e-01  
2.339e-01  7.969e-01  
3.227e-01  5.869e-01  
3.150e-01  5.341e-01  
3.014e-01  7.083e-01  
8.849e-01  8.707e-02  
2.141e-01  8.846e-01  
7.790e-01  1.503e-01  
7.669e-03  1.000e+00  
9.050e-01  1.104e-01  
1.004e+00  2.197e-02  
2.352e-01  8.525e-01  
9.384e-01  7.175e-02  
2.209e-01  8.374e-01  
6.659e-01  2.372e-01  
3.270e-03  1.003e+00  
9.436e-01  7.175e-02  
3.150e-01  5.341e-01  
1.009e+00  4.858e-03  
3.205e-01  5.548e-01  
9.357e-01  9.198e-02  
1.991e-03  1.000e+00  
8.074e-02  1.000e+00  
8.074e-02  1.000e+00  
9.972e-01  1.767e-02  
8.496e-01  1.143e-01  
1.000e+00  1.419e-11  
3.014e-01  7.083e-01  
7.717e-01  1.767e-01  
2.538e-01  7.507e-01  
1.316e-02  1.000e+00  
6.538e-01  2.738e-01  
6.770e-01  2.633e-01  
3.197e-01  5.591e-01  
3.417e-01  5.334e-01  
4.386e-01  4.142e-01  
2.696e-01  8.091e-01  
5.104e-01  3.514e-01  
1.349e-01  1.000e+00  
2.960e-01  5.838e-01  
3.068e-01  5.522e-01  
8.149e-01  2.072e-01  
3.732e-01  5.628e-01  
4.592e-01  4.278e-01  
2.352e-01  8.525e-01  
5.598e-01  3.175e-01  
2.070e-01  8.901e-01  
2.794e-01  6.452e-01  
5.115e-01  4.086e-01  
5.598e-01  3.175e-01  
6.538e-01  2.738e-01  
3.077e-01  5.841e-01  
5.754e-01  3.229e-01  
2.070e-01  9.141e-01  
4.437e-01  4.392e-01  
3.472e-01  5.544e-01  
3.361e-01  5.238e-01  
5.325e-01  3.638e-01  
1.014e+00  3.064e-02  
5.563e-01  3.967e-01  
4.901e-01  4.977e-01  
5.665e-01  3.262e-01  
8.927e-03  1.000e+00  
5.563e-01  3.967e-01  
1.790e-02  1.000e+00  
5.234e-01  3.298e-01  
1.635e-02  1.000e+00  
4.417e-01  4.339e-01  
7.669e-03  1.000e+00  
5.249e-01  4.118e-01  
6.538e-01  2.738e-01  
3.243e-01  5.428e-01  
4.488e-01  4.616e-01  
4.592e-01  4.278e-01  
7.790e-01  1.503e-01  
8.010e-01  1.651e-01  
3.014e-01  7.083e-01  
3.361e-01  5.238e-01  
5.170e-01  3.953e-01  
3.327e-01  5.465e-01  
4.708e-01  4.259e-01  
5.651e-01  3.418e-01  
4.436e-01  4.360e-01  
4.437e-01  4.392e-01  
1.023e+00  4.963e-02  
6.961e-01  2.106e-01  
3.604e-01  5.172e-01  
6.770e-01  2.633e-01  
3.264e-01  5.480e-01  
1.558e-01  1.000e+00  
6.586e-01  3.496e-01  
3.019e-01  5.841e-01  
4.437e-01  4.392e-01  
8.909e-01  1.034e-01  
3.181e-01  5.638e-01  
5.904e-01  2.823e-01  
4.847e-01  3.760e-01  
9.911e-03  1.000e+00  
7.719e-01  1.613e-01  
1.316e-02  1.000e+00  
1.023e+00  4.963e-02  
6.614e-01  2.721e-01  
6.163e-01  2.658e-01  
2.302e-01  7.986e-01  
4.492e-01  4.605e-01  
9.475e-01  5.806e-02  
8.149e-01  2.072e-01  
6.659e-01  2.372e-01  
7.619e-01  2.345e-01  
7.107e-02  1.000e+00  
2.522e-01  8.028e-01  
2.141e-01  8.846e-01  
1.349e-01  1.000e+00  
6.659e-01  2.372e-01  
9.968e-01  1.133e-02  
2.083e-01  8.999e-01  
2.070e-01  8.901e-01  
2.123e-01  8.707e-01  
3.077e-01  5.841e-01  
8.084e-03  1.000e+00  
7.717e-01  1.767e-01  
9.050e-01  1.104e-01  
2.507e-03  1.018e+00  
3.666e-01  5.379e-01  
7.132e-01  2.438e-01  
7.897e-01  1.830e-01  
3.417e-01  5.334e-01  
3.492e-03  1.000e+00  
4.707e-03  1.018e+00  
5.816e-01  2.768e-01  
4.928e-04  1.000e+00  
1.328e-03  1.000e+00  
9.877e-01  6.109e-02  
2.227e-01  8.353e-01  
8.220e-01  1.294e-01  
8.165e-01  1.439e-01  
2.929e-01  7.612e-01  
9.877e-01  6.109e-02  
3.077e-01  5.841e-01  
2.830e-03  1.000e+00  
8.140e-01  1.351e-01  
8.235e-01  1.262e-01  
2.507e-02  1.005e+00  
6.961e-01  2.106e-01  
9.240e-01  6.658e-02  
1.005e+00  3.632e-06  
9.598e-01  3.441e-02  
1.003e+00  1.008e-02  
3.028e-01  6.422e-01  
1.011e+00  3.219e-02  
8.037e-01  2.273e-01  
7.197e-01  1.920e-01  
8.222e-01  1.543e-01  
4.323e-03  1.000e+00  
4.417e-01  4.339e-01  
8.707e-01  1.265e-01  
8.222e-01  1.543e-01  
7.091e-01  1.913e-01  
3.739e-03  1.002e+00  
3.243e-01  5.428e-01  
1.635e-02  1.000e+00  
2.538e-01  7.507e-01  
4.437e-01  4.392e-01  
3.181e-01  5.411e-01  
3.327e-01  5.465e-01  
7.852e-01  1.713e-01  
7.807e-02  1.000e+00  
2.141e-01  8.846e-01  
6.163e-01  2.658e-01  
1.991e-03  1.000e+00  
7.807e-02  1.000e+00  
3.014e-01  7.083e-01  
6.074e-01  2.706e-01  
6.659e-01  2.372e-01  
2.560e-01  7.850e-01  
5.798e-03  1.020e+00  
9.216e-01  6.931e-02  
1.419e-01  1.000e+00  
1.316e-02  1.000e+00  
8.995e-02  1.009e+00  
5.745e-01  3.331e-01  
5.115e-01  4.086e-01  
7.669e-03  1.000e+00  
6.373e-01  2.742e-01  
5.793e-01  2.949e-01  
4.488e-01  4.616e-01  
4.436e-01  4.360e-01  
3.077e-01  5.841e-01  
6.538e-01  2.738e-01  
4.437e-01  4.392e-01  
1.991e-03  1.000e+00  
3.361e-01  5.238e-01  
6.698e-01  2.877e-01  
5.170e-01  3.953e-01  
4.442e-01  5.028e-01  
4.979e-01  3.742e-01  
2.507e-02  1.005e+00  
3.604e-01  5.172e-01  
5.144e-01  3.646e-01  
4.380e-01  4.217e-01  
2.024e-01  1.033e+00  
2.794e-01  6.951e-01  
5.115e-01  4.086e-01  
7.526e-01  1.705e-01  
1.231e-03  1.000e+00  
5.115e-01  4.086e-01  
5.543e-01  3.077e-01  
5.793e-01  2.949e-01  
3.010e-01  6.224e-01  
5.234e-01  3.298e-01  
5.543e-01  3.077e-01  
5.798e-01  3.307e-01  
3.149e-01  6.054e-01  
8.220e-01  1.294e-01  
3.116e-01  5.475e-01  
7.669e-03  1.000e+00  
8.994e-01  8.608e-02  
6.403e-01  2.642e-01  
6.163e-01  2.658e-01  
4.707e-03  1.018e+00  
4.592e-01  4.278e-01  
4.592e-01  4.278e-01  
4.463e-01  4.382e-01  
2.070e-01  9.141e-01  
2.929e-01  7.612e-01  
3.307e-01  5.423e-01  
5.665e-01  3.262e-01  
8.706e-01  1.012e-01  
4.285e-01  4.825e-01  
2.985e-01  7.831e-01  
6.984e-01  2.525e-01  
3.050e-01  5.866e-01  
5.115e-01  4.086e-01  
5.793e-01  2.949e-01  
2.929e-01  7.612e-01  
7.790e-01  1.503e-01  
2.070e-01  8.901e-01  
5.228e-01  3.530e-01  
2.208e-01  8.311e-01  
4.496e-01  4.212e-01  
4.872e-01  3.807e-01  
2.083e-01  8.999e-01  
2.760e-01  7.879e-01  
8.165e-01  1.439e-01  
3.280e-01  5.212e-01  
3.327e-01  5.465e-01  
5.793e-01  2.949e-01  
3.205e-01  5.548e-01  
3.638e-01  5.345e-01  
3.675e-01  5.013e-01  
8.995e-02  1.009e+00  
5.010e-01  4.671e-01  
4.523e-01  4.216e-01  
3.492e-03  1.000e+00  
3.280e-01  5.212e-01  
3.116e-01  5.475e-01  
8.140e-01  1.351e-01  
5.754e-01  3.229e-01  
5.754e-01  3.229e-01  
6.163e-01  2.658e-01  
3.604e-01  5.172e-01  
2.928e-01  5.776e-01  
3.050e-01  5.866e-01  
5.249e-01  4.118e-01  
6.920e-01  2.584e-01  
5.325e-01  3.638e-01  
7.701e-01  1.905e-01  
2.790e-01  7.922e-01  
9.414e-01  6.791e-02  
2.896e-02  1.000e+00  
5.793e-01  2.898e-01  
5.144e-01  3.646e-01  
3.327e-01  5.465e-01  
5.306e-01  3.298e-01  
3.492e-03  1.000e+00  
4.872e-01  3.807e-01  
3.604e-01  5.172e-01  
4.872e-01  3.807e-01  
9.565e-01  4.783e-02  
6.894e-01  2.415e-01  
5.543e-01  3.077e-01  
2.035e-01  8.299e-01  
2.947e-03  1.018e+00  
3.264e-01  5.480e-01  
8.115e-01  1.528e-01  
4.436e-01  4.360e-01  
7.897e-01  1.830e-01  
2.507e-02  1.005e+00  
9.874e-01  1.320e-02  
5.665e-01  3.262e-01  
3.116e-01  5.475e-01  
7.021e-01  2.275e-01  
2.947e-03  1.018e+00  
8.352e-01  1.241e-01  
8.707e-01  1.265e-01  
1.099e-02  1.001e+00  
3.149e-01  6.054e-01  
4.417e-01  4.339e-01  
4.417e-01  4.339e-01  
8.909e-01  1.034e-01  
7.374e-01  1.775e-01  
2.137e-01  8.479e-01  
8.037e-01  2.273e-01  
6.961e-01  2.106e-01  
3.202e-01  5.318e-01  
4.437e-01  4.392e-01  
3.264e-01  5.480e-01  
4.496e-01  4.212e-01  
5.325e-01  3.638e-01  
2.522e-01  8.028e-01  
7.897e-01  1.830e-01  
2.522e-01  8.028e-01  
9.589e-01  7.432e-02  
3.335e-01  5.732e-01  
4.592e-01  4.278e-01  
4.285e-01  4.825e-01  
2.209e-01  8.374e-01  
2.311e-01  8.317e-01  
4.831e-01  3.577e-01  
6.920e-01  2.584e-01  
6.961e-01  2.106e-01  
3.340e-01  5.301e-01  
5.816e-01  2.768e-01  
6.312e-01  2.908e-01  
1.513e-04  1.000e+00  
7.021e-01  2.275e-01  
1.023e+00  4.963e-02  
2.137e-01  8.479e-01  
2.078e-01  9.224e-01  
3.205e-01  5.548e-01  
4.437e-01  4.777e-01  
2.334e-01  8.110e-01  
2.230e-01  8.750e-01  
3.361e-01  5.238e-01  
3.050e-01  5.866e-01  
5.075e-01  4.429e-01  
7.897e-01  1.830e-01  
2.896e-02  1.000e+00  
7.790e-01  1.503e-01  
4.436e-01  4.360e-01  
2.896e-02  1.000e+00  
1.991e-03  1.000e+00  
7.084e-01  2.184e-01  
3.014e-01  7.083e-01  
2.070e-01  8.901e-01  
2.928e-01  5.776e-01  
9.870e-01  4.699e-02  
8.639e-01  1.091e-01  
3.077e-01  5.841e-01  
1.008e+00  1.844e-02  
5.598e-01  3.175e-01  
2.928e-01  5.776e-01  
8.707e-01  1.265e-01  
2.334e-01  8.110e-01  
2.598e-03  1.000e+00  
9.919e-01  9.275e-03  
2.624e-01  8.026e-01  
7.669e-03  1.000e+00  
7.197e-01  1.920e-01  
9.545e-01  6.024e-02  
6.575e-01  2.498e-01  
8.220e-01  1.294e-01  
9.463e-01  3.861e-02  
2.352e-01  8.525e-01  
2.137e-01  8.479e-01  
7.516e-01  2.269e-01  
6.259e-01  2.912e-01  
1.004e+00  2.197e-02  
5.306e-01  3.298e-01  
6.920e-01  2.584e-01  
7.897e-01  1.830e-01  
9.565e-01  4.783e-02  
1.011e+00  3.219e-02  
5.495e-02  1.000e+00  
2.044e-01  8.913e-01  
7.091e-01  1.913e-01  
6.496e-02  1.001e+00  
8.235e-01  1.262e-01  
3.050e-01  5.866e-01  
6.262e-02  1.001e+00  
3.116e-01  5.475e-01  
1.790e-02  1.000e+00  
2.227e-01  8.353e-01  
6.256e-03  1.000e+00  
8.235e-01  1.262e-01  
1.011e+00  5.581e-02  
1.004e+00  2.197e-02  
8.594e-02  1.000e+00  
2.507e-03  1.018e+00  
8.165e-01  1.351e-01  
7.807e-02  1.000e+00  
9.357e-01  9.198e-02  
9.889e-01  3.588e-02  
9.609e-01  6.505e-02  
3.730e-03  1.003e+00  
1.003e+00  1.008e-02  
7.892e-03  1.000e+00  
1.014e+00  3.064e-02  
9.475e-01  5.806e-02  
1.099e-02  1.001e+00  
7.197e-01  1.920e-01  
1.000e+00  4.822e-09  
1.635e-02  1.000e+00  
9.684e-01  2.929e-02  
9.475e-01  5.806e-02  
8.010e-01  1.651e-01  
2.507e-02  1.005e+00  
8.496e-01  1.143e-01  
9.609e-01  6.505e-02  
1.004e+00  2.197e-02  
1.003e+00  1.008e-02  
3.116e-01  5.475e-01  
1.349e-01  1.000e+00  
1.023e+00  4.963e-02  
1.316e-02  1.000e+00  
6.496e-02  1.001e+00  
9.911e-03  1.000e+00  
6.984e-01  2.525e-01  
8.220e-01  1.294e-01  
1.790e-02  1.000e+00  
7.593e-01  1.857e-01  
1.005e+00  3.632e-06  
2.352e-01  8.525e-01  
2.352e-01  8.525e-01  
3.264e-01  5.480e-01  
5.228e-01  3.530e-01  
8.849e-01  8.707e-02  
2.507e-02  1.005e+00  
2.339e-01  7.969e-01  
9.565e-01  4.783e-02  
8.220e-01  1.294e-01  
1.790e-02  1.000e+00  
9.891e-01  2.968e-02  
5.108e-01  3.332e-01  
3.615e-01  5.311e-01  
9.968e-01  1.133e-02  
7.197e-01  1.920e-01  
7.091e-01  1.913e-01  
3.361e-01  5.238e-01  
3.069e-01  5.363e-01  
8.594e-02  1.000e+00  
1.513e-04  1.000e+00  
2.522e-01  8.028e-01  
2.560e-01  7.850e-01  
4.871e-01  4.669e-01  
5.108e-01  3.332e-01  
4.281e-01  4.549e-01  
8.417e-01  1.231e-01  
3.243e-01  5.428e-01  
5.598e-01  3.175e-01  
8.417e-01  1.231e-01  
1.790e-02  1.000e+00  
8.149e-01  2.072e-01  
3.015e-01  5.369e-01  
3.069e-01  5.363e-01  
9.598e-01  3.441e-02  
3.417e-01  5.334e-01  
2.123e-01  8.707e-01  
3.243e-01  5.428e-01  
3.205e-01  5.548e-01  
5.793e-01  2.898e-01  
2.137e-01  8.479e-01  
3.604e-01  5.172e-01  
9.968e-01  1.133e-02  
7.717e-01  1.767e-01  
3.019e-01  5.841e-01  
9.733e-01  2.228e-02  
3.730e-03  1.003e+00  
5.793e-01  2.898e-01  
4.387e-01  4.457e-01  
2.070e-01  8.901e-01  
7.053e-01  2.603e-01  
9.565e-01  4.783e-02  
1.023e+00  4.963e-02  
4.488e-01  4.616e-01  
7.807e-02  1.000e+00  
4.487e-01  4.020e-01  
2.928e-01  5.776e-01  
7.892e-03  1.000e+00  
7.669e-03  1.000e+00  
5.234e-01  3.298e-01  
6.894e-01  2.415e-01  
5.552e-01  3.261e-01  
6.256e-03  1.000e+00  
1.991e-03  1.000e+00  
4.523e-01  4.216e-01  
4.588e-01  4.026e-01  
7.021e-01  2.275e-01  
2.079e-01  8.850e-01  
4.417e-01  4.339e-01  
