2.317e-02  9.650e-01  
1.036e+00  2.130e-02  
4.278e-01  4.264e-01  
7.063e-01  2.347e-01  
2.029e-01  6.455e-01  
5.926e-01  2.640e-01  
8.586e-02  8.227e-01  
2.980e-01  5.126e-01  
8.143e-01  1.282e-01  
9.437e-01  5.737e-02  
5.551e-02  8.841e-01  
4.751e-01  3.648e-01  
5.730e-01  2.653e-01  
2.467e-01  5.231e-01  
3.637e-01  4.553e-01  
7.429e-01  1.648e-01  
1.599e-01  7.013e-01  
1.399e-01  7.471e-01  
5.994e-01  2.669e-01  
7.718e-01  1.540e-01  
2.605e-01  5.148e-01  
4.215e-01  3.995e-01  
3.918e-01  4.471e-01  
9.636e-01  1.023e-01  
4.966e-01  3.721e-01  
9.982e-01  2.905e-02  
1.993e-01  6.295e-01  
2.720e-02  9.209e-01  
2.607e-01  5.306e-01  
8.586e-02  8.227e-01  
5.826e-01  2.594e-01  
6.905e-01  1.938e-01  
1.702e-01  6.434e-01  
7.552e-01  1.846e-01  
1.016e+00  4.390e-02  
4.413e-02  8.742e-01  
2.543e-01  5.656e-01  
9.653e-02  7.582e-01  
8.712e-02  8.332e-01  
5.994e-01  2.669e-01  
3.565e-01  4.289e-01  
4.966e-01  3.721e-01  
2.518e-01  5.289e-01  
2.484e-01  5.564e-01  
1.376e-01  7.053e-01  
6.822e-01  2.504e-01  
4.824e-01  3.638e-01  
9.641e-01  6.721e-02  
4.838e-01  4.007e-01  
2.543e-01  5.656e-01  
4.201e-01  4.135e-01  
2.636e-01  5.125e-01  
2.211e-02  1.010e+00  
5.757e-01  2.605e-01  
4.963e-02  8.637e-01  
4.252e-01  3.988e-01  
5.756e-01  2.584e-01  
1.036e+00  3.400e-02  
1.872e-01  6.280e-01  
9.474e-01  1.031e-01  
8.093e-01  1.348e-01  
3.545e-01  4.319e-01  
7.503e-01  1.648e-01  
6.947e-01  2.067e-01  
1.680e-01  6.626e-01  
7.503e-01  1.648e-01  
7.495e-02  8.355e-01  
5.848e-01  2.632e-01  
4.201e-01  4.135e-01  
4.838e-01  4.007e-01  
7.682e-01  1.728e-01  
1.707e-01  6.421e-01  
5.730e-01  2.653e-01  
2.544e-01  5.308e-01  
3.978e-01  4.198e-01  
1.377e-01  7.012e-01  
1.207e-01  8.589e-01  
7.503e-01  1.644e-01  
5.758e-01  2.703e-01  
9.619e-01  6.170e-02  
5.762e-01  2.748e-01  
2.635e-01  5.162e-01  
3.918e-01  4.471e-01  
5.098e-01  3.533e-01  
3.918e-01  4.471e-01  
5.098e-01  3.533e-01  
1.527e-01  7.094e-01  
4.268e-02  8.980e-01  
2.705e-01  5.111e-01  
4.822e-01  3.390e-01  
1.864e-01  6.383e-01  
7.215e-01  2.587e-01  
1.018e+00  2.683e-02  
3.718e-02  9.012e-01  
8.257e-01  1.291e-01  
2.467e-01  5.231e-01  
3.723e-01  4.317e-01  
5.730e-01  2.653e-01  
2.484e-01  5.196e-01  
4.491e-01  4.088e-01  
6.959e-02  8.328e-01  
1.377e-01  7.012e-01  
4.838e-01  4.007e-01  
1.078e-01  7.309e-01  
5.791e-01  2.577e-01  
7.992e-01  1.492e-01  
2.641e-02  8.882e-01  
4.093e-01  4.051e-01  
5.926e-01  2.640e-01  
7.682e-01  1.728e-01  
3.554e-01  4.454e-01  
1.864e-01  6.383e-01  
2.495e-01  5.306e-01  
3.533e-01  4.385e-01  
2.493e-01  5.169e-01  
9.353e-01  1.060e-01  
1.680e-01  6.626e-01  
7.718e-01  1.540e-01  
8.482e-02  8.420e-01  
9.636e-01  1.023e-01  
1.039e+00  3.626e-02  
2.029e-01  6.223e-01  
9.477e-01  6.257e-02  
1.568e-01  6.519e-01  
7.055e-01  2.163e-01  
1.692e-02  9.995e-01  
9.621e-01  6.135e-02  
2.705e-01  5.111e-01  
1.068e+00  2.508e-02  
2.686e-01  5.608e-01  
9.474e-01  1.031e-01  
1.232e-01  7.208e-01  
1.594e-01  7.310e-01  
8.586e-02  8.227e-01  
1.095e+00  5.675e-02  
8.011e-01  1.265e-01  
1.028e+00  1.644e-02  
2.499e-01  5.614e-01  
7.379e-01  1.858e-01  
2.168e-01  6.290e-01  
4.413e-02  8.742e-01  
6.194e-01  2.609e-01  
6.822e-01  2.504e-01  
2.842e-01  5.121e-01  
3.637e-01  4.553e-01  
4.132e-01  4.234e-01  
2.119e-01  6.301e-01  
4.863e-01  3.640e-01  
1.207e-01  8.589e-01  
2.499e-01  5.614e-01  
2.831e-01  5.130e-01  
7.429e-01  1.648e-01  
2.842e-01  5.121e-01  
4.502e-01  4.163e-01  
1.698e-01  6.591e-01  
5.740e-01  2.610e-01  
1.765e-01  6.768e-01  
2.408e-01  6.280e-01  
4.499e-01  3.865e-01  
5.758e-01  2.703e-01  
5.740e-01  2.610e-01  
2.544e-01  5.171e-01  
5.022e-01  3.301e-01  
1.527e-01  7.094e-01  
3.723e-01  4.317e-01  
2.842e-01  5.121e-01  
3.533e-01  4.385e-01  
4.863e-01  3.640e-01  
9.834e-01  5.305e-02  
5.994e-01  2.669e-01  
4.278e-01  4.264e-01  
5.926e-01  2.640e-01  
2.317e-02  9.650e-01  
4.838e-01  4.007e-01  
5.551e-02  8.841e-01  
5.098e-01  3.533e-01  
1.145e-01  7.978e-01  
3.968e-01  4.130e-01  
1.207e-01  8.589e-01  
4.733e-01  4.123e-01  
6.024e-01  2.595e-01  
2.544e-01  5.308e-01  
3.944e-01  4.405e-01  
3.579e-01  4.340e-01  
7.970e-01  1.443e-01  
7.429e-01  1.648e-01  
1.993e-01  6.295e-01  
3.639e-01  4.550e-01  
4.863e-01  3.640e-01  
3.528e-01  4.509e-01  
4.681e-01  3.675e-01  
5.740e-01  2.610e-01  
4.252e-01  3.988e-01  
4.278e-01  4.264e-01  
9.782e-01  6.153e-02  
7.217e-01  2.152e-01  
3.555e-01  4.392e-01  
5.791e-01  2.589e-01  
3.528e-01  4.509e-01  
1.399e-01  7.471e-01  
5.730e-01  2.608e-01  
2.467e-01  5.231e-01  
4.215e-01  3.995e-01  
9.319e-01  8.718e-02  
2.591e-01  5.166e-01  
5.733e-01  2.605e-01  
4.824e-01  3.638e-01  
8.401e-02  8.762e-01  
7.718e-01  1.540e-01  
2.483e-02  9.531e-01  
9.302e-01  8.008e-02  
5.987e-01  2.671e-01  
5.740e-01  2.610e-01  
1.850e-01  6.328e-01  
4.325e-01  3.843e-01  
9.641e-01  6.721e-02  
7.395e-01  1.986e-01  
6.772e-01  2.440e-01  
7.657e-01  1.913e-01  
7.469e-02  7.665e-01  
1.850e-01  6.328e-01  
1.757e-01  6.708e-01  
1.392e-01  7.136e-01  
6.822e-01  2.504e-01  
1.018e+00  2.683e-02  
1.845e-01  6.479e-01  
1.765e-01  6.768e-01  
1.857e-01  6.655e-01  
2.597e-01  5.149e-01  
8.712e-02  8.332e-01  
7.834e-01  1.589e-01  
9.307e-01  8.861e-02  
2.097e-02  9.416e-01  
2.639e-01  5.107e-01  
6.947e-01  2.067e-01  
7.045e-01  1.956e-01  
2.980e-01  5.126e-01  
3.993e-02  8.833e-01  
8.400e-02  7.697e-01  
5.848e-01  2.632e-01  
3.355e-02  9.191e-01  
7.039e-02  8.530e-01  
9.302e-01  8.008e-02  
1.741e-01  6.450e-01  
8.087e-01  1.248e-01  
7.992e-01  1.492e-01  
2.489e-01  5.500e-01  
9.641e-01  6.721e-02  
2.495e-01  5.306e-01  
3.355e-02  9.191e-01  
8.093e-01  1.348e-01  
8.177e-01  1.273e-01  
3.355e-02  9.191e-01  
7.217e-01  2.152e-01  
9.617e-01  7.017e-02  
1.065e+00  2.148e-02  
9.965e-01  4.315e-02  
9.872e-01  3.255e-02  
2.493e-01  5.169e-01  
9.965e-01  4.315e-02  
7.395e-01  1.986e-01  
7.429e-01  1.648e-01  
8.090e-01  1.411e-01  
2.720e-02  9.209e-01  
4.132e-01  4.234e-01  
8.659e-01  1.337e-01  
7.992e-01  1.492e-01  
7.638e-01  1.928e-01  
2.720e-02  9.209e-01  
2.500e-01  5.387e-01  
4.268e-02  8.980e-01  
1.707e-01  6.421e-01  
4.278e-01  4.264e-01  
2.656e-01  5.151e-01  
2.842e-01  5.121e-01  
7.682e-01  1.728e-01  
8.586e-02  8.227e-01  
1.857e-01  6.655e-01  
6.194e-01  2.609e-01  
7.039e-02  8.530e-01  
8.482e-02  8.420e-01  
2.499e-01  5.614e-01  
5.787e-01  2.672e-01  
6.814e-01  2.480e-01  
1.707e-01  6.421e-01  
2.317e-02  9.650e-01  
9.636e-01  1.023e-01  
1.305e-01  7.034e-01  
4.900e-02  8.438e-01  
1.504e-01  7.431e-01  
5.759e-01  2.642e-01  
4.599e-01  3.748e-01  
8.482e-02  8.420e-01  
5.791e-01  2.577e-01  
5.875e-01  2.610e-01  
3.570e-01  4.288e-01  
4.305e-01  4.180e-01  
2.495e-01  5.306e-01  
5.987e-01  2.671e-01  
4.043e-01  4.172e-01  
2.267e-02  9.232e-01  
3.579e-01  4.340e-01  
5.937e-01  2.600e-01  
4.599e-01  3.748e-01  
3.918e-01  4.471e-01  
4.934e-01  3.528e-01  
3.718e-02  9.012e-01  
3.639e-01  4.639e-01  
4.765e-01  3.325e-01  
4.043e-01  4.172e-01  
1.765e-01  6.768e-01  
2.509e-01  5.346e-01  
4.838e-01  4.007e-01  
7.490e-01  1.699e-01  
1.232e-01  7.208e-01  
4.838e-01  4.007e-01  
5.733e-01  2.605e-01  
5.994e-01  2.669e-01  
2.484e-01  5.564e-01  
4.970e-01  3.545e-01  
4.938e-01  3.501e-01  
5.759e-01  2.642e-01  
2.686e-01  5.608e-01  
7.834e-01  1.589e-01  
2.686e-01  5.608e-01  
1.504e-01  7.431e-01  
9.636e-01  1.023e-01  
5.937e-01  2.600e-01  
5.875e-01  2.610e-01  
1.182e-01  7.148e-01  
4.252e-01  3.988e-01  
3.968e-01  4.130e-01  
3.754e-01  4.298e-01  
1.820e-01  8.058e-01  
2.168e-01  6.290e-01  
3.639e-01  4.639e-01  
5.782e-01  2.629e-01  
9.593e-01  6.557e-02  
3.579e-01  4.340e-01  
2.543e-01  5.656e-01  
5.791e-01  2.589e-01  
2.531e-01  5.253e-01  
4.599e-01  3.748e-01  
5.875e-01  2.610e-01  
1.833e-01  6.331e-01  
8.010e-01  1.466e-01  
1.547e-01  6.786e-01  
5.301e-01  3.521e-01  
1.857e-01  6.655e-01  
4.201e-01  4.135e-01  
4.502e-01  4.163e-01  
1.845e-01  6.479e-01  
1.858e-01  6.346e-01  
7.970e-01  1.443e-01  
3.508e-01  4.479e-01  
3.533e-01  4.385e-01  
5.730e-01  2.653e-01  
2.705e-01  5.111e-01  
3.545e-01  4.319e-01  
3.639e-01  4.639e-01  
1.010e-01  8.380e-01  
4.278e-01  4.264e-01  
3.918e-01  4.471e-01  
3.718e-02  9.012e-01  
3.497e-01  4.339e-01  
2.917e-01  5.152e-01  
7.552e-01  1.846e-01  
5.782e-01  2.629e-01  
5.848e-01  2.632e-01  
5.937e-01  2.600e-01  
3.639e-01  4.639e-01  
2.831e-01  5.130e-01  
2.686e-01  5.608e-01  
4.879e-01  3.449e-01  
5.987e-01  2.671e-01  
4.966e-01  3.721e-01  
7.552e-01  1.846e-01  
1.857e-01  6.655e-01  
9.925e-01  8.249e-02  
8.586e-02  8.227e-01  
5.994e-01  2.669e-01  
4.707e-01  3.419e-01  
2.686e-01  5.608e-01  
4.863e-01  3.640e-01  
1.158e-01  7.659e-01  
4.491e-01  4.088e-01  
3.689e-01  4.579e-01  
4.824e-01  3.638e-01  
9.621e-01  6.135e-02  
6.822e-01  2.504e-01  
5.848e-01  2.632e-01  
1.387e-01  7.230e-01  
1.746e-02  9.685e-01  
2.917e-01  5.152e-01  
8.010e-01  1.507e-01  
3.639e-01  4.550e-01  
7.834e-01  1.589e-01  
1.692e-02  9.995e-01  
1.010e+00  1.951e-02  
5.036e-01  3.629e-01  
2.489e-01  5.500e-01  
6.759e-01  2.169e-01  
3.993e-02  8.833e-01  
7.834e-01  1.589e-01  
7.834e-01  1.589e-01  
7.544e-02  8.762e-01  
2.597e-01  5.149e-01  
3.554e-01  4.454e-01  
3.956e-01  4.234e-01  
9.608e-01  5.430e-02  
7.429e-01  1.648e-01  
1.698e-01  6.591e-01  
7.682e-01  1.728e-01  
6.948e-01  2.353e-01  
2.896e-01  5.166e-01  
4.215e-01  3.995e-01  
2.639e-01  5.107e-01  
4.132e-01  4.234e-01  
4.822e-01  3.390e-01  
2.543e-01  5.656e-01  
6.759e-01  2.169e-01  
1.698e-01  6.591e-01  
9.427e-01  1.025e-01  
2.831e-01  5.130e-01  
4.305e-01  4.180e-01  
3.554e-01  4.454e-01  
1.680e-01  6.626e-01  
1.702e-01  6.434e-01  
4.966e-01  3.721e-01  
5.808e-01  2.610e-01  
6.753e-01  2.361e-01  
2.917e-01  5.152e-01  
5.782e-01  2.629e-01  
5.740e-01  2.610e-01  
5.245e-02  8.854e-01  
6.822e-01  2.504e-01  
8.980e-01  1.000e-01  
1.702e-01  6.434e-01  
1.594e-01  7.310e-01  
2.917e-01  5.152e-01  
3.637e-01  4.553e-01  
1.757e-01  6.708e-01  
1.680e-01  6.626e-01  
2.842e-01  5.121e-01  
2.705e-01  5.111e-01  
4.599e-01  3.748e-01  
6.947e-01  2.067e-01  
7.260e-02  8.113e-01  
7.992e-01  1.492e-01  
3.918e-01  4.471e-01  
7.039e-02  8.530e-01  
1.301e-01  6.998e-01  
6.963e-01  2.347e-01  
2.496e-01  5.184e-01  
1.594e-01  7.310e-01  
2.636e-01  5.125e-01  
9.782e-01  6.153e-02  
9.474e-01  1.031e-01  
2.495e-01  5.306e-01  
1.016e+00  4.390e-02  
5.616e-01  3.736e-01  
2.496e-01  5.184e-01  
9.307e-01  8.861e-02  
1.680e-01  6.626e-01  
3.855e-02  8.905e-01  
1.095e+00  5.675e-02  
1.993e-01  6.295e-01  
1.294e-01  7.811e-01  
6.947e-01  2.067e-01  
9.617e-01  7.017e-02  
5.791e-01  2.577e-01  
8.093e-01  1.348e-01  
9.965e-01  4.315e-02  
1.568e-01  6.519e-01  
1.765e-01  6.768e-01  
6.940e-01  1.962e-01  
5.797e-01  2.647e-01  
1.036e+00  3.400e-02  
5.994e-01  2.669e-01  
6.814e-01  2.480e-01  
7.562e-01  1.560e-01  
9.924e-01  6.180e-02  
1.018e+00  2.683e-02  
6.959e-02  8.328e-01  
1.599e-01  7.013e-01  
7.682e-01  1.728e-01  
8.510e-02  8.953e-01  
8.659e-01  1.337e-01  
2.469e-01  5.223e-01  
4.268e-02  8.980e-01  
2.887e-01  5.135e-01  
1.145e-01  7.978e-01  
1.872e-01  6.308e-01  
3.355e-02  9.191e-01  
8.358e-01  1.345e-01  
9.437e-01  5.737e-02  
1.095e+00  5.675e-02  
8.586e-02  8.227e-01  
3.355e-02  9.191e-01  
7.992e-01  1.492e-01  
1.145e-01  7.978e-01  
9.924e-01  6.180e-02  
1.034e+00  2.843e-02  
9.924e-01  6.180e-02  
3.629e-02  8.994e-01  
1.034e+00  2.843e-02  
2.317e-02  9.650e-01  
1.095e+00  5.675e-02  
9.636e-01  7.247e-02  
1.207e-01  8.589e-01  
7.524e-01  1.482e-01  
1.018e+00  2.683e-02  
1.183e-01  7.649e-01  
1.006e+00  3.850e-02  
9.608e-01  5.430e-02  
7.568e-01  1.662e-01  
2.208e-02  9.192e-01  
8.257e-01  1.291e-01  
9.924e-01  6.180e-02  
1.068e+00  4.844e-02  
9.608e-01  5.430e-02  
2.842e-01  5.121e-01  
1.294e-01  7.811e-01  
9.302e-01  8.008e-02  
7.039e-02  8.530e-01  
1.158e-01  7.659e-01  
3.718e-02  9.012e-01  
5.848e-01  2.632e-01  
8.257e-01  1.291e-01  
1.044e-01  7.546e-01  
7.524e-01  1.482e-01  
1.034e+00  2.843e-02  
2.499e-01  5.614e-01  
2.499e-01  5.614e-01  
2.917e-01  5.152e-01  
4.966e-01  3.721e-01  
9.307e-01  8.861e-02  
2.658e-02  8.985e-01  
1.993e-01  6.295e-01  
9.617e-01  7.017e-02  
7.503e-01  1.648e-01  
8.712e-02  8.332e-01  
1.095e+00  5.675e-02  
5.098e-01  3.533e-01  
3.554e-01  4.454e-01  
1.028e+00  1.644e-02  
7.885e-01  1.862e-01  
7.395e-01  1.986e-01  
2.809e-01  5.097e-01  
2.543e-01  5.656e-01  
9.653e-02  7.582e-01  
3.718e-02  9.012e-01  
1.857e-01  6.655e-01  
1.864e-01  6.383e-01  
4.667e-01  3.744e-01  
4.751e-01  3.648e-01  
3.639e-01  4.639e-01  
8.090e-01  1.411e-01  
2.900e-01  5.129e-01  
5.190e-01  3.666e-01  
8.010e-01  1.507e-01  
1.207e-01  8.589e-01  
7.682e-01  1.728e-01  
2.686e-01  5.608e-01  
2.961e-01  5.120e-01  
9.965e-01  4.315e-02  
3.508e-01  4.479e-01  
1.509e-01  6.817e-01  
2.496e-01  5.184e-01  
2.531e-01  5.253e-01  
5.730e-01  2.653e-01  
1.765e-01  6.768e-01  
3.555e-01  4.392e-01  
1.001e+00  2.259e-02  
7.503e-01  1.644e-01  
2.544e-01  5.308e-01  
1.065e+00  2.148e-02  
1.594e-01  7.310e-01  
5.301e-01  3.521e-01  
3.915e-01  4.322e-01  
1.594e-01  7.310e-01  
5.740e-01  2.610e-01  
9.593e-01  6.557e-02  
9.782e-01  6.153e-02  
4.043e-01  4.172e-01  
7.345e-02  7.799e-01  
4.252e-01  3.988e-01  
2.644e-01  5.142e-01  
2.097e-02  9.416e-01  
1.196e-01  8.133e-01  
4.681e-01  3.675e-01  
6.963e-01  2.347e-01  
5.760e-01  2.855e-01  
2.097e-02  9.416e-01  
3.355e-02  9.191e-01  
4.305e-01  4.180e-01  
4.491e-01  4.088e-01  
5.848e-01  2.632e-01  
1.765e-01  6.768e-01  
4.037e-01  4.103e-01  
