5.213e-01  1.646e+00  
1.274e+00  1.756e-01  
1.016e+00  3.373e-01  
1.091e+00  3.424e-01  
8.606e-01  1.351e+00  
1.084e+00  4.405e-01  
5.790e-01  1.516e+00  
1.011e+00  8.805e-01  
1.194e+00  2.484e-01  
1.222e+00  1.921e-01  
5.631e-01  1.558e+00  
1.084e+00  4.405e-01  
1.184e+00  5.064e-01  
8.651e-01  1.356e+00  
1.004e+00  7.280e-01  
1.182e+00  2.649e-01  
7.302e-01  1.544e+00  
6.981e-01  1.431e+00  
1.024e+00  4.024e-01  
1.203e+00  2.751e-01  
1.004e+00  6.999e-01  
1.021e+00  4.827e-01  
1.022e+00  6.954e-01  
1.188e+00  2.324e-01  
1.046e+00  4.575e-01  
1.207e+00  1.783e-01  
8.483e-01  1.356e+00  
5.498e-01  1.570e+00  
1.005e+00  8.295e-01  
5.835e-01  1.516e+00  
1.052e+00  3.702e-01  
1.184e+00  3.321e-01  
8.269e-01  1.353e+00  
1.189e+00  2.681e-01  
1.222e+00  1.921e-01  
5.631e-01  1.558e+00  
1.005e+00  1.060e+00  
7.073e-01  1.389e+00  
6.070e-01  1.516e+00  
1.059e+00  4.229e-01  
1.008e+00  7.966e-01  
1.070e+00  4.603e-01  
1.039e+00  6.061e-01  
9.419e-01  1.352e+00  
7.173e-01  1.366e+00  
1.062e+00  3.658e-01  
1.025e+00  4.815e-01  
1.206e+00  1.951e-01  
1.085e+00  4.858e-01  
9.027e-01  1.356e+00  
1.025e+00  4.827e-01  
1.003e+00  7.653e-01  
5.213e-01  1.646e+00  
1.184e+00  5.064e-01  
5.425e-01  1.547e+00  
1.030e+00  6.154e-01  
1.091e+00  3.424e-01  
1.347e+00  1.765e-01  
8.452e-01  1.353e+00  
1.202e+00  2.332e-01  
1.182e+00  2.201e-01  
1.008e+00  6.471e-01  
1.177e+00  2.207e-01  
1.079e+00  3.529e-01  
6.869e-01  1.367e+00  
1.177e+00  2.207e-01  
6.252e-01  1.522e+00  
1.027e+00  3.360e-01  
1.051e+00  5.934e-01  
1.049e+00  6.240e-01  
1.057e+00  3.261e-01  
6.697e-01  1.372e+00  
1.057e+00  4.590e-01  
1.005e+00  6.049e-01  
1.030e+00  6.091e-01  
6.869e-01  1.367e+00  
6.884e-01  1.395e+00  
1.179e+00  2.660e-01  
1.057e+00  5.197e-01  
1.207e+00  1.864e-01  
1.078e+00  4.724e-01  
1.011e+00  1.148e+00  
1.056e+00  6.375e-01  
1.092e+00  5.105e-01  
1.025e+00  4.827e-01  
1.059e+00  4.229e-01  
7.207e-01  1.368e+00  
5.860e-01  1.516e+00  
1.005e+00  6.308e-01  
1.055e+00  3.643e-01  
8.452e-01  1.353e+00  
1.059e+00  3.327e-01  
1.247e+00  1.812e-01  
5.749e-01  1.564e+00  
1.182e+00  2.201e-01  
8.651e-01  1.356e+00  
1.049e+00  6.240e-01  
1.092e+00  5.105e-01  
1.004e+00  1.034e+00  
1.030e+00  6.154e-01  
6.146e-01  1.533e+00  
6.858e-01  1.386e+00  
1.025e+00  4.815e-01  
6.070e-01  1.516e+00  
1.109e+00  3.529e-01  
1.203e+00  2.751e-01  
5.359e-01  1.541e+00  
1.041e+00  5.785e-01  
1.058e+00  3.165e-01  
1.184e+00  3.321e-01  
1.039e+00  6.061e-01  
8.483e-01  1.356e+00  
1.006e+00  8.665e-01  
1.006e+00  8.109e-01  
9.419e-01  1.352e+00  
1.188e+00  2.324e-01  
7.984e-01  1.361e+00  
1.205e+00  3.033e-01  
5.671e-01  1.553e+00  
1.212e+00  2.125e-01  
1.274e+00  1.756e-01  
8.764e-01  1.353e+00  
1.243e+00  2.448e-01  
7.264e-01  1.394e+00  
1.129e+00  3.635e-01  
5.213e-01  1.646e+00  
1.188e+00  2.324e-01  
1.011e+00  8.805e-01  
1.347e+00  1.718e-01  
1.005e+00  5.310e-01  
1.202e+00  2.332e-01  
7.177e-01  1.371e+00  
7.295e-01  1.371e+00  
6.087e-01  1.533e+00  
1.274e+00  1.756e-01  
1.186e+00  2.570e-01  
1.330e+00  1.764e-01  
9.419e-01  1.352e+00  
1.184e+00  3.128e-01  
8.606e-01  1.351e+00  
5.744e-01  1.530e+00  
1.114e+00  4.532e-01  
1.059e+00  3.327e-01  
1.006e+00  8.665e-01  
1.004e+00  7.325e-01  
1.023e+00  3.292e-01  
8.826e-01  1.352e+00  
1.031e+00  3.961e-01  
6.628e-01  1.540e+00  
1.004e+00  6.999e-01  
1.006e+00  8.665e-01  
1.203e+00  2.751e-01  
1.008e+00  8.775e-01  
1.119e+00  4.817e-01  
8.826e-01  1.352e+00  
1.092e+00  5.105e-01  
7.740e-01  1.410e+00  
8.617e-01  1.354e+00  
1.042e+00  5.196e-01  
1.078e+00  4.724e-01  
1.108e+00  3.579e-01  
1.003e+00  7.653e-01  
1.059e+00  4.229e-01  
6.697e-01  1.372e+00  
1.025e+00  4.827e-01  
1.006e+00  8.665e-01  
1.009e+00  8.029e-01  
1.036e+00  4.428e-01  
1.207e+00  1.864e-01  
1.036e+00  4.428e-01  
1.030e+00  6.091e-01  
1.036e+00  4.788e-01  
5.174e-01  1.624e+00  
1.042e+00  5.196e-01  
5.744e-01  1.530e+00  
1.071e+00  4.475e-01  
6.099e-01  1.536e+00  
1.025e+00  4.815e-01  
6.954e-01  1.549e+00  
1.042e+00  5.196e-01  
1.108e+00  3.579e-01  
1.003e+00  1.104e+00  
1.048e+00  6.410e-01  
1.030e+00  6.595e-01  
1.186e+00  2.780e-01  
1.184e+00  3.128e-01  
8.826e-01  1.352e+00  
1.039e+00  6.061e-01  
1.077e+00  4.887e-01  
1.019e+00  4.779e-01  
1.030e+00  6.154e-01  
1.024e+00  4.024e-01  
1.023e+00  3.292e-01  
1.025e+00  4.827e-01  
1.332e+00  1.763e-01  
1.143e+00  3.140e-01  
1.008e+00  6.471e-01  
1.059e+00  3.327e-01  
1.039e+00  6.061e-01  
6.626e-01  1.369e+00  
1.046e+00  4.921e-01  
1.011e+00  1.148e+00  
1.030e+00  6.154e-01  
1.188e+00  2.324e-01  
1.006e+00  8.109e-01  
1.024e+00  4.024e-01  
1.031e+00  3.692e-01  
6.002e-01  1.514e+00  
1.189e+00  2.681e-01  
5.631e-01  1.558e+00  
1.332e+00  1.763e-01  
1.056e+00  3.693e-01  
1.059e+00  4.229e-01  
8.452e-01  1.353e+00  
1.049e+00  6.240e-01  
1.240e+00  1.852e-01  
1.058e+00  3.165e-01  
1.066e+00  3.708e-01  
1.163e+00  3.846e-01  
6.070e-01  1.516e+00  
8.606e-01  1.351e+00  
7.900e-01  1.377e+00  
7.295e-01  1.371e+00  
1.027e+00  3.360e-01  
1.285e+00  2.272e-01  
8.452e-01  1.353e+00  
7.790e-01  1.372e+00  
6.697e-01  1.372e+00  
1.006e+00  1.061e+00  
5.856e-01  1.516e+00  
1.180e+00  2.469e-01  
1.206e+00  2.514e-01  
5.185e-01  1.804e+00  
1.039e+00  6.061e-01  
1.059e+00  3.327e-01  
1.059e+00  3.327e-01  
1.007e+00  9.330e-01  
5.790e-01  1.516e+00  
6.234e-01  1.533e+00  
1.056e+00  3.332e-01  
5.425e-01  1.547e+00  
6.146e-01  1.533e+00  
1.196e+00  2.203e-01  
8.217e-01  1.358e+00  
1.186e+00  2.671e-01  
1.187e+00  2.656e-01  
8.617e-01  1.354e+00  
1.207e+00  1.864e-01  
1.004e+00  6.999e-01  
5.404e-01  1.539e+00  
1.199e+00  2.239e-01  
1.192e+00  2.125e-01  
5.860e-01  1.516e+00  
1.163e+00  3.846e-01  
1.194e+00  2.206e-01  
1.347e+00  1.718e-01  
1.207e+00  1.942e-01  
1.347e+00  1.718e-01  
1.005e+00  6.308e-01  
1.274e+00  1.756e-01  
1.091e+00  3.424e-01  
1.058e+00  3.165e-01  
1.182e+00  2.649e-01  
5.425e-01  1.547e+00  
1.026e+00  6.189e-01  
1.192e+00  2.125e-01  
1.177e+00  2.207e-01  
1.177e+00  2.207e-01  
5.749e-01  1.564e+00  
1.006e+00  4.897e-01  
6.002e-01  1.514e+00  
8.826e-01  1.352e+00  
1.016e+00  3.373e-01  
1.011e+00  7.565e-01  
1.007e+00  9.330e-01  
1.185e+00  3.132e-01  
5.835e-01  1.516e+00  
8.606e-01  1.351e+00  
1.153e+00  3.901e-01  
6.070e-01  1.516e+00  
6.002e-01  1.514e+00  
9.425e-01  1.351e+00  
1.067e+00  3.989e-01  
1.079e+00  3.529e-01  
8.826e-01  1.352e+00  
5.213e-01  1.646e+00  
1.197e+00  2.354e-01  
7.264e-01  1.394e+00  
5.790e-01  1.516e+00  
7.295e-01  1.371e+00  
1.046e+00  4.921e-01  
1.024e+00  3.622e-01  
5.425e-01  1.547e+00  
1.052e+00  3.702e-01  
1.056e+00  3.693e-01  
1.030e+00  6.595e-01  
1.016e+00  3.373e-01  
1.010e+00  1.092e+00  
1.070e+00  4.603e-01  
1.030e+00  6.154e-01  
5.498e-01  1.570e+00  
1.014e+00  8.029e-01  
1.039e+00  3.829e-01  
1.031e+00  3.692e-01  
1.022e+00  6.954e-01  
1.065e+00  4.363e-01  
5.522e-01  1.553e+00  
1.039e+00  6.061e-01  
1.092e+00  5.105e-01  
1.016e+00  3.373e-01  
6.869e-01  1.367e+00  
8.826e-01  1.352e+00  
1.030e+00  6.154e-01  
1.180e+00  2.469e-01  
6.626e-01  1.369e+00  
1.040e+00  5.573e-01  
1.092e+00  5.105e-01  
1.024e+00  4.024e-01  
1.006e+00  1.102e+00  
1.071e+00  4.362e-01  
1.084e+00  4.405e-01  
1.036e+00  4.788e-01  
1.006e+00  4.897e-01  
1.205e+00  5.215e-01  
1.015e+00  8.137e-01  
7.210e-01  1.369e+00  
1.202e+00  2.332e-01  
1.108e+00  3.579e-01  
1.108e+00  3.579e-01  
6.858e-01  1.386e+00  
1.042e+00  5.196e-01  
1.027e+00  7.059e-01  
1.011e+00  7.294e-01  
7.987e-01  1.391e+00  
8.269e-01  1.353e+00  
1.006e+00  8.109e-01  
1.031e+00  3.961e-01  
1.179e+00  2.258e-01  
1.031e+00  7.123e-01  
8.651e-01  1.356e+00  
1.153e+00  3.901e-01  
1.005e+00  6.049e-01  
1.085e+00  4.858e-01  
1.059e+00  4.229e-01  
8.452e-01  1.353e+00  
1.179e+00  2.660e-01  
7.173e-01  1.366e+00  
1.059e+00  4.229e-01  
8.651e-01  1.356e+00  
1.030e+00  6.091e-01  
1.040e+00  5.573e-01  
8.269e-01  1.353e+00  
8.617e-01  1.354e+00  
1.179e+00  2.258e-01  
1.005e+00  5.310e-01  
1.009e+00  6.636e-01  
1.036e+00  4.428e-01  
1.015e+00  8.137e-01  
1.006e+00  8.073e-01  
1.008e+00  6.471e-01  
6.002e-01  1.514e+00  
1.016e+00  3.373e-01  
1.040e+00  6.922e-01  
5.860e-01  1.516e+00  
1.008e+00  6.471e-01  
1.004e+00  6.999e-01  
1.186e+00  2.780e-01  
1.036e+00  4.428e-01  
1.078e+00  4.724e-01  
1.055e+00  3.524e-01  
1.013e+00  7.702e-01  
1.006e+00  9.092e-01  
1.003e+00  1.104e+00  
1.025e+00  4.815e-01  
1.163e+00  3.846e-01  
1.092e+00  5.105e-01  
1.182e+00  2.201e-01  
9.175e-01  1.355e+00  
1.202e+00  2.332e-01  
6.070e-01  1.516e+00  
1.057e+00  4.590e-01  
1.031e+00  3.692e-01  
1.011e+00  8.805e-01  
1.042e+00  5.196e-01  
7.022e-01  1.393e+00  
1.031e+00  3.692e-01  
1.009e+00  6.636e-01  
1.031e+00  3.692e-01  
1.207e+00  1.783e-01  
1.145e+00  3.373e-01  
1.067e+00  3.989e-01  
7.295e-01  1.371e+00  
5.172e-01  1.631e+00  
1.009e+00  6.636e-01  
1.180e+00  2.469e-01  
1.023e+00  3.292e-01  
1.184e+00  3.128e-01  
5.185e-01  1.804e+00  
1.207e+00  1.783e-01  
1.036e+00  4.428e-01  
1.006e+00  1.102e+00  
1.066e+00  3.708e-01  
5.631e-01  1.558e+00  
1.179e+00  2.258e-01  
1.203e+00  2.751e-01  
6.002e-01  1.514e+00  
1.005e+00  5.310e-01  
1.019e+00  5.300e-01  
1.025e+00  4.827e-01  
1.188e+00  2.324e-01  
1.179e+00  2.660e-01  
7.881e-01  1.353e+00  
1.189e+00  2.681e-01  
1.055e+00  3.548e-01  
1.006e+00  8.665e-01  
1.051e+00  5.934e-01  
1.006e+00  1.061e+00  
1.026e+00  6.189e-01  
1.036e+00  4.428e-01  
8.374e-01  1.352e+00  
1.184e+00  3.321e-01  
8.452e-01  1.353e+00  
1.212e+00  2.125e-01  
1.006e+00  8.665e-01  
1.029e+00  8.738e-01  
1.016e+00  3.373e-01  
6.697e-01  1.372e+00  
8.483e-01  1.356e+00  
1.035e+00  3.054e-01  
1.184e+00  5.064e-01  
1.091e+00  3.424e-01  
1.010e+00  6.672e-01  
1.041e+00  3.966e-01  
1.108e+00  3.579e-01  
5.830e-01  1.510e+00  
1.062e+00  3.658e-01  
1.197e+00  2.354e-01  
7.264e-01  1.394e+00  
7.264e-01  1.394e+00  
1.004e+00  7.575e-01  
1.008e+00  6.471e-01  
8.656e-01  1.357e+00  
8.273e-01  1.358e+00  
1.005e+00  5.310e-01  
1.004e+00  6.999e-01  
1.029e+00  8.738e-01  
1.058e+00  3.165e-01  
5.860e-01  1.516e+00  
1.205e+00  3.033e-01  
1.055e+00  6.429e-01  
6.070e-01  1.516e+00  
7.264e-01  1.394e+00  
1.163e+00  3.846e-01  
9.419e-01  1.352e+00  
6.626e-01  1.369e+00  
1.006e+00  8.665e-01  
1.207e+00  1.864e-01  
1.199e+00  2.239e-01  
9.027e-01  1.356e+00  
1.266e+00  1.785e-01  
1.057e+00  3.844e-01  
1.003e+00  6.974e-01  
1.194e+00  2.484e-01  
8.617e-01  1.354e+00  
5.588e-01  1.559e+00  
1.351e+00  1.775e-01  
8.826e-01  1.352e+00  
7.465e-01  1.531e+00  
1.189e+00  2.681e-01  
1.192e+00  2.125e-01  
1.153e+00  3.901e-01  
1.186e+00  2.671e-01  
1.332e+00  1.763e-01  
6.697e-01  1.372e+00  
7.900e-01  1.377e+00  
1.129e+00  3.635e-01  
1.114e+00  4.532e-01  
1.212e+00  2.125e-01  
1.046e+00  4.575e-01  
1.070e+00  3.772e-01  
1.184e+00  3.128e-01  
1.332e+00  1.763e-01  
1.347e+00  1.718e-01  
5.881e-01  1.540e+00  
7.210e-01  1.369e+00  
1.186e+00  2.671e-01  
6.070e-01  1.516e+00  
1.195e+00  2.648e-01  
1.006e+00  1.061e+00  
6.954e-01  1.549e+00  
1.006e+00  8.073e-01  
6.177e-01  1.532e+00  
8.651e-01  1.356e+00  
5.213e-01  1.646e+00  
1.196e+00  2.203e-01  
1.205e+00  5.215e-01  
1.266e+00  1.785e-01  
6.070e-01  1.516e+00  
5.176e-01  1.824e+00  
1.186e+00  2.780e-01  
5.835e-01  1.516e+00  
1.285e+00  2.272e-01  
1.229e+00  1.941e-01  
1.207e+00  1.783e-01  
5.631e-01  1.558e+00  
1.298e+00  1.859e-01  
5.365e-01  1.547e+00  
1.247e+00  1.812e-01  
1.222e+00  1.921e-01  
6.070e-01  1.516e+00  
1.059e+00  3.327e-01  
1.347e+00  1.718e-01  
6.899e-01  1.408e+00  
1.257e+00  1.919e-01  
1.222e+00  1.921e-01  
1.180e+00  2.175e-01  
5.498e-01  1.570e+00  
1.206e+00  2.514e-01  
1.212e+00  2.125e-01  
1.273e+00  1.756e-01  
1.207e+00  1.783e-01  
1.004e+00  7.325e-01  
7.302e-01  1.544e+00  
1.196e+00  2.203e-01  
5.425e-01  1.547e+00  
6.981e-01  1.431e+00  
5.425e-01  1.547e+00  
1.055e+00  3.524e-01  
1.177e+00  2.207e-01  
5.790e-01  1.516e+00  
1.184e+00  3.321e-01  
1.332e+00  1.763e-01  
1.007e+00  1.117e+00  
1.007e+00  7.087e-01  
1.006e+00  8.073e-01  
1.085e+00  4.858e-01  
1.196e+00  2.203e-01  
5.498e-01  1.570e+00  
9.027e-01  1.356e+00  
1.206e+00  1.951e-01  
1.184e+00  3.128e-01  
6.146e-01  1.533e+00  
1.332e+00  1.763e-01  
1.051e+00  4.182e-01  
1.029e+00  8.166e-01  
1.266e+00  1.785e-01  
1.180e+00  2.469e-01  
1.058e+00  3.165e-01  
1.004e+00  8.583e-01  
1.011e+00  1.148e+00  
6.002e-01  1.514e+00  
5.588e-01  1.559e+00  
8.606e-01  1.351e+00  
8.826e-01  1.352e+00  
1.046e+00  4.921e-01  
1.085e+00  5.125e-01  
1.019e+00  4.779e-01  
1.287e+00  2.684e-01  
1.011e+00  7.294e-01  
1.078e+00  4.724e-01  
1.210e+00  2.488e-01  
5.860e-01  1.516e+00  
1.145e+00  3.373e-01  
1.004e+00  9.566e-01  
1.010e+00  6.672e-01  
1.273e+00  1.735e-01  
1.025e+00  4.827e-01  
7.984e-01  1.361e+00  
1.011e+00  8.805e-01  
1.006e+00  8.665e-01  
1.062e+00  4.665e-01  
7.319e-01  1.358e+00  
1.008e+00  7.966e-01  
1.325e+00  1.846e-01  
1.179e+00  2.660e-01  
1.004e+00  6.999e-01  
1.273e+00  1.735e-01  
6.915e-01  1.394e+00  
1.035e+00  3.054e-01  
1.023e+00  3.292e-01  
6.697e-01  1.372e+00  
1.052e+00  3.702e-01  
1.188e+00  2.324e-01  
1.207e+00  1.864e-01  
1.026e+00  6.189e-01  
6.146e-01  1.533e+00  
1.030e+00  6.091e-01  
1.003e+00  1.104e+00  
5.213e-01  1.646e+00  
5.835e-01  1.516e+00  
1.041e+00  5.785e-01  
1.145e+00  3.373e-01  
1.099e+00  5.204e-01  
5.185e-01  1.804e+00  
5.631e-01  1.558e+00  
1.026e+00  6.189e-01  
1.026e+00  6.189e-01  
1.062e+00  3.658e-01  
7.484e-01  1.354e+00  
1.042e+00  4.315e-01  
