3.847e-02  1.311e+00  
1.176e+00  1.190e-01  
8.970e-01  8.659e-01  
9.686e-01  3.936e-01  
2.842e-01  1.070e+00  
9.004e-01  5.353e-01  
1.677e-01  1.199e+00  
5.879e-01  1.023e+00  
1.031e+00  1.778e-01  
1.091e+00  1.633e-01  
6.176e-02  1.271e+00  
8.950e-01  5.567e-01  
9.047e-01  5.223e-01  
3.105e-01  1.054e+00  
5.627e-01  1.024e+00  
9.855e-01  2.516e-01  
2.322e-01  1.138e+00  
1.624e-01  1.283e+00  
9.114e-01  5.574e-01  
9.459e-01  1.728e-01  
4.909e-01  1.029e+00  
8.939e-01  8.719e-01  
7.752e-01  1.001e+00  
1.023e+00  1.925e-01  
8.971e-01  5.893e-01  
1.063e+00  1.394e-01  
3.105e-01  1.054e+00  
4.700e-02  1.300e+00  
5.886e-01  1.004e+00  
4.510e-02  1.213e+00  
9.663e-01  3.921e-01  
1.004e+00  3.064e-01  
2.842e-01  1.070e+00  
9.870e-01  3.621e-01  
1.054e+00  1.523e-01  
4.700e-02  1.300e+00  
4.440e-01  1.019e+00  
1.520e-01  1.269e+00  
1.100e-01  1.207e+00  
9.119e-01  5.691e-01  
6.116e-01  1.002e+00  
9.020e-01  5.298e-01  
5.130e-01  1.016e+00  
3.173e-01  1.034e+00  
2.144e-01  1.113e+00  
9.663e-01  3.921e-01  
8.942e-01  7.159e-01  
9.813e-01  1.950e-01  
8.959e-01  7.537e-01  
2.992e-01  1.040e+00  
7.559e-01  1.001e+00  
5.654e-01  1.035e+00  
3.847e-02  1.311e+00  
9.021e-01  5.484e-01  
6.176e-02  1.271e+00  
8.970e-01  8.659e-01  
9.291e-01  4.114e-01  
1.120e+00  1.307e-01  
2.971e-01  1.046e+00  
9.798e-01  1.883e-01  
1.002e+00  1.994e-01  
6.116e-01  1.002e+00  
9.736e-01  1.820e-01  
9.770e-01  3.001e-01  
2.522e-01  1.135e+00  
9.459e-01  1.728e-01  
9.694e-02  1.231e+00  
9.738e-01  4.021e-01  
8.939e-01  8.719e-01  
8.952e-01  6.133e-01  
1.021e+00  3.443e-01  
2.859e-01  1.070e+00  
9.044e-01  5.289e-01  
4.991e-01  1.019e+00  
6.730e-01  1.001e+00  
1.624e-01  1.283e+00  
1.525e-01  1.175e+00  
9.772e-01  2.413e-01  
8.971e-01  5.893e-01  
1.031e+00  1.778e-01  
9.010e-01  5.565e-01  
4.909e-01  1.029e+00  
6.593e-01  1.002e+00  
8.987e-01  5.571e-01  
5.627e-01  1.024e+00  
8.984e-01  6.562e-01  
2.266e-01  1.152e+00  
6.484e-02  1.315e+00  
5.932e-01  1.009e+00  
9.017e-01  5.865e-01  
3.646e-01  1.062e+00  
9.309e-01  4.129e-01  
9.728e-01  1.404e-01  
6.472e-02  1.326e+00  
9.677e-01  1.779e-01  
4.171e-01  1.032e+00  
6.737e-01  1.001e+00  
9.130e-01  5.133e-01  
4.212e-01  1.016e+00  
9.925e-01  5.492e-01  
9.190e-02  1.265e+00  
1.744e-01  1.162e+00  
8.999e-01  7.155e-01  
1.339e-01  1.231e+00  
9.130e-01  5.133e-01  
9.564e-01  1.942e-01  
6.423e-02  1.263e+00  
9.080e-01  5.699e-01  
9.469e-01  4.446e-01  
9.736e-01  3.791e-01  
6.645e-01  1.006e+00  
2.144e-01  1.113e+00  
5.303e-01  1.014e+00  
5.739e-01  1.028e+00  
2.986e-01  1.050e+00  
9.798e-01  1.883e-01  
2.842e-01  1.070e+00  
9.813e-01  1.950e-01  
1.006e-01  1.286e+00  
9.564e-01  1.942e-01  
1.198e+00  1.308e-01  
3.187e-01  1.035e+00  
9.677e-01  1.779e-01  
2.299e-01  1.067e+00  
9.770e-01  3.001e-01  
2.129e-02  1.310e+00  
9.757e-01  1.974e-01  
5.585e-01  1.013e+00  
1.058e+00  1.431e-01  
4.991e-01  1.019e+00  
1.069e+00  1.775e-01  
1.611e-01  1.178e+00  
1.984e-01  1.196e+00  
1.247e-01  1.219e+00  
1.120e+00  1.307e-01  
9.564e-01  1.942e-01  
1.120e+00  1.307e-01  
2.986e-01  1.050e+00  
9.770e-01  3.001e-01  
2.811e-01  1.044e+00  
6.484e-02  1.315e+00  
9.255e-01  5.552e-01  
1.004e+00  3.064e-01  
5.246e-01  1.008e+00  
5.654e-01  1.035e+00  
5.627e-01  1.024e+00  
2.981e-01  1.110e+00  
9.119e-01  5.691e-01  
1.616e-01  1.189e+00  
3.105e-01  1.054e+00  
4.403e-01  1.113e+00  
9.736e-01  1.820e-01  
5.879e-01  1.023e+00  
8.959e-01  7.537e-01  
2.430e-01  1.051e+00  
9.020e-01  5.298e-01  
2.140e-01  1.108e+00  
2.971e-01  1.046e+00  
8.942e-01  7.547e-01  
8.987e-01  5.571e-01  
9.416e-01  3.830e-01  
4.923e-01  1.031e+00  
9.173e-01  5.219e-01  
1.801e-01  1.141e+00  
7.559e-01  1.001e+00  
5.130e-01  1.016e+00  
5.932e-01  1.009e+00  
8.971e-01  5.893e-01  
1.170e+00  1.635e-01  
8.962e-01  6.556e-01  
8.939e-01  1.001e+00  
8.987e-01  5.571e-01  
1.293e-02  1.314e+00  
8.952e-01  6.005e-01  
6.508e-02  1.291e+00  
9.119e-01  5.691e-01  
1.667e-01  1.194e+00  
6.330e-01  1.001e+00  
1.339e-01  1.231e+00  
8.942e-01  6.889e-01  
9.309e-01  4.129e-01  
4.331e-01  1.006e+00  
5.627e-01  1.024e+00  
6.866e-01  1.003e+00  
9.813e-01  1.950e-01  
9.564e-01  1.942e-01  
3.105e-01  1.054e+00  
5.654e-01  1.035e+00  
8.942e-01  7.159e-01  
6.129e-01  1.002e+00  
8.971e-01  6.844e-01  
9.212e-01  5.235e-01  
9.004e-01  6.181e-01  
7.752e-01  1.001e+00  
1.063e+00  1.394e-01  
9.855e-01  2.516e-01  
6.645e-01  1.006e+00  
1.017e+00  3.969e-01  
5.938e-01  1.003e+00  
1.872e-01  1.130e+00  
9.035e-01  5.900e-01  
2.986e-01  1.050e+00  
8.943e-01  8.038e-01  
9.459e-01  1.728e-01  
3.525e-01  1.018e+00  
9.035e-01  5.900e-01  
8.952e-01  6.133e-01  
9.694e-02  1.231e+00  
1.056e+00  3.043e-01  
2.852e-02  1.298e+00  
1.031e+00  1.778e-01  
9.360e-01  4.438e-01  
9.099e-01  5.385e-01  
2.941e-01  1.084e+00  
8.948e-01  8.108e-01  
1.080e+00  1.675e-01  
9.855e-01  2.516e-01  
9.549e-01  3.804e-01  
9.686e-01  3.936e-01  
8.580e-02  1.275e+00  
3.173e-01  1.034e+00  
2.647e-01  1.117e+00  
2.266e-01  1.152e+00  
9.557e-01  3.680e-01  
1.116e+00  1.395e-01  
2.981e-01  1.110e+00  
2.108e-01  1.102e+00  
2.140e-01  1.108e+00  
4.635e-01  1.021e+00  
6.423e-02  1.263e+00  
9.813e-01  1.950e-01  
9.677e-01  1.779e-01  
6.472e-02  1.326e+00  
5.932e-01  1.009e+00  
9.557e-01  3.680e-01  
9.651e-01  2.392e-01  
5.585e-01  1.013e+00  
9.063e-02  1.303e+00  
1.484e-01  1.228e+00  
9.173e-01  5.219e-01  
6.550e-02  1.302e+00  
6.484e-02  1.315e+00  
9.736e-01  1.820e-01  
2.842e-01  1.070e+00  
1.056e+00  3.043e-01  
9.632e-01  1.835e-01  
2.971e-01  1.046e+00  
9.896e-01  1.795e-01  
2.887e-01  1.029e+00  
2.169e-02  1.306e+00  
9.677e-01  1.779e-01  
9.256e-01  2.358e-01  
7.945e-02  1.288e+00  
9.623e-01  3.928e-01  
9.564e-01  1.942e-01  
1.175e+00  1.190e-01  
9.728e-01  1.404e-01  
1.176e+00  1.190e-01  
4.366e-01  1.016e+00  
1.058e+00  1.431e-01  
9.623e-01  3.928e-01  
1.004e+00  3.064e-01  
1.032e+00  2.728e-01  
2.852e-02  1.283e+00  
8.943e-01  8.038e-01  
9.677e-01  1.779e-01  
9.686e-01  2.678e-01  
1.004e+00  3.064e-01  
6.423e-02  1.263e+00  
4.991e-01  1.019e+00  
1.006e-01  1.286e+00  
2.986e-01  1.050e+00  
8.948e-01  8.108e-01  
5.585e-01  1.013e+00  
5.519e-01  1.010e+00  
9.256e-01  2.358e-01  
1.484e-01  1.228e+00  
2.811e-01  1.044e+00  
9.738e-01  4.021e-01  
1.006e-01  1.286e+00  
1.339e-01  1.231e+00  
3.072e-01  1.047e+00  
9.212e-01  5.235e-01  
9.651e-01  2.392e-01  
2.971e-01  1.046e+00  
2.374e-02  1.366e+00  
9.755e-01  1.823e-01  
2.061e-01  1.116e+00  
6.423e-02  1.263e+00  
2.144e-01  1.113e+00  
9.030e-01  6.060e-01  
8.970e-01  8.659e-01  
1.339e-01  1.231e+00  
8.979e-01  5.253e-01  
9.020e-01  5.298e-01  
7.097e-01  1.001e+00  
7.071e-01  1.001e+00  
2.927e-01  1.041e+00  
9.255e-01  5.552e-01  
6.405e-01  1.001e+00  
3.847e-02  1.311e+00  
6.686e-01  1.003e+00  
9.202e-01  4.617e-01  
8.942e-01  7.159e-01  
5.654e-01  1.035e+00  
8.957e-01  5.771e-01  
6.484e-02  1.315e+00  
5.932e-01  1.009e+00  
8.942e-01  6.417e-01  
7.752e-01  1.001e+00  
1.686e-01  1.187e+00  
2.937e-01  1.039e+00  
8.942e-01  6.889e-01  
9.440e-01  3.200e-01  
1.744e-01  1.162e+00  
8.985e-01  7.490e-01  
9.047e-01  5.223e-01  
9.047e-01  5.223e-01  
2.971e-01  1.046e+00  
9.020e-01  5.298e-01  
8.987e-01  5.862e-01  
9.255e-01  5.552e-01  
4.212e-01  1.016e+00  
9.770e-01  1.969e-01  
4.909e-01  1.029e+00  
1.525e-01  1.175e+00  
9.677e-01  1.779e-01  
9.291e-01  4.114e-01  
9.291e-01  4.114e-01  
1.744e-01  1.162e+00  
8.943e-01  8.038e-01  
6.854e-01  1.001e+00  
5.627e-01  1.024e+00  
1.872e-01  1.130e+00  
2.887e-01  1.029e+00  
5.654e-01  1.035e+00  
9.130e-01  5.133e-01  
9.798e-01  1.883e-01  
7.595e-01  1.001e+00  
3.043e-01  1.038e+00  
9.469e-01  4.446e-01  
4.171e-01  1.032e+00  
8.959e-01  7.537e-01  
9.255e-01  5.552e-01  
2.992e-01  1.040e+00  
9.757e-01  1.974e-01  
2.061e-01  1.116e+00  
8.952e-01  6.005e-01  
2.796e-01  1.076e+00  
8.942e-01  9.274e-01  
8.942e-01  7.219e-01  
2.796e-01  1.076e+00  
2.811e-01  1.044e+00  
9.986e-01  2.867e-01  
5.654e-01  1.035e+00  
5.303e-01  1.014e+00  
9.130e-01  5.133e-01  
5.938e-01  1.003e+00  
5.585e-01  1.013e+00  
6.667e-01  1.001e+00  
4.510e-02  1.213e+00  
8.948e-01  8.108e-01  
8.948e-01  8.108e-01  
6.423e-02  1.263e+00  
7.097e-01  1.001e+00  
5.329e-01  1.023e+00  
1.016e+00  2.447e-01  
9.017e-01  5.865e-01  
9.010e-01  5.565e-01  
9.368e-01  3.918e-01  
6.645e-01  1.006e+00  
4.372e-01  1.018e+00  
4.234e-01  1.003e+00  
8.957e-01  5.771e-01  
9.212e-01  5.235e-01  
9.030e-01  6.060e-01  
9.624e-01  3.297e-01  
2.986e-01  1.050e+00  
1.091e+00  1.633e-01  
1.247e-01  1.219e+00  
9.119e-01  5.691e-01  
9.017e-01  5.865e-01  
4.789e-01  1.009e+00  
9.017e-01  5.865e-01  
1.677e-01  1.199e+00  
8.942e-01  6.889e-01  
5.932e-01  1.009e+00  
8.942e-01  7.159e-01  
1.058e+00  1.431e-01  
9.416e-01  3.830e-01  
9.004e-01  5.353e-01  
1.872e-01  1.130e+00  
4.573e-02  1.313e+00  
5.007e-01  1.006e+00  
9.986e-01  2.867e-01  
6.330e-01  1.001e+00  
9.838e-01  2.414e-01  
2.169e-02  1.306e+00  
1.180e+00  1.193e-01  
8.962e-01  6.556e-01  
2.859e-01  1.070e+00  
9.544e-01  3.676e-01  
6.484e-02  1.315e+00  
1.023e+00  1.925e-01  
1.056e+00  3.043e-01  
6.176e-02  1.271e+00  
4.909e-01  1.029e+00  
6.854e-01  1.001e+00  
7.752e-01  1.001e+00  
9.941e-01  1.838e-01  
9.711e-01  1.626e-01  
2.061e-01  1.116e+00  
1.004e+00  3.064e-01  
9.623e-01  3.928e-01  
5.585e-01  1.013e+00  
8.942e-01  7.547e-01  
3.525e-01  1.018e+00  
8.948e-01  8.108e-01  
8.962e-01  6.556e-01  
3.056e-01  1.114e+00  
9.770e-01  3.001e-01  
2.937e-01  1.039e+00  
1.170e+00  1.635e-01  
5.126e-01  1.013e+00  
8.948e-01  8.108e-01  
6.330e-01  1.001e+00  
2.522e-01  1.135e+00  
2.937e-01  1.039e+00  
9.020e-01  5.298e-01  
9.469e-01  4.446e-01  
9.460e-01  3.926e-01  
6.645e-01  1.006e+00  
9.128e-01  5.315e-01  
9.469e-01  4.446e-01  
6.176e-02  1.271e+00  
9.686e-01  3.936e-01  
9.736e-01  1.820e-01  
2.108e-01  1.102e+00  
2.266e-01  1.152e+00  
5.654e-01  1.035e+00  
7.097e-01  1.001e+00  
2.887e-01  1.029e+00  
2.140e-01  1.108e+00  
5.585e-01  1.013e+00  
4.991e-01  1.019e+00  
8.942e-01  7.159e-01  
9.523e-01  2.552e-01  
1.142e-01  1.278e+00  
9.736e-01  1.820e-01  
8.396e-01  1.001e+00  
1.006e-01  1.286e+00  
1.744e-01  1.162e+00  
9.686e-01  3.936e-01  
3.173e-01  1.034e+00  
2.522e-01  1.135e+00  
4.991e-01  1.019e+00  
1.091e+00  1.633e-01  
9.757e-01  1.974e-01  
3.105e-01  1.054e+00  
1.089e+00  1.346e-01  
8.942e-01  6.889e-01  
4.212e-01  1.016e+00  
9.813e-01  1.950e-01  
2.971e-01  1.046e+00  
6.423e-02  1.263e+00  
1.120e+00  1.307e-01  
2.842e-01  1.070e+00  
1.744e-01  1.162e+00  
9.440e-01  3.200e-01  
1.091e+00  1.633e-01  
1.004e+00  3.064e-01  
9.459e-01  1.728e-01  
9.728e-01  1.404e-01  
2.842e-01  1.070e+00  
2.522e-01  1.135e+00  
9.651e-01  2.392e-01  
9.047e-01  5.223e-01  
1.058e+00  1.431e-01  
9.255e-01  5.552e-01  
9.651e-01  2.392e-01  
9.467e-01  1.872e-01  
9.609e-01  1.687e-01  
1.198e+00  1.308e-01  
6.176e-02  1.271e+00  
2.140e-01  1.108e+00  
9.770e-01  3.001e-01  
1.484e-01  1.228e+00  
9.677e-01  1.779e-01  
2.937e-01  1.039e+00  
7.767e-02  1.280e+00  
5.126e-01  1.013e+00  
1.677e-01  1.199e+00  
2.880e-01  1.042e+00  
2.169e-02  1.306e+00  
1.015e+00  2.334e-01  
9.674e-01  1.731e-01  
1.120e+00  1.307e-01  
1.006e-01  1.286e+00  
2.129e-02  1.310e+00  
1.016e+00  2.447e-01  
1.484e-01  1.228e+00  
1.091e+00  1.633e-01  
1.202e+00  1.339e-01  
9.512e-01  1.537e-01  
2.129e-02  1.310e+00  
1.089e+00  1.346e-01  
2.852e-02  1.283e+00  
1.063e+00  1.394e-01  
9.704e-01  1.640e-01  
1.616e-01  1.189e+00  
1.002e+00  1.994e-01  
1.237e+00  1.243e-01  
1.616e-01  1.189e+00  
1.140e+00  1.346e-01  
1.031e+00  1.778e-01  
9.855e-01  2.516e-01  
2.852e-02  1.283e+00  
9.941e-01  1.838e-01  
9.564e-01  1.942e-01  
1.120e+00  1.307e-01  
1.058e+00  1.431e-01  
4.991e-01  1.019e+00  
1.744e-01  1.162e+00  
1.091e+00  1.633e-01  
7.767e-02  1.280e+00  
1.616e-01  1.189e+00  
6.423e-02  1.263e+00  
9.651e-01  2.392e-01  
1.023e+00  1.925e-01  
1.484e-01  1.228e+00  
9.855e-01  2.516e-01  
1.180e+00  1.193e-01  
3.105e-01  1.054e+00  
3.525e-01  1.018e+00  
5.739e-01  1.028e+00  
8.954e-01  6.860e-01  
9.798e-01  1.883e-01  
3.847e-02  1.311e+00  
2.981e-01  1.110e+00  
1.170e+00  1.635e-01  
9.736e-01  1.820e-01  
1.156e-01  1.254e+00  
1.180e+00  1.193e-01  
8.960e-01  5.435e-01  
6.813e-01  1.001e+00  
1.175e+00  1.190e-01  
9.756e-01  3.920e-01  
9.594e-01  3.027e-01  
5.303e-01  1.014e+00  
4.635e-01  1.021e+00  
9.694e-02  1.231e+00  
6.484e-02  1.315e+00  
2.950e-01  1.061e+00  
2.811e-01  1.044e+00  
8.942e-01  6.889e-01  
8.950e-01  5.567e-01  
6.737e-01  1.001e+00  
1.022e+00  2.368e-01  
5.561e-01  1.016e+00  
9.030e-01  6.060e-01  
1.023e+00  1.925e-01  
1.247e-01  1.219e+00  
9.756e-01  3.920e-01  
5.303e-01  1.014e+00  
5.303e-01  1.014e+00  
1.116e+00  1.395e-01  
6.470e-01  1.001e+00  
2.140e-01  1.108e+00  
4.909e-01  1.029e+00  
4.978e-01  1.003e+00  
9.047e-01  5.223e-01  
1.851e-01  1.115e+00  
6.854e-01  1.001e+00  
1.099e+00  1.293e-01  
9.855e-01  2.516e-01  
2.986e-01  1.050e+00  
1.175e+00  1.190e-01  
2.140e-01  1.108e+00  
9.255e-01  5.552e-01  
6.580e-01  1.001e+00  
2.144e-01  1.113e+00  
9.099e-01  5.385e-01  
9.651e-01  1.776e-01  
1.063e+00  1.394e-01  
8.943e-01  8.038e-01  
5.489e-02  1.194e+00  
8.952e-01  7.987e-01  
4.346e-01  1.026e+00  
2.521e-02  1.292e+00  
1.671e-01  1.156e+00  
8.962e-01  6.556e-01  
9.511e-01  3.954e-01  
9.010e-01  5.565e-01  
2.169e-02  1.306e+00  
2.169e-02  1.306e+00  
8.952e-01  6.133e-01  
8.942e-01  7.547e-01  
9.544e-01  3.676e-01  
2.108e-01  1.102e+00  
8.939e-01  1.001e+00  
