1.746e-02  1.057e+00  
9.745e-01  1.189e-01  
3.576e-01  4.630e-01  
5.816e-01  2.876e-01  
1.761e-01  6.152e-01  
4.111e-01  4.442e-01  
9.629e-02  7.708e-01  
2.698e-01  5.251e-01  
7.751e-01  2.060e-01  
7.974e-01  1.536e-01  
1.268e-02  1.043e+00  
4.027e-01  4.220e-01  
4.893e-01  3.560e-01  
2.016e-01  6.101e-01  
3.178e-01  4.747e-01  
6.706e-01  2.632e-01  
1.423e-01  6.692e-01  
1.206e-01  7.014e-01  
4.789e-01  3.831e-01  
7.809e-01  2.081e-01  
2.359e-01  5.525e-01  
3.961e-01  4.318e-01  
3.205e-01  4.713e-01  
8.044e-01  1.437e-01  
4.239e-01  3.948e-01  
8.177e-01  1.497e-01  
1.959e-01  6.466e-01  
2.938e-02  1.008e+00  
2.662e-01  5.154e-01  
9.598e-02  7.355e-01  
5.671e-01  2.846e-01  
6.448e-01  2.884e-01  
1.711e-01  6.434e-01  
5.816e-01  2.876e-01  
8.091e-01  1.292e-01  
8.875e-02  8.850e-01  
2.357e-01  5.550e-01  
9.598e-02  7.355e-01  
7.851e-02  7.681e-01  
4.610e-01  3.886e-01  
3.239e-01  4.862e-01  
4.315e-01  3.907e-01  
2.557e-01  5.459e-01  
2.016e-01  6.101e-01  
1.423e-01  6.692e-01  
4.659e-01  3.736e-01  
4.295e-01  3.888e-01  
7.999e-01  1.530e-01  
3.836e-01  4.196e-01  
1.883e-01  6.192e-01  
3.386e-01  4.666e-01  
2.606e-01  5.379e-01  
1.804e-02  1.029e+00  
4.839e-01  3.741e-01  
5.027e-02  8.466e-01  
3.576e-01  4.630e-01  
5.489e-01  3.210e-01  
9.851e-01  1.220e-01  
1.731e-01  6.539e-01  
7.765e-01  1.909e-01  
7.757e-01  1.967e-01  
3.023e-01  5.161e-01  
7.765e-01  1.673e-01  
5.870e-01  2.749e-01  
1.423e-01  6.692e-01  
7.765e-01  1.673e-01  
7.742e-02  7.548e-01  
5.933e-01  3.029e-01  
3.961e-01  4.318e-01  
4.218e-01  4.403e-01  
6.044e-01  2.685e-01  
1.565e-01  6.481e-01  
4.893e-01  3.560e-01  
2.442e-01  5.627e-01  
3.177e-01  4.745e-01  
1.206e-01  7.014e-01  
7.851e-02  7.681e-01  
6.253e-01  2.568e-01  
4.789e-01  3.831e-01  
7.917e-01  1.434e-01  
4.659e-01  3.736e-01  
1.731e-01  6.539e-01  
3.177e-01  4.745e-01  
4.767e-01  3.958e-01  
3.041e-01  4.948e-01  
4.610e-01  3.886e-01  
1.292e-01  7.901e-01  
3.549e-02  8.718e-01  
3.257e-01  5.271e-01  
4.934e-01  3.921e-01  
2.019e-01  6.350e-01  
5.647e-01  2.923e-01  
8.175e-01  1.483e-01  
2.807e-02  9.502e-01  
7.765e-01  1.673e-01  
2.000e-01  6.501e-01  
3.336e-01  4.681e-01  
5.135e-01  3.486e-01  
2.134e-01  6.201e-01  
4.111e-01  4.442e-01  
5.267e-02  8.440e-01  
1.138e-01  7.503e-01  
4.363e-01  4.210e-01  
9.629e-02  7.708e-01  
5.344e-01  3.396e-01  
7.727e-01  2.230e-01  
2.807e-02  9.502e-01  
3.770e-01  4.585e-01  
5.707e-01  2.900e-01  
5.716e-01  2.760e-01  
2.953e-01  5.159e-01  
1.655e-01  6.365e-01  
2.603e-01  5.726e-01  
2.785e-01  5.327e-01  
1.899e-01  6.123e-01  
7.784e-01  1.659e-01  
1.423e-01  6.692e-01  
7.821e-01  2.041e-01  
4.457e-02  8.845e-01  
7.803e-01  2.052e-01  
8.515e-01  1.197e-01  
1.761e-01  6.152e-01  
7.847e-01  1.526e-01  
1.440e-01  6.511e-01  
5.763e-01  2.872e-01  
1.793e-02  1.061e+00  
8.175e-01  1.483e-01  
2.557e-01  5.459e-01  
9.073e-01  1.254e-01  
1.933e-01  6.008e-01  
8.175e-01  1.483e-01  
9.629e-02  7.708e-01  
8.875e-02  8.850e-01  
8.013e-02  7.796e-01  
8.148e-01  1.451e-01  
7.807e-01  1.668e-01  
9.011e-01  1.180e-01  
1.899e-01  6.123e-01  
6.052e-01  2.797e-01  
1.740e-01  6.236e-01  
2.407e-02  9.529e-01  
4.767e-01  3.958e-01  
5.816e-01  2.876e-01  
2.603e-01  5.726e-01  
3.041e-01  4.948e-01  
3.738e-01  4.790e-01  
1.711e-01  6.434e-01  
4.767e-01  3.958e-01  
1.045e-01  9.044e-01  
1.883e-01  6.192e-01  
2.606e-01  5.379e-01  
6.133e-01  2.637e-01  
1.821e-01  6.573e-01  
3.961e-01  4.318e-01  
1.731e-01  6.539e-01  
4.539e-01  3.844e-01  
1.370e-01  6.587e-01  
1.883e-01  6.192e-01  
4.019e-01  4.326e-01  
4.839e-01  3.741e-01  
5.933e-01  3.029e-01  
2.556e-01  5.906e-01  
4.934e-01  3.921e-01  
1.309e-01  6.703e-01  
3.177e-01  4.745e-01  
2.557e-01  5.459e-01  
2.847e-01  5.122e-01  
4.346e-01  4.077e-01  
8.378e-01  1.213e-01  
4.610e-01  3.886e-01  
3.163e-01  4.778e-01  
4.659e-01  3.736e-01  
1.446e-02  1.030e+00  
4.027e-01  4.220e-01  
8.875e-02  8.850e-01  
4.767e-01  3.958e-01  
5.267e-02  8.440e-01  
3.386e-01  4.666e-01  
7.742e-02  7.548e-01  
3.836e-01  4.375e-01  
5.603e-01  3.074e-01  
1.899e-01  6.123e-01  
3.163e-01  4.778e-01  
3.177e-01  4.745e-01  
7.809e-01  2.081e-01  
6.542e-01  2.701e-01  
2.000e-01  6.501e-01  
3.163e-01  4.778e-01  
4.934e-01  3.921e-01  
3.163e-01  4.778e-01  
4.027e-01  4.220e-01  
4.767e-01  3.958e-01  
3.386e-01  4.666e-01  
3.163e-01  4.778e-01  
7.973e-01  1.450e-01  
6.137e-01  2.692e-01  
2.662e-01  5.154e-01  
4.659e-01  3.736e-01  
2.557e-01  5.459e-01  
1.039e-01  7.169e-01  
4.697e-01  3.733e-01  
2.189e-01  5.781e-01  
3.964e-01  4.543e-01  
7.765e-01  1.909e-01  
1.899e-01  6.123e-01  
5.392e-01  3.393e-01  
4.093e-01  4.279e-01  
5.783e-02  8.437e-01  
6.044e-01  2.685e-01  
3.485e-02  8.795e-01  
7.784e-01  1.659e-01  
5.456e-01  3.356e-01  
4.893e-01  3.560e-01  
1.667e-01  6.801e-01  
3.872e-01  4.298e-01  
8.044e-01  1.437e-01  
5.861e-01  2.619e-01  
5.984e-01  2.669e-01  
5.908e-01  2.797e-01  
7.073e-02  8.061e-01  
2.134e-01  6.201e-01  
1.440e-01  6.511e-01  
1.206e-01  7.014e-01  
5.861e-01  2.619e-01  
7.765e-01  1.909e-01  
1.646e-01  6.451e-01  
1.643e-01  6.796e-01  
1.347e-01  6.719e-01  
2.330e-01  5.768e-01  
5.260e-02  8.366e-01  
7.807e-01  1.668e-01  
7.807e-01  1.668e-01  
1.268e-02  1.043e+00  
2.975e-01  5.283e-01  
5.716e-01  2.760e-01  
5.990e-01  2.751e-01  
2.960e-01  5.415e-01  
5.267e-02  8.440e-01  
6.431e-02  8.052e-01  
5.489e-01  3.210e-01  
4.457e-02  8.845e-01  
5.783e-02  8.437e-01  
7.912e-01  1.877e-01  
1.361e-01  6.768e-01  
7.803e-01  2.052e-01  
7.795e-01  2.053e-01  
2.038e-01  6.224e-01  
8.044e-01  1.437e-01  
2.064e-01  5.807e-01  
1.973e-02  9.249e-01  
7.765e-01  1.673e-01  
7.776e-01  1.881e-01  
4.826e-02  8.719e-01  
6.137e-01  2.692e-01  
7.821e-01  1.740e-01  
8.514e-01  1.172e-01  
7.974e-01  1.536e-01  
9.728e-01  1.192e-01  
2.009e-01  5.939e-01  
8.583e-01  1.272e-01  
5.870e-01  2.749e-01  
6.025e-01  3.064e-01  
7.806e-01  1.837e-01  
1.973e-02  9.249e-01  
3.576e-01  4.630e-01  
7.765e-01  1.909e-01  
7.786e-01  1.541e-01  
6.133e-01  2.637e-01  
4.457e-02  8.845e-01  
2.357e-01  5.550e-01  
4.457e-02  8.845e-01  
1.711e-01  6.434e-01  
3.937e-01  5.063e-01  
2.827e-01  5.283e-01  
2.738e-01  5.155e-01  
6.759e-01  2.635e-01  
7.407e-02  7.812e-01  
2.134e-01  6.201e-01  
5.733e-01  3.199e-01  
4.457e-02  8.845e-01  
5.106e-02  8.537e-01  
2.016e-01  6.101e-01  
5.287e-01  3.515e-01  
5.792e-01  2.923e-01  
1.731e-01  6.539e-01  
1.746e-02  1.057e+00  
7.784e-01  1.659e-01  
9.322e-02  7.323e-01  
2.807e-02  9.502e-01  
1.440e-01  6.511e-01  
4.553e-01  3.568e-01  
3.961e-01  4.318e-01  
7.851e-02  7.681e-01  
5.986e-01  3.070e-01  
4.539e-01  3.844e-01  
3.253e-01  4.979e-01  
3.600e-01  4.754e-01  
2.000e-01  6.501e-01  
5.287e-01  3.515e-01  
3.386e-01  4.666e-01  
2.436e-02  9.066e-01  
3.033e-01  5.082e-01  
5.489e-01  3.210e-01  
4.111e-01  4.442e-01  
3.178e-01  4.747e-01  
4.162e-01  3.931e-01  
4.457e-02  8.845e-01  
2.867e-01  5.049e-01  
4.363e-01  4.210e-01  
3.600e-01  4.754e-01  
1.232e-01  6.921e-01  
1.922e-01  6.117e-01  
3.990e-01  4.408e-01  
6.044e-01  2.685e-01  
9.322e-02  7.323e-01  
3.836e-01  4.196e-01  
4.642e-01  3.649e-01  
4.610e-01  3.886e-01  
1.922e-01  6.117e-01  
4.295e-01  3.888e-01  
4.610e-01  3.886e-01  
4.875e-01  3.641e-01  
2.330e-01  5.768e-01  
7.810e-01  1.877e-01  
2.556e-01  5.906e-01  
8.875e-02  8.850e-01  
7.961e-01  1.733e-01  
5.762e-01  3.186e-01  
5.933e-01  3.029e-01  
9.598e-02  7.355e-01  
3.961e-01  4.318e-01  
3.600e-01  4.754e-01  
3.163e-01  4.778e-01  
1.309e-01  6.703e-01  
2.016e-01  6.101e-01  
3.041e-01  4.948e-01  
4.839e-01  3.741e-01  
7.807e-01  1.668e-01  
3.178e-01  4.747e-01  
1.761e-01  6.152e-01  
5.816e-01  2.876e-01  
2.091e-01  5.984e-01  
3.836e-01  4.196e-01  
4.539e-01  3.844e-01  
1.655e-01  6.365e-01  
7.749e-01  2.280e-01  
1.292e-01  7.901e-01  
4.848e-01  3.880e-01  
1.739e-01  7.407e-01  
3.576e-01  4.630e-01  
4.188e-01  3.912e-01  
1.423e-01  6.692e-01  
1.647e-01  6.329e-01  
7.821e-01  2.041e-01  
3.023e-01  5.161e-01  
3.041e-01  4.948e-01  
4.610e-01  3.886e-01  
2.606e-01  5.379e-01  
2.987e-01  5.414e-01  
3.253e-01  4.979e-01  
7.407e-02  7.812e-01  
3.770e-01  4.585e-01  
3.323e-01  4.893e-01  
5.106e-02  8.537e-01  
3.323e-01  4.893e-01  
2.847e-01  5.122e-01  
6.280e-01  2.569e-01  
4.539e-01  3.844e-01  
4.839e-01  3.741e-01  
5.560e-01  3.096e-01  
2.867e-01  5.049e-01  
2.800e-01  5.666e-01  
2.330e-01  5.768e-01  
4.346e-01  4.077e-01  
5.489e-01  3.210e-01  
4.767e-01  3.958e-01  
7.807e-01  1.668e-01  
1.922e-01  6.117e-01  
7.784e-01  1.659e-01  
8.013e-02  7.796e-01  
4.642e-01  3.649e-01  
4.272e-01  4.183e-01  
2.710e-01  5.360e-01  
3.836e-01  4.375e-01  
9.598e-02  7.355e-01  
3.253e-01  4.979e-01  
3.023e-01  5.161e-01  
3.942e-01  4.121e-01  
8.044e-01  1.437e-01  
5.870e-01  2.749e-01  
4.625e-01  3.605e-01  
1.243e-01  6.952e-01  
1.268e-02  1.043e+00  
2.442e-01  5.627e-01  
7.751e-01  2.066e-01  
3.253e-01  4.979e-01  
7.849e-01  1.970e-01  
1.793e-02  1.061e+00  
8.715e-01  1.204e-01  
4.240e-01  3.870e-01  
2.202e-01  6.042e-01  
5.813e-01  2.807e-01  
3.469e-02  9.153e-01  
7.751e-01  2.060e-01  
7.753e-01  2.426e-01  
5.267e-02  8.440e-01  
1.821e-01  6.573e-01  
3.250e-01  4.923e-01  
3.178e-01  4.747e-01  
7.847e-01  1.594e-01  
6.137e-01  2.692e-01  
9.322e-02  7.323e-01  
6.092e-01  2.730e-01  
5.743e-01  2.840e-01  
2.738e-01  5.155e-01  
3.275e-01  4.899e-01  
2.330e-01  5.768e-01  
3.253e-01  4.979e-01  
4.295e-01  3.888e-01  
1.647e-01  6.329e-01  
6.044e-01  2.685e-01  
1.761e-01  6.152e-01  
8.044e-01  1.437e-01  
2.606e-01  5.379e-01  
3.576e-01  4.630e-01  
3.239e-01  4.862e-01  
1.440e-01  6.511e-01  
1.565e-01  6.481e-01  
3.836e-01  4.375e-01  
4.893e-01  3.560e-01  
5.908e-01  2.797e-01  
3.133e-01  5.537e-01  
5.287e-01  3.515e-01  
5.776e-01  3.223e-01  
5.328e-02  8.502e-01  
6.052e-01  2.797e-01  
7.863e-01  1.686e-01  
1.304e-01  6.888e-01  
1.206e-01  7.014e-01  
2.330e-01  5.768e-01  
3.350e-01  4.805e-01  
1.647e-01  6.329e-01  
1.643e-01  6.796e-01  
2.606e-01  5.379e-01  
2.606e-01  5.379e-01  
4.295e-01  3.888e-01  
5.816e-01  2.876e-01  
5.328e-02  8.502e-01  
7.849e-01  1.970e-01  
3.386e-01  4.666e-01  
5.328e-02  8.502e-01  
9.322e-02  7.323e-01  
5.816e-01  2.876e-01  
1.922e-01  6.117e-01  
1.309e-01  6.703e-01  
2.357e-01  5.550e-01  
7.973e-01  1.450e-01  
7.765e-01  1.909e-01  
1.933e-01  6.008e-01  
8.177e-01  1.497e-01  
4.456e-01  3.795e-01  
1.821e-01  6.573e-01  
7.807e-01  1.668e-01  
1.647e-01  6.329e-01  
2.807e-02  9.502e-01  
8.715e-01  1.204e-01  
1.643e-01  6.796e-01  
1.039e-01  7.169e-01  
6.133e-01  2.637e-01  
7.912e-01  1.877e-01  
5.733e-01  3.199e-01  
7.765e-01  1.673e-01  
8.175e-01  1.483e-01  
1.647e-01  6.329e-01  
1.347e-01  6.719e-01  
6.128e-01  2.664e-01  
4.839e-01  3.741e-01  
8.091e-01  1.292e-01  
4.537e-01  4.035e-01  
5.986e-01  3.070e-01  
7.847e-01  2.300e-01  
8.148e-01  1.451e-01  
8.931e-01  1.284e-01  
5.328e-02  8.502e-01  
9.733e-02  7.267e-01  
6.448e-01  2.884e-01  
8.558e-02  7.495e-01  
7.795e-01  2.053e-01  
2.189e-01  5.781e-01  
5.267e-02  8.440e-01  
2.800e-01  5.666e-01  
9.629e-02  7.708e-01  
1.647e-01  6.329e-01  
2.807e-02  9.502e-01  
7.803e-01  2.052e-01  
7.912e-01  1.877e-01  
8.953e-01  1.222e-01  
7.643e-02  7.621e-01  
2.407e-02  9.529e-01  
7.847e-01  2.300e-01  
1.045e-01  9.044e-01  
7.974e-01  1.536e-01  
8.379e-01  1.360e-01  
7.974e-01  1.536e-01  
2.407e-02  9.529e-01  
8.931e-01  1.284e-01  
1.973e-02  9.249e-01  
8.931e-01  1.284e-01  
8.148e-01  1.451e-01  
9.598e-02  7.355e-01  
6.292e-01  2.641e-01  
9.745e-01  1.189e-01  
9.629e-02  7.708e-01  
8.400e-01  1.288e-01  
7.895e-01  1.544e-01  
6.738e-01  2.623e-01  
2.932e-02  9.237e-01  
7.863e-01  1.686e-01  
8.175e-01  1.483e-01  
7.912e-01  1.877e-01  
8.148e-01  1.451e-01  
2.710e-01  5.360e-01  
9.733e-02  7.267e-01  
7.999e-01  1.530e-01  
3.485e-02  8.795e-01  
1.292e-01  7.901e-01  
2.807e-02  9.502e-01  
5.870e-01  2.749e-01  
8.117e-01  1.383e-01  
9.322e-02  7.323e-01  
6.137e-01  2.692e-01  
8.715e-01  1.204e-01  
2.134e-01  6.201e-01  
2.202e-01  6.042e-01  
2.556e-01  5.906e-01  
4.537e-01  4.035e-01  
7.765e-01  1.909e-01  
2.269e-02  9.502e-01  
1.440e-01  6.511e-01  
7.912e-01  1.877e-01  
6.044e-01  2.685e-01  
7.643e-02  7.621e-01  
8.216e-01  1.370e-01  
4.346e-01  4.077e-01  
2.987e-01  5.414e-01  
9.728e-01  1.192e-01  
5.908e-01  2.797e-01  
6.137e-01  2.692e-01  
1.821e-01  6.573e-01  
2.134e-01  6.201e-01  
7.742e-02  7.548e-01  
3.485e-02  8.795e-01  
1.731e-01  6.539e-01  
2.000e-01  6.501e-01  
4.027e-01  4.220e-01  
4.456e-01  3.795e-01  
3.041e-01  4.948e-01  
7.810e-01  2.117e-01  
1.821e-01  6.573e-01  
4.240e-01  3.870e-01  
7.765e-01  1.673e-01  
9.598e-02  7.355e-01  
6.044e-01  2.685e-01  
1.899e-01  6.123e-01  
2.064e-01  5.807e-01  
8.011e-01  1.366e-01  
3.211e-01  4.907e-01  
1.423e-01  6.692e-01  
2.064e-01  5.807e-01  
2.357e-01  5.550e-01  
4.539e-01  3.844e-01  
1.415e-01  6.467e-01  
3.041e-01  4.948e-01  
8.715e-01  1.204e-01  
6.146e-01  2.622e-01  
2.134e-01  6.201e-01  
8.393e-01  1.212e-01  
9.733e-02  7.267e-01  
4.537e-01  3.853e-01  
2.987e-01  5.414e-01  
1.133e-01  6.907e-01  
5.121e-01  3.513e-01  
7.847e-01  1.594e-01  
8.044e-01  1.437e-01  
3.705e-01  4.588e-01  
5.267e-02  8.440e-01  
3.275e-01  4.899e-01  
2.189e-01  5.781e-01  
2.007e-02  1.009e+00  
9.322e-02  7.323e-01  
4.134e-01  4.009e-01  
5.792e-01  2.923e-01  
4.934e-01  3.921e-01  
2.007e-02  1.009e+00  
1.793e-02  1.061e+00  
3.937e-01  5.063e-01  
3.770e-01  4.585e-01  
5.707e-01  2.900e-01  
1.739e-01  7.407e-01  
3.386e-01  4.666e-01  
