1.974e-02  1.007e+00  
1.009e+00  6.826e-02  
4.042e-01  4.427e-01  
6.202e-01  2.614e-01  
1.936e-01  6.004e-01  
5.223e-01  3.597e-01  
8.507e-02  8.085e-01  
2.916e-01  5.117e-01  
9.036e-01  1.494e-01  
8.900e-01  1.287e-01  
2.229e-02  1.019e+00  
4.308e-01  4.274e-01  
6.131e-01  2.687e-01  
2.644e-01  5.567e-01  
2.770e-01  5.304e-01  
9.192e-01  2.049e-01  
1.794e-01  6.914e-01  
1.095e-01  7.459e-01  
5.841e-01  3.099e-01  
8.849e-01  1.768e-01  
2.594e-01  6.232e-01  
4.180e-01  4.239e-01  
3.571e-01  4.663e-01  
9.080e-01  9.026e-02  
4.878e-01  3.679e-01  
1.013e+00  8.959e-02  
2.125e-01  5.925e-01  
3.106e-02  8.904e-01  
3.179e-01  5.080e-01  
5.605e-02  8.247e-01  
6.589e-01  2.817e-01  
6.650e-01  2.620e-01  
1.720e-01  6.270e-01  
6.232e-01  2.557e-01  
8.966e-01  8.692e-02  
5.068e-02  9.103e-01  
2.251e-01  5.720e-01  
1.169e-01  7.745e-01  
1.667e-01  6.542e-01  
5.126e-01  3.493e-01  
3.290e-01  4.977e-01  
5.182e-01  3.864e-01  
2.967e-01  4.973e-01  
2.221e-01  5.633e-01  
1.075e-01  8.321e-01  
6.574e-01  2.591e-01  
4.473e-01  3.888e-01  
8.991e-01  1.069e-01  
4.473e-01  3.888e-01  
1.869e-01  5.943e-01  
3.752e-01  4.260e-01  
2.671e-01  5.399e-01  
1.770e-02  9.772e-01  
5.841e-01  3.099e-01  
6.741e-02  8.275e-01  
4.109e-01  4.210e-01  
5.566e-01  3.251e-01  
9.016e-01  1.056e-01  
1.095e-01  7.459e-01  
8.966e-01  1.594e-01  
8.849e-01  1.768e-01  
2.956e-01  5.418e-01  
8.760e-01  1.769e-01  
6.027e-01  2.557e-01  
2.019e-01  6.989e-01  
8.923e-01  2.187e-01  
5.546e-02  8.151e-01  
5.944e-01  2.778e-01  
4.109e-01  4.210e-01  
4.151e-01  4.021e-01  
6.210e-01  2.675e-01  
2.073e-01  6.309e-01  
5.632e-01  2.983e-01  
2.838e-01  5.106e-01  
3.915e-01  4.396e-01  
1.270e-01  7.255e-01  
8.507e-02  8.085e-01  
6.613e-01  2.539e-01  
5.346e-01  3.516e-01  
9.021e-01  9.500e-02  
5.232e-01  3.420e-01  
2.235e-01  5.695e-01  
4.380e-01  4.180e-01  
4.878e-01  3.679e-01  
3.377e-01  4.577e-01  
5.305e-01  4.019e-01  
1.252e-01  7.052e-01  
4.350e-02  8.343e-01  
2.661e-01  5.224e-01  
4.764e-01  3.670e-01  
2.032e-01  6.017e-01  
6.202e-01  2.614e-01  
9.551e-01  8.491e-02  
3.983e-02  9.182e-01  
8.948e-01  1.743e-01  
2.242e-01  5.570e-01  
3.715e-01  4.407e-01  
6.033e-01  2.584e-01  
2.151e-01  5.717e-01  
4.380e-01  4.180e-01  
5.595e-02  8.188e-01  
1.667e-01  6.542e-01  
4.419e-01  4.031e-01  
8.507e-02  8.085e-01  
5.877e-01  2.957e-01  
8.815e-01  1.588e-01  
2.686e-02  9.722e-01  
3.915e-01  4.396e-01  
5.944e-01  2.778e-01  
6.202e-01  2.614e-01  
3.290e-01  4.977e-01  
1.794e-01  6.914e-01  
2.235e-01  5.695e-01  
3.290e-01  4.977e-01  
2.012e-01  5.805e-01  
8.900e-01  1.287e-01  
1.095e-01  7.459e-01  
8.923e-01  2.187e-01  
7.341e-02  8.076e-01  
8.868e-01  1.503e-01  
9.791e-01  6.559e-02  
2.079e-01  6.234e-01  
9.671e-01  6.263e-02  
1.564e-01  6.774e-01  
6.650e-01  2.620e-01  
2.255e-02  9.547e-01  
8.962e-01  9.526e-02  
2.967e-01  4.973e-01  
9.671e-01  6.263e-02  
2.902e-01  5.179e-01  
8.886e-01  9.203e-02  
1.206e-01  7.639e-01  
1.291e-01  7.363e-01  
9.008e-02  7.428e-01  
8.962e-01  9.526e-02  
8.783e-01  1.607e-01  
9.671e-01  6.263e-02  
2.243e-01  6.120e-01  
9.192e-01  2.049e-01  
1.937e-01  6.242e-01  
2.229e-02  1.019e+00  
5.803e-01  2.725e-01  
6.384e-01  2.770e-01  
2.636e-01  5.384e-01  
3.057e-01  5.172e-01  
3.861e-01  4.306e-01  
2.079e-01  6.234e-01  
4.674e-01  3.797e-01  
5.605e-02  8.247e-01  
2.235e-01  5.695e-01  
2.636e-01  5.384e-01  
6.589e-01  2.817e-01  
2.770e-01  5.304e-01  
5.302e-01  3.957e-01  
1.864e-01  6.199e-01  
5.295e-01  3.305e-01  
1.794e-01  6.914e-01  
1.794e-01  6.914e-01  
4.249e-01  4.036e-01  
5.566e-01  3.251e-01  
6.196e-01  2.729e-01  
2.561e-01  5.616e-01  
5.346e-01  3.516e-01  
1.667e-01  6.542e-01  
3.568e-01  4.557e-01  
2.647e-01  5.365e-01  
3.656e-01  4.607e-01  
4.761e-01  3.714e-01  
1.009e+00  6.826e-02  
4.419e-01  4.031e-01  
3.752e-01  4.260e-01  
5.566e-01  3.251e-01  
2.372e-02  1.062e+00  
4.702e-01  4.005e-01  
4.673e-02  8.701e-01  
4.887e-01  3.598e-01  
9.008e-02  7.428e-01  
3.676e-01  4.340e-01  
8.507e-02  8.085e-01  
4.151e-01  4.021e-01  
6.397e-01  2.792e-01  
2.267e-01  5.717e-01  
4.042e-01  4.397e-01  
2.594e-01  6.232e-01  
8.876e-01  2.041e-01  
8.754e-01  2.103e-01  
2.125e-01  5.925e-01  
3.057e-01  5.172e-01  
4.419e-01  4.031e-01  
2.838e-01  5.106e-01  
4.042e-01  4.427e-01  
5.232e-01  3.420e-01  
4.042e-01  4.397e-01  
3.915e-01  4.396e-01  
9.098e-01  8.047e-02  
6.210e-01  2.675e-01  
2.594e-01  6.232e-01  
5.877e-01  2.957e-01  
2.878e-01  5.527e-01  
1.206e-01  7.639e-01  
5.223e-01  3.597e-01  
2.267e-01  5.717e-01  
4.308e-01  4.274e-01  
9.036e-01  1.494e-01  
2.527e-01  5.556e-01  
5.841e-01  3.099e-01  
4.583e-01  3.943e-01  
7.381e-02  8.035e-01  
8.783e-01  1.607e-01  
3.352e-02  8.561e-01  
8.900e-01  1.287e-01  
5.845e-01  3.016e-01  
4.878e-01  3.679e-01  
1.745e-01  6.333e-01  
4.109e-01  4.210e-01  
9.016e-01  1.056e-01  
7.025e-01  2.547e-01  
6.131e-01  2.687e-01  
6.210e-01  2.690e-01  
7.341e-02  8.076e-01  
2.073e-01  6.309e-01  
1.656e-01  6.623e-01  
1.125e-01  7.064e-01  
6.553e-01  2.708e-01  
9.033e-01  1.629e-01  
1.674e-01  6.693e-01  
1.564e-01  6.774e-01  
1.652e-01  6.810e-01  
2.671e-01  5.399e-01  
6.004e-02  8.179e-01  
8.849e-01  1.768e-01  
8.915e-01  1.232e-01  
1.974e-02  1.007e+00  
2.967e-01  4.973e-01  
6.384e-01  2.770e-01  
6.089e-01  2.614e-01  
3.124e-01  5.257e-01  
6.741e-02  8.275e-01  
7.341e-02  8.076e-01  
6.482e-01  3.398e-01  
2.255e-02  9.547e-01  
5.186e-02  8.046e-01  
8.903e-01  1.291e-01  
1.656e-01  6.623e-01  
8.849e-01  1.768e-01  
8.849e-01  1.768e-01  
2.043e-01  5.836e-01  
8.962e-01  9.526e-02  
2.235e-01  5.695e-01  
1.974e-02  1.007e+00  
8.966e-01  1.594e-01  
9.036e-01  1.494e-01  
4.506e-02  8.358e-01  
6.650e-01  2.620e-01  
9.052e-01  1.195e-01  
1.015e+00  6.579e-02  
9.196e-01  8.530e-02  
1.009e+00  6.826e-02  
2.151e-01  5.717e-01  
1.013e+00  8.959e-02  
6.589e-01  2.817e-01  
6.589e-01  2.817e-01  
8.879e-01  1.866e-01  
2.229e-02  1.019e+00  
4.042e-01  4.397e-01  
9.036e-01  1.494e-01  
8.815e-01  1.588e-01  
6.061e-01  2.574e-01  
3.205e-02  9.023e-01  
2.644e-01  5.567e-01  
6.240e-02  8.269e-01  
2.032e-01  6.017e-01  
3.996e-01  4.125e-01  
3.116e-01  5.114e-01  
2.838e-01  5.106e-01  
9.192e-01  2.049e-01  
1.075e-01  8.321e-01  
2.019e-01  6.989e-01  
6.120e-01  2.999e-01  
5.546e-02  8.151e-01  
7.381e-02  8.035e-01  
2.032e-01  6.017e-01  
5.803e-01  2.725e-01  
6.172e-01  2.798e-01  
2.043e-01  5.836e-01  
1.322e-02  9.372e-01  
9.036e-01  1.494e-01  
1.252e-01  7.052e-01  
8.507e-02  8.085e-01  
1.075e-01  8.321e-01  
5.167e-01  3.499e-01  
4.419e-01  3.847e-01  
9.008e-02  7.428e-01  
5.877e-01  2.957e-01  
5.955e-01  3.283e-01  
3.377e-01  4.577e-01  
3.656e-01  4.607e-01  
1.901e-01  6.307e-01  
5.803e-01  2.725e-01  
3.979e-01  4.481e-01  
2.595e-02  8.824e-01  
3.690e-01  4.905e-01  
6.033e-01  2.584e-01  
4.473e-01  3.888e-01  
4.042e-01  4.427e-01  
4.586e-01  3.958e-01  
2.229e-02  1.019e+00  
3.116e-01  5.114e-01  
4.761e-01  3.714e-01  
3.979e-01  4.481e-01  
1.095e-01  7.459e-01  
2.030e-01  5.828e-01  
4.180e-01  4.045e-01  
6.140e-01  2.682e-01  
1.215e-01  7.629e-01  
4.572e-01  4.283e-01  
4.878e-01  3.679e-01  
5.545e-01  3.079e-01  
2.079e-01  6.234e-01  
5.223e-01  3.597e-01  
5.195e-01  3.613e-01  
5.481e-01  3.620e-01  
2.498e-01  5.798e-01  
8.910e-01  1.744e-01  
2.644e-01  5.567e-01  
1.215e-01  7.629e-01  
9.196e-01  8.530e-02  
5.803e-01  2.725e-01  
6.210e-01  2.690e-01  
9.008e-02  7.428e-01  
4.109e-01  4.210e-01  
3.861e-01  4.306e-01  
4.042e-01  4.397e-01  
7.599e-02  7.788e-01  
2.043e-01  5.836e-01  
2.636e-01  5.384e-01  
5.481e-01  3.620e-01  
8.900e-01  1.287e-01  
3.659e-01  4.747e-01  
2.014e-01  5.900e-01  
5.835e-01  2.685e-01  
2.242e-01  5.570e-01  
4.361e-01  4.113e-01  
5.372e-01  3.374e-01  
1.794e-01  6.914e-01  
8.966e-01  1.594e-01  
1.339e-01  6.822e-01  
5.195e-01  3.613e-01  
1.656e-01  6.623e-01  
3.979e-01  4.481e-01  
4.419e-01  4.031e-01  
1.734e-01  6.386e-01  
1.936e-01  6.004e-01  
8.876e-01  2.041e-01  
3.385e-01  4.749e-01  
2.838e-01  5.106e-01  
6.077e-01  3.224e-01  
3.057e-01  5.172e-01  
3.057e-01  5.172e-01  
3.618e-01  4.635e-01  
7.341e-02  8.076e-01  
4.042e-01  4.397e-01  
3.752e-01  4.260e-01  
4.350e-02  8.343e-01  
4.039e-01  4.228e-01  
2.441e-01  5.611e-01  
6.232e-01  2.557e-01  
5.223e-01  3.597e-01  
5.346e-01  3.516e-01  
6.082e-01  2.789e-01  
3.116e-01  5.114e-01  
2.491e-01  5.277e-01  
2.770e-01  5.304e-01  
4.572e-01  4.283e-01  
6.202e-01  2.614e-01  
4.419e-01  4.031e-01  
8.923e-01  2.187e-01  
2.097e-01  6.269e-01  
8.991e-01  1.069e-01  
7.341e-02  8.076e-01  
5.501e-01  3.397e-01  
4.479e-01  3.795e-01  
2.770e-01  5.304e-01  
4.713e-01  3.851e-01  
8.507e-02  8.085e-01  
4.180e-01  4.045e-01  
3.116e-01  5.114e-01  
4.308e-01  4.274e-01  
8.915e-01  1.232e-01  
5.566e-01  3.251e-01  
4.899e-01  3.572e-01  
1.252e-01  7.052e-01  
1.770e-02  9.772e-01  
2.770e-01  5.304e-01  
9.036e-01  1.494e-01  
2.967e-01  4.973e-01  
9.173e-01  1.859e-01  
1.675e-02  1.025e+00  
9.196e-01  8.530e-02  
4.878e-01  3.679e-01  
2.242e-01  5.570e-01  
6.312e-01  2.801e-01  
4.350e-02  8.343e-01  
8.966e-01  1.594e-01  
8.783e-01  1.607e-01  
6.094e-02  7.941e-01  
2.770e-01  5.304e-01  
3.364e-01  4.675e-01  
3.979e-01  4.481e-01  
8.968e-01  1.377e-01  
9.192e-01  2.049e-01  
1.652e-01  6.810e-01  
6.232e-01  2.557e-01  
6.232e-01  2.557e-01  
2.956e-01  5.418e-01  
4.042e-01  4.397e-01  
2.498e-01  5.798e-01  
3.996e-01  4.125e-01  
5.302e-01  3.957e-01  
1.832e-01  6.448e-01  
6.650e-01  2.620e-01  
1.864e-01  6.199e-01  
9.036e-01  1.281e-01  
2.636e-01  5.384e-01  
5.302e-01  3.957e-01  
3.340e-01  4.909e-01  
1.616e-01  6.622e-01  
1.702e-01  6.257e-01  
4.473e-01  3.888e-01  
5.877e-01  2.957e-01  
6.210e-01  2.690e-01  
3.290e-01  4.977e-01  
5.955e-01  3.283e-01  
6.397e-01  2.792e-01  
5.546e-02  8.151e-01  
6.061e-01  2.574e-01  
8.968e-01  1.377e-01  
1.516e-01  6.727e-01  
1.090e-01  7.128e-01  
2.878e-01  5.527e-01  
3.116e-01  5.114e-01  
1.632e-01  6.316e-01  
1.794e-01  6.914e-01  
2.967e-01  4.973e-01  
2.498e-01  5.798e-01  
4.702e-01  4.005e-01  
6.574e-01  2.591e-01  
5.546e-02  8.151e-01  
8.811e-01  1.729e-01  
3.662e-01  4.397e-01  
6.004e-02  8.179e-01  
9.008e-02  7.428e-01  
6.089e-01  2.614e-01  
1.930e-01  6.022e-01  
1.519e-01  6.726e-01  
2.636e-01  5.384e-01  
9.052e-01  1.195e-01  
8.966e-01  1.594e-01  
2.235e-01  5.695e-01  
1.013e+00  8.959e-02  
4.524e-01  3.805e-01  
2.594e-01  6.232e-01  
8.815e-01  1.588e-01  
1.937e-01  6.242e-01  
3.106e-02  8.904e-01  
1.009e+00  6.826e-02  
1.864e-01  6.199e-01  
1.125e-01  7.064e-01  
6.589e-01  2.817e-01  
8.991e-01  1.069e-01  
6.082e-01  2.789e-01  
8.815e-01  1.588e-01  
9.080e-01  9.026e-02  
1.564e-01  6.774e-01  
1.252e-01  7.052e-01  
6.202e-01  2.614e-01  
5.955e-01  3.283e-01  
9.551e-01  8.491e-02  
5.232e-01  3.420e-01  
6.589e-01  2.817e-01  
9.173e-01  1.859e-01  
9.057e-01  1.003e-01  
9.791e-01  6.559e-02  
6.037e-02  8.284e-01  
1.524e-01  7.023e-01  
5.975e-01  2.547e-01  
7.381e-02  8.035e-01  
8.783e-01  1.607e-01  
2.310e-01  5.926e-01  
5.546e-02  8.151e-01  
3.064e-01  5.412e-01  
8.169e-02  7.407e-01  
1.656e-01  6.623e-01  
3.106e-02  8.904e-01  
8.901e-01  1.569e-01  
9.052e-01  1.195e-01  
8.987e-01  7.466e-02  
5.375e-02  8.329e-01  
2.372e-02  1.062e+00  
8.811e-01  1.729e-01  
8.436e-02  8.035e-01  
8.900e-01  1.287e-01  
9.098e-01  8.047e-02  
8.998e-01  1.049e-01  
3.183e-02  8.775e-01  
9.196e-01  8.530e-02  
1.830e-02  9.222e-01  
1.013e+00  8.959e-02  
9.096e-01  1.154e-01  
7.599e-02  7.788e-01  
8.876e-01  2.041e-01  
9.791e-01  6.559e-02  
1.169e-01  7.745e-01  
1.013e+00  8.959e-02  
8.886e-01  9.203e-02  
9.192e-01  2.049e-01  
2.595e-02  8.824e-01  
8.966e-01  1.594e-01  
9.052e-01  1.195e-01  
9.791e-01  6.559e-02  
9.031e-01  8.127e-02  
2.873e-01  5.139e-01  
1.125e-01  7.064e-01  
9.018e-01  1.045e-01  
4.350e-02  8.343e-01  
1.169e-01  7.745e-01  
5.375e-02  8.329e-01  
6.553e-01  2.708e-01  
9.013e-01  1.577e-01  
9.993e-02  7.393e-01  
6.283e-01  2.552e-01  
9.671e-01  6.263e-02  
2.043e-01  5.836e-01  
2.079e-01  6.234e-01  
2.647e-01  5.365e-01  
5.182e-01  3.864e-01  
8.868e-01  1.503e-01  
2.255e-02  9.547e-01  
1.937e-01  6.242e-01  
8.915e-01  1.232e-01  
9.173e-01  1.859e-01  
7.341e-02  8.076e-01  
1.013e+00  8.959e-02  
4.878e-01  3.679e-01  
2.878e-01  5.527e-01  
1.009e+00  6.826e-02  
6.027e-01  2.557e-01  
6.202e-01  2.614e-01  
2.883e-01  5.325e-01  
2.125e-01  5.925e-01  
8.436e-02  8.035e-01  
3.106e-02  8.904e-01  
1.937e-01  6.242e-01  
1.095e-01  7.459e-01  
4.151e-01  4.021e-01  
4.761e-01  3.714e-01  
3.186e-01  5.236e-01  
8.784e-01  1.932e-01  
3.116e-01  5.114e-01  
5.232e-01  3.420e-01  
8.966e-01  1.594e-01  
8.436e-02  8.035e-01  
6.574e-01  2.591e-01  
2.544e-01  5.456e-01  
2.582e-01  5.436e-01  
9.031e-01  8.127e-02  
3.364e-01  4.675e-01  
1.252e-01  7.052e-01  
2.644e-01  5.567e-01  
2.647e-01  5.365e-01  
5.396e-01  3.244e-01  
1.516e-01  6.623e-01  
3.352e-01  4.725e-01  
1.009e+00  6.826e-02  
6.232e-01  2.557e-01  
2.235e-01  5.695e-01  
9.312e-01  6.931e-02  
1.291e-01  7.363e-01  
5.232e-01  3.420e-01  
3.752e-01  4.260e-01  
9.008e-02  7.428e-01  
5.841e-01  3.099e-01  
8.966e-01  8.809e-02  
8.958e-01  9.057e-02  
3.827e-01  4.337e-01  
7.272e-02  8.220e-01  
4.180e-01  4.239e-01  
2.242e-01  5.570e-01  
1.974e-02  1.007e+00  
1.125e-01  7.064e-01  
4.572e-01  4.283e-01  
6.232e-01  2.557e-01  
5.223e-01  3.597e-01  
1.974e-02  1.007e+00  
1.974e-02  1.007e+00  
4.180e-01  4.239e-01  
4.186e-01  4.132e-01  
6.397e-01  2.792e-01  
7.599e-02  7.788e-01  
3.979e-01  4.481e-01  
