2.238e-02  1.065e+00  
1.085e+00  1.944e-02  
4.034e-01  4.113e-01  
7.328e-01  1.861e-01  
2.040e-01  6.207e-01  
4.847e-01  3.379e-01  
1.008e-01  7.782e-01  
3.066e-01  5.149e-01  
9.218e-01  1.330e-01  
1.016e+00  7.290e-02  
6.464e-02  8.884e-01  
5.010e-01  3.415e-01  
6.387e-01  3.196e-01  
2.470e-01  5.484e-01  
3.533e-01  4.676e-01  
7.305e-01  1.749e-01  
1.374e-01  7.074e-01  
1.197e-01  7.313e-01  
6.029e-01  2.653e-01  
7.378e-01  1.613e-01  
2.790e-01  5.420e-01  
4.179e-01  3.937e-01  
3.847e-01  4.105e-01  
9.346e-01  9.127e-02  
4.629e-01  3.437e-01  
1.077e+00  3.659e-02  
2.622e-01  5.737e-01  
3.189e-02  9.349e-01  
3.322e-01  4.781e-01  
8.505e-02  7.515e-01  
6.623e-01  2.178e-01  
6.585e-01  2.119e-01  
2.120e-01  6.568e-01  
7.339e-01  1.824e-01  
9.896e-01  5.789e-02  
3.513e-02  9.652e-01  
2.712e-01  5.231e-01  
1.253e-01  6.995e-01  
9.482e-02  7.428e-01  
4.818e-01  3.499e-01  
3.559e-01  4.620e-01  
4.820e-01  3.534e-01  
3.190e-01  5.317e-01  
2.375e-01  5.726e-01  
1.305e-01  7.166e-01  
6.618e-01  2.367e-01  
4.736e-01  3.651e-01  
9.496e-01  8.983e-02  
4.618e-01  3.634e-01  
2.040e-01  6.207e-01  
4.179e-01  4.302e-01  
3.066e-01  5.149e-01  
3.513e-02  9.652e-01  
6.490e-01  2.895e-01  
6.440e-02  8.244e-01  
4.012e-01  4.024e-01  
6.131e-01  2.557e-01  
1.056e+00  2.447e-02  
1.906e-01  6.030e-01  
9.226e-01  1.098e-01  
9.100e-01  1.584e-01  
3.401e-01  4.966e-01  
7.289e-01  1.811e-01  
7.321e-01  1.651e-01  
1.469e-01  6.720e-01  
7.339e-01  1.824e-01  
8.505e-02  7.515e-01  
6.623e-01  2.178e-01  
4.179e-01  4.302e-01  
4.451e-01  3.724e-01  
7.289e-01  1.811e-01  
1.713e-01  6.320e-01  
5.992e-01  2.690e-01  
3.012e-01  4.991e-01  
4.179e-01  4.302e-01  
1.374e-01  7.074e-01  
1.197e-01  7.313e-01  
7.389e-01  1.841e-01  
4.854e-01  3.382e-01  
9.708e-01  6.434e-02  
5.010e-01  3.415e-01  
2.712e-01  5.231e-01  
3.699e-01  4.131e-01  
4.834e-01  3.393e-01  
3.559e-01  4.620e-01  
4.689e-01  3.351e-01  
1.197e-01  7.313e-01  
5.718e-02  9.084e-01  
3.401e-01  4.966e-01  
4.767e-01  3.478e-01  
2.375e-01  5.726e-01  
6.682e-01  2.112e-01  
1.072e+00  4.021e-02  
5.797e-02  8.955e-01  
9.218e-01  1.330e-01  
2.330e-01  5.646e-01  
3.872e-01  4.115e-01  
6.080e-01  2.860e-01  
2.646e-01  5.436e-01  
4.587e-01  3.654e-01  
6.464e-02  8.884e-01  
1.230e-01  6.888e-01  
4.689e-01  3.351e-01  
9.677e-02  7.305e-01  
6.030e-01  2.835e-01  
7.394e-01  1.616e-01  
3.117e-02  1.002e+00  
4.034e-01  4.113e-01  
5.866e-01  2.654e-01  
7.283e-01  2.079e-01  
3.415e-01  4.690e-01  
1.713e-01  6.320e-01  
2.693e-01  5.752e-01  
3.332e-01  4.696e-01  
2.330e-01  5.646e-01  
9.226e-01  1.098e-01  
1.470e-01  6.724e-01  
7.357e-01  1.620e-01  
6.464e-02  8.884e-01  
9.259e-01  1.169e-01  
1.039e+00  2.837e-02  
2.381e-01  6.081e-01  
9.775e-01  8.604e-02  
1.948e-01  6.035e-01  
6.698e-01  2.097e-01  
2.958e-02  1.116e+00  
9.365e-01  9.443e-02  
2.973e-01  4.824e-01  
1.054e+00  2.588e-02  
3.185e-01  4.898e-01  
9.775e-01  8.604e-02  
1.253e-01  6.995e-01  
1.253e-01  6.995e-01  
9.752e-02  7.504e-01  
1.022e+00  2.758e-02  
9.110e-01  1.280e-01  
1.077e+00  3.659e-02  
2.381e-01  6.081e-01  
7.300e-01  1.752e-01  
1.713e-01  6.320e-01  
5.797e-02  8.955e-01  
5.940e-01  2.638e-01  
6.445e-01  2.273e-01  
2.712e-01  5.231e-01  
3.559e-01  4.620e-01  
3.699e-01  4.131e-01  
2.027e-01  6.184e-01  
4.847e-01  3.379e-01  
1.217e-01  7.375e-01  
2.230e-01  5.735e-01  
2.855e-01  5.206e-01  
7.362e-01  1.642e-01  
3.126e-01  5.301e-01  
4.451e-01  3.724e-01  
2.030e-01  6.419e-01  
4.935e-01  3.475e-01  
1.590e-01  6.772e-01  
2.381e-01  6.081e-01  
4.451e-01  3.724e-01  
6.041e-01  2.691e-01  
5.866e-01  2.654e-01  
2.627e-01  5.394e-01  
4.924e-01  3.365e-01  
1.828e-01  6.988e-01  
3.559e-01  4.620e-01  
3.041e-01  4.773e-01  
3.322e-01  4.781e-01  
4.762e-01  3.344e-01  
1.024e+00  4.672e-02  
5.010e-01  3.415e-01  
4.012e-01  4.024e-01  
6.177e-01  2.950e-01  
2.234e-02  9.589e-01  
4.745e-01  3.596e-01  
3.189e-02  9.349e-01  
4.820e-01  3.534e-01  
8.836e-02  7.485e-01  
3.699e-01  4.131e-01  
1.017e-01  7.418e-01  
4.575e-01  3.486e-01  
6.624e-01  2.182e-01  
2.455e-01  5.502e-01  
3.834e-01  4.066e-01  
3.332e-01  4.696e-01  
7.426e-01  1.599e-01  
7.351e-01  1.653e-01  
2.091e-01  5.997e-01  
3.739e-01  4.658e-01  
4.710e-01  3.478e-01  
3.185e-01  4.898e-01  
4.413e-01  3.653e-01  
4.818e-01  3.499e-01  
4.034e-01  3.961e-01  
3.847e-01  4.105e-01  
9.708e-01  6.434e-02  
6.482e-01  2.138e-01  
3.488e-01  4.777e-01  
6.482e-01  2.138e-01  
3.170e-01  4.718e-01  
1.017e-01  7.418e-01  
4.689e-01  3.351e-01  
2.378e-01  5.561e-01  
4.225e-01  3.781e-01  
9.365e-01  9.443e-02  
2.646e-01  5.436e-01  
6.072e-01  2.732e-01  
4.549e-01  3.589e-01  
7.491e-02  7.834e-01  
7.362e-01  1.642e-01  
3.540e-02  1.029e+00  
9.775e-01  8.604e-02  
6.387e-01  3.196e-01  
6.041e-01  2.691e-01  
1.510e-01  6.638e-01  
4.008e-01  4.016e-01  
1.172e+00  4.660e-02  
7.357e-01  1.620e-01  
6.872e-01  2.527e-01  
6.698e-01  2.097e-01  
6.440e-02  8.244e-01  
2.040e-01  6.207e-01  
1.469e-01  6.720e-01  
1.253e-01  6.995e-01  
6.739e-01  2.278e-01  
1.022e+00  3.242e-02  
2.456e-01  6.176e-01  
1.590e-01  6.772e-01  
1.442e-01  6.853e-01  
2.702e-01  5.667e-01  
8.343e-02  7.910e-01  
7.378e-01  1.613e-01  
9.376e-01  1.266e-01  
2.088e-02  1.059e+00  
3.332e-01  4.696e-01  
6.739e-01  2.278e-01  
7.289e-01  1.811e-01  
3.185e-01  4.898e-01  
6.440e-02  8.244e-01  
9.677e-02  7.305e-01  
6.033e-01  2.775e-01  
1.606e-02  9.876e-01  
6.924e-02  8.222e-01  
9.416e-01  1.030e-01  
1.753e-01  6.338e-01  
9.135e-01  1.484e-01  
7.394e-01  1.616e-01  
2.230e-01  5.735e-01  
9.472e-01  7.741e-02  
2.470e-01  5.484e-01  
2.981e-02  8.930e-01  
7.394e-01  1.616e-01  
9.064e-01  1.228e-01  
5.797e-02  8.955e-01  
6.482e-01  2.138e-01  
9.346e-01  9.127e-02  
1.060e+00  1.810e-02  
1.027e+00  4.612e-02  
1.038e+00  3.406e-02  
2.622e-01  5.737e-01  
1.040e+00  4.104e-02  
7.283e-01  2.079e-01  
7.289e-01  1.811e-01  
7.374e-01  1.613e-01  
2.238e-02  1.065e+00  
4.340e-01  4.029e-01  
9.226e-01  1.098e-01  
9.454e-01  9.287e-02  
7.389e-01  1.841e-01  
5.718e-02  9.084e-01  
2.622e-01  5.737e-01  
6.440e-02  8.244e-01  
1.996e-01  6.035e-01  
4.618e-01  3.634e-01  
3.401e-01  4.966e-01  
3.170e-01  4.718e-01  
7.362e-01  1.642e-01  
8.836e-02  7.485e-01  
2.165e-01  6.629e-01  
5.992e-01  2.690e-01  
8.226e-02  8.117e-01  
8.535e-02  7.537e-01  
2.230e-01  5.735e-01  
6.113e-01  2.757e-01  
5.992e-01  2.690e-01  
2.081e-01  5.918e-01  
5.797e-02  8.955e-01  
9.813e-01  6.685e-02  
1.017e-01  7.418e-01  
4.988e-02  8.528e-01  
1.028e-01  7.185e-01  
4.692e-01  3.499e-01  
4.611e-01  3.636e-01  
1.008e-01  7.782e-01  
5.890e-01  2.653e-01  
6.041e-01  2.691e-01  
3.772e-01  4.182e-01  
4.179e-01  4.302e-01  
2.375e-01  5.726e-01  
5.992e-01  2.690e-01  
3.834e-01  4.066e-01  
2.238e-02  1.065e+00  
3.415e-01  4.690e-01  
5.866e-01  2.654e-01  
4.595e-01  3.534e-01  
4.034e-01  4.113e-01  
4.618e-01  3.634e-01  
2.234e-02  9.589e-01  
3.456e-01  4.567e-01  
4.818e-01  3.499e-01  
3.847e-01  4.105e-01  
1.230e-01  6.888e-01  
2.330e-01  5.646e-01  
4.451e-01  3.724e-01  
7.292e-01  1.782e-01  
9.301e-02  7.352e-01  
4.179e-01  4.302e-01  
4.840e-01  3.436e-01  
6.623e-01  2.178e-01  
2.484e-01  5.630e-01  
4.623e-01  3.394e-01  
4.943e-01  3.390e-01  
6.041e-01  2.691e-01  
2.646e-01  5.436e-01  
9.226e-01  1.098e-01  
2.462e-01  5.607e-01  
1.253e-01  6.995e-01  
9.346e-01  9.127e-02  
6.011e-01  2.585e-01  
5.866e-01  2.654e-01  
1.197e-01  7.313e-01  
4.618e-01  3.634e-01  
3.772e-01  4.188e-01  
4.001e-01  4.261e-01  
1.305e-01  7.166e-01  
2.330e-01  5.646e-01  
3.332e-01  4.696e-01  
5.010e-01  3.415e-01  
9.346e-01  9.127e-02  
3.772e-01  4.182e-01  
2.204e-01  5.821e-01  
6.145e-01  2.409e-01  
2.622e-01  5.737e-01  
4.618e-01  3.634e-01  
5.945e-01  2.691e-01  
2.230e-01  5.735e-01  
7.394e-01  1.616e-01  
1.466e-01  6.724e-01  
4.854e-01  3.382e-01  
1.753e-01  6.338e-01  
4.153e-01  4.176e-01  
4.667e-01  3.583e-01  
1.753e-01  6.338e-01  
2.622e-01  5.737e-01  
7.394e-01  1.616e-01  
3.401e-01  4.966e-01  
3.401e-01  4.966e-01  
6.072e-01  2.732e-01  
3.401e-01  4.966e-01  
3.634e-01  5.421e-01  
3.699e-01  4.131e-01  
8.835e-02  7.808e-01  
4.012e-01  4.024e-01  
4.001e-01  4.261e-01  
3.796e-02  1.009e+00  
3.624e-01  4.496e-01  
2.702e-01  5.667e-01  
7.389e-01  1.841e-01  
4.847e-01  3.379e-01  
4.818e-01  3.499e-01  
6.624e-01  2.182e-01  
3.262e-01  4.745e-01  
2.835e-01  5.737e-01  
2.470e-01  5.484e-01  
4.629e-01  3.437e-01  
6.170e-01  2.568e-01  
5.010e-01  3.415e-01  
7.292e-01  1.778e-01  
2.375e-01  5.726e-01  
9.693e-01  8.641e-02  
8.300e-02  7.611e-01  
4.935e-01  3.475e-01  
4.575e-01  3.486e-01  
3.099e-01  4.894e-01  
4.818e-01  3.499e-01  
1.006e-01  7.278e-01  
4.034e-01  4.113e-01  
3.170e-01  4.718e-01  
4.689e-01  3.351e-01  
9.281e-01  9.009e-02  
6.585e-01  2.119e-01  
4.935e-01  3.475e-01  
8.505e-02  7.515e-01  
2.958e-02  1.116e+00  
3.099e-01  4.894e-01  
7.394e-01  1.616e-01  
3.624e-01  4.496e-01  
7.380e-01  1.613e-01  
2.234e-02  9.589e-01  
1.054e+00  2.588e-02  
4.642e-01  3.377e-01  
2.470e-01  5.484e-01  
6.698e-01  2.097e-01  
4.351e-02  9.258e-01  
9.171e-01  1.306e-01  
7.357e-01  1.620e-01  
6.440e-02  8.244e-01  
2.601e-01  5.669e-01  
3.772e-01  4.182e-01  
3.872e-01  4.115e-01  
9.346e-01  9.127e-02  
7.305e-01  1.749e-01  
1.553e-01  6.729e-01  
7.303e-01  1.646e-01  
6.482e-01  2.138e-01  
3.264e-01  5.317e-01  
4.368e-01  3.932e-01  
2.835e-01  5.737e-01  
3.872e-01  4.115e-01  
4.623e-01  3.394e-01  
1.935e-01  6.036e-01  
6.585e-01  2.119e-01  
1.753e-01  6.338e-01  
9.277e-01  9.166e-02  
3.120e-01  5.746e-01  
3.847e-01  4.105e-01  
3.559e-01  4.620e-01  
1.753e-01  6.338e-01  
1.713e-01  6.320e-01  
4.667e-01  3.583e-01  
6.159e-01  2.686e-01  
6.739e-01  2.278e-01  
3.118e-01  5.082e-01  
5.992e-01  2.690e-01  
5.866e-01  2.654e-01  
6.166e-02  8.786e-01  
6.445e-01  2.273e-01  
9.226e-01  1.098e-01  
1.713e-01  6.320e-01  
1.470e-01  6.724e-01  
3.041e-01  4.773e-01  
4.179e-01  4.302e-01  
2.030e-01  6.419e-01  
1.197e-01  7.313e-01  
3.446e-01  5.428e-01  
2.484e-01  5.630e-01  
4.435e-01  3.642e-01  
6.585e-01  2.119e-01  
6.464e-02  8.884e-01  
7.357e-01  1.620e-01  
4.034e-01  4.113e-01  
7.491e-02  7.834e-01  
1.216e-01  7.517e-01  
7.389e-01  1.841e-01  
2.330e-01  5.646e-01  
1.442e-01  6.853e-01  
2.484e-01  5.630e-01  
1.002e+00  4.884e-02  
9.365e-01  9.443e-02  
2.484e-01  5.630e-01  
1.077e+00  3.659e-02  
4.935e-01  3.475e-01  
2.470e-01  5.484e-01  
9.246e-01  1.242e-01  
1.813e-01  6.382e-01  
3.796e-02  1.009e+00  
1.054e+00  2.588e-02  
1.753e-01  6.338e-01  
1.305e-01  7.166e-01  
7.389e-01  1.841e-01  
9.429e-01  6.058e-02  
6.623e-01  2.178e-01  
9.365e-01  9.443e-02  
1.042e+00  4.884e-02  
1.713e-01  6.320e-01  
1.590e-01  6.772e-01  
6.623e-01  2.178e-01  
6.041e-01  2.691e-01  
1.072e+00  4.021e-02  
4.840e-01  3.436e-01  
6.585e-01  2.119e-01  
7.357e-01  1.620e-01  
1.038e+00  3.406e-02  
1.135e+00  2.895e-02  
5.073e-02  8.643e-01  
1.105e-01  7.343e-01  
7.289e-01  1.811e-01  
1.008e-01  7.782e-01  
9.135e-01  1.484e-01  
2.622e-01  5.737e-01  
6.440e-02  8.244e-01  
3.008e-01  5.010e-01  
1.006e-01  7.278e-01  
1.986e-01  6.508e-01  
3.534e-02  1.027e+00  
9.218e-01  1.330e-01  
9.545e-01  7.126e-02  
1.038e+00  3.406e-02  
8.343e-02  7.910e-01  
5.718e-02  9.084e-01  
9.100e-01  1.584e-01  
8.505e-02  7.515e-01  
9.775e-01  8.604e-02  
9.957e-01  3.716e-02  
9.472e-01  7.741e-02  
3.540e-02  1.029e+00  
1.172e+00  4.660e-02  
2.958e-02  1.116e+00  
1.038e+00  3.406e-02  
9.708e-01  6.434e-02  
1.042e-01  7.412e-01  
7.292e-01  1.778e-01  
1.077e+00  3.659e-02  
1.143e-01  7.450e-01  
1.038e+00  3.406e-02  
9.949e-01  7.670e-02  
7.339e-01  1.824e-01  
3.513e-02  9.652e-01  
9.376e-01  1.266e-01  
9.277e-01  9.166e-02  
1.135e+00  2.895e-02  
9.960e-01  4.966e-02  
3.118e-01  5.082e-01  
9.301e-02  7.352e-01  
9.896e-01  5.789e-02  
4.479e-02  9.560e-01  
9.301e-02  7.352e-01  
3.796e-02  1.009e+00  
6.739e-01  2.278e-01  
9.135e-01  1.484e-01  
9.095e-02  8.339e-01  
7.329e-01  1.713e-01  
1.074e+00  2.010e-02  
2.378e-01  5.561e-01  
2.462e-01  5.607e-01  
3.264e-01  5.317e-01  
4.575e-01  3.486e-01  
9.226e-01  1.098e-01  
3.189e-02  9.349e-01  
1.948e-01  6.035e-01  
9.281e-01  9.009e-02  
7.339e-01  1.824e-01  
8.505e-02  7.515e-01  
1.072e+00  4.021e-02  
4.762e-01  3.344e-01  
3.559e-01  4.620e-01  
1.085e+00  1.944e-02  
6.698e-01  2.097e-01  
7.389e-01  1.841e-01  
3.066e-01  5.149e-01  
2.330e-01  5.646e-01  
8.300e-02  7.611e-01  
3.796e-02  1.009e+00  
2.089e-01  6.573e-01  
2.065e-01  5.966e-01  
4.618e-01  3.634e-01  
4.935e-01  3.475e-01  
3.559e-01  4.620e-01  
7.374e-01  1.613e-01  
3.185e-01  4.898e-01  
4.642e-01  3.377e-01  
9.365e-01  9.443e-02  
9.876e-02  7.335e-01  
6.698e-01  2.097e-01  
3.120e-01  5.746e-01  
2.702e-01  5.667e-01  
1.024e+00  4.672e-02  
3.475e-01  4.510e-01  
1.470e-01  6.724e-01  
2.702e-01  5.667e-01  
3.126e-01  5.301e-01  
6.030e-01  2.835e-01  
1.590e-01  6.772e-01  
3.559e-01  4.620e-01  
1.077e+00  3.659e-02  
7.300e-01  1.752e-01  
2.693e-01  5.752e-01  
1.022e+00  3.242e-02  
1.197e-01  7.313e-01  
5.010e-01  3.415e-01  
3.772e-01  4.182e-01  
9.301e-02  7.352e-01  
5.806e-01  2.619e-01  
9.775e-01  8.604e-02  
1.007e+00  5.253e-02  
4.034e-01  4.113e-01  
8.119e-02  7.955e-01  
4.018e-01  3.962e-01  
2.646e-01  5.436e-01  
3.534e-02  1.027e+00  
8.729e-02  7.613e-01  
4.820e-01  3.534e-01  
6.482e-01  2.138e-01  
4.935e-01  3.475e-01  
1.558e-02  9.772e-01  
1.714e-02  1.012e+00  
4.413e-01  3.653e-01  
4.341e-01  3.912e-01  
6.585e-01  2.119e-01  
1.550e-01  6.855e-01  
4.201e-01  4.262e-01  
