6.099e-02  1.052e+00  
1.049e+00  5.277e-02  
6.722e-01  6.639e-01  
9.780e-01  2.719e-01  
2.315e-01  1.015e+00  
8.230e-01  4.507e-01  
1.877e-01  1.021e+00  
4.955e-01  8.454e-01  
9.889e-01  1.657e-01  
1.047e+00  5.501e-02  
5.782e-02  1.042e+00  
8.065e-01  5.942e-01  
8.393e-01  4.049e-01  
4.147e-01  9.368e-01  
5.889e-01  7.899e-01  
1.000e+00  1.640e-01  
2.421e-01  1.015e+00  
2.377e-01  1.018e+00  
8.345e-01  4.160e-01  
9.841e-01  1.906e-01  
4.827e-01  8.627e-01  
7.052e-01  6.213e-01  
6.543e-01  6.821e-01  
1.030e+00  1.307e-01  
8.099e-01  5.323e-01  
1.050e+00  6.525e-02  
3.682e-01  9.320e-01  
6.573e-02  1.041e+00  
5.488e-01  8.033e-01  
5.860e-02  1.044e+00  
8.599e-01  3.708e-01  
9.791e-01  2.278e-01  
2.131e-01  1.011e+00  
9.780e-01  2.719e-01  
1.038e+00  5.718e-02  
6.080e-02  1.052e+00  
4.806e-01  9.168e-01  
2.281e-01  1.015e+00  
6.570e-02  1.046e+00  
8.189e-01  4.556e-01  
6.545e-01  7.247e-01  
8.125e-01  4.788e-01  
5.356e-01  8.082e-01  
1.516e-01  1.050e+00  
2.229e-01  1.013e+00  
8.680e-01  3.629e-01  
8.065e-01  5.942e-01  
1.051e+00  6.565e-02  
7.314e-01  6.040e-01  
2.333e-01  1.019e+00  
6.617e-01  6.690e-01  
5.111e-01  8.217e-01  
6.099e-02  1.052e+00  
8.345e-01  4.160e-01  
6.573e-02  1.041e+00  
6.823e-01  6.384e-01  
8.611e-01  3.746e-01  
1.064e+00  5.149e-02  
2.521e-01  1.019e+00  
1.016e+00  1.336e-01  
1.007e+00  1.377e-01  
5.953e-01  7.927e-01  
9.783e-01  2.118e-01  
9.773e-01  2.656e-01  
2.572e-01  1.016e+00  
9.827e-01  2.273e-01  
6.075e-02  1.045e+00  
1.044e+00  5.355e-02  
6.969e-01  6.244e-01  
7.467e-01  5.959e-01  
9.780e-01  2.619e-01  
2.377e-01  1.018e+00  
8.274e-01  4.329e-01  
4.967e-01  8.295e-01  
6.603e-01  6.590e-01  
1.846e-01  1.028e+00  
1.225e-01  1.086e+00  
9.827e-01  2.273e-01  
8.139e-01  4.853e-01  
1.025e+00  8.735e-02  
8.189e-01  4.556e-01  
4.777e-01  8.987e-01  
6.610e-01  6.703e-01  
8.155e-01  4.566e-01  
5.835e-01  7.878e-01  
8.147e-01  4.777e-01  
2.131e-01  1.011e+00  
6.493e-02  1.041e+00  
5.458e-01  7.944e-01  
8.099e-01  5.096e-01  
3.710e-01  9.342e-01  
8.990e-01  3.561e-01  
1.038e+00  5.718e-02  
6.573e-02  1.041e+00  
9.906e-01  1.632e-01  
4.147e-01  9.368e-01  
6.542e-01  6.878e-01  
8.632e-01  3.745e-01  
3.760e-01  9.341e-01  
7.385e-01  5.965e-01  
6.004e-02  1.045e+00  
2.445e-01  1.019e+00  
7.768e-01  5.907e-01  
6.492e-02  1.047e+00  
8.510e-01  3.852e-01  
9.858e-01  1.906e-01  
6.254e-02  1.041e+00  
6.683e-01  6.442e-01  
8.393e-01  4.049e-01  
1.044e+00  5.355e-02  
5.835e-01  7.878e-01  
3.201e-01  1.009e+00  
4.891e-01  8.594e-01  
5.623e-01  7.928e-01  
3.760e-01  9.341e-01  
1.016e+00  1.336e-01  
2.405e-01  1.015e+00  
1.000e+00  1.640e-01  
5.990e-02  1.050e+00  
1.030e+00  1.307e-01  
1.055e+00  4.635e-02  
3.325e-01  9.539e-01  
1.036e+00  1.085e-01  
2.155e-01  1.013e+00  
9.827e-01  2.273e-01  
5.735e-02  1.042e+00  
1.006e+00  1.210e-01  
5.236e-01  8.064e-01  
1.069e+00  4.615e-02  
5.356e-01  8.082e-01  
1.016e+00  1.336e-01  
1.862e-01  1.015e+00  
2.141e-01  1.015e+00  
6.278e-02  1.044e+00  
1.056e+00  5.410e-02  
9.864e-01  1.731e-01  
1.055e+00  4.635e-02  
3.803e-01  9.346e-01  
9.827e-01  2.273e-01  
2.018e-01  1.011e+00  
6.474e-02  1.045e+00  
8.345e-01  4.160e-01  
8.994e-01  3.535e-01  
4.992e-01  8.462e-01  
5.953e-01  7.927e-01  
6.633e-01  6.631e-01  
2.333e-01  1.019e+00  
8.319e-01  4.329e-01  
1.871e-01  1.015e+00  
4.326e-01  9.438e-01  
5.623e-01  7.928e-01  
9.923e-01  1.573e-01  
4.955e-01  8.454e-01  
7.021e-01  6.153e-01  
2.572e-01  1.016e+00  
8.247e-01  4.370e-01  
2.495e-01  1.015e+00  
3.890e-01  9.330e-01  
7.052e-01  6.213e-01  
8.258e-01  4.603e-01  
8.599e-01  3.708e-01  
4.955e-01  8.454e-01  
8.163e-01  4.695e-01  
2.177e-01  1.011e+00  
6.543e-01  7.202e-01  
5.350e-01  7.998e-01  
5.953e-01  7.927e-01  
8.099e-01  5.096e-01  
1.046e+00  6.220e-02  
8.128e-01  5.099e-01  
6.683e-01  6.442e-01  
8.240e-01  4.405e-01  
6.004e-02  1.045e+00  
7.511e-01  5.958e-01  
5.735e-02  1.042e+00  
8.155e-01  4.566e-01  
2.281e-01  1.015e+00  
6.569e-01  6.746e-01  
1.859e-01  1.016e+00  
7.541e-01  6.001e-01  
8.894e-01  3.593e-01  
4.913e-01  8.347e-01  
6.563e-01  7.022e-01  
6.545e-01  7.247e-01  
9.906e-01  1.632e-01  
9.827e-01  2.273e-01  
2.333e-01  1.019e+00  
6.542e-01  6.878e-01  
8.099e-01  5.323e-01  
5.953e-01  7.927e-01  
6.985e-01  6.241e-01  
8.147e-01  4.777e-01  
6.683e-01  6.442e-01  
6.612e-01  7.260e-01  
1.046e+00  6.160e-02  
9.981e-01  1.751e-01  
5.623e-01  7.928e-01  
8.632e-01  3.745e-01  
5.623e-01  7.928e-01  
1.877e-01  1.021e+00  
8.147e-01  4.777e-01  
4.885e-01  9.854e-01  
6.894e-01  6.223e-01  
1.037e+00  1.440e-01  
4.913e-01  8.347e-01  
8.385e-01  3.981e-01  
7.575e-01  5.960e-01  
6.573e-02  1.041e+00  
1.000e+00  1.640e-01  
5.735e-02  1.042e+00  
1.036e+00  1.085e-01  
8.393e-01  4.049e-01  
8.240e-01  4.405e-01  
2.405e-01  1.015e+00  
6.840e-01  6.329e-01  
1.037e+00  9.302e-02  
9.779e-01  2.592e-01  
8.680e-01  3.629e-01  
9.780e-01  2.719e-01  
6.800e-02  1.043e+00  
3.705e-01  9.399e-01  
2.572e-01  1.016e+00  
2.155e-01  1.013e+00  
8.659e-01  3.682e-01  
1.049e+00  5.277e-02  
1.862e-01  1.015e+00  
2.405e-01  1.015e+00  
2.229e-01  1.013e+00  
4.837e-01  8.709e-01  
6.446e-02  1.045e+00  
9.872e-01  1.821e-01  
1.060e+00  5.301e-02  
6.080e-02  1.052e+00  
5.623e-01  7.928e-01  
9.773e-01  2.656e-01  
9.780e-01  2.719e-01  
5.623e-01  7.928e-01  
6.575e-02  1.041e+00  
6.278e-02  1.044e+00  
8.405e-01  3.945e-01  
5.782e-02  1.042e+00  
6.575e-02  1.041e+00  
1.004e+00  1.195e-01  
2.521e-01  1.019e+00  
1.016e+00  1.336e-01  
9.906e-01  1.859e-01  
1.516e-01  1.050e+00  
1.051e+00  6.565e-02  
4.806e-01  9.168e-01  
6.352e-02  1.041e+00  
9.872e-01  1.821e-01  
9.923e-01  1.573e-01  
6.099e-02  1.052e+00  
9.827e-01  2.273e-01  
1.017e+00  1.014e-01  
1.074e+00  4.988e-02  
1.060e+00  5.301e-02  
1.067e+00  4.961e-02  
4.147e-01  9.368e-01  
1.060e+00  5.301e-02  
9.769e-01  2.666e-01  
9.780e-01  2.719e-01  
9.860e-01  1.900e-01  
5.735e-02  1.042e+00  
6.610e-01  6.703e-01  
9.956e-01  1.606e-01  
9.791e-01  2.278e-01  
1.044e+00  5.355e-02  
6.099e-02  1.052e+00  
4.817e-01  8.957e-01  
5.735e-02  1.042e+00  
3.201e-01  1.009e+00  
6.985e-01  6.241e-01  
4.992e-01  8.462e-01  
5.130e-01  8.189e-01  
9.776e-01  2.312e-01  
6.570e-02  1.046e+00  
3.195e-01  9.975e-01  
8.994e-01  3.535e-01  
6.004e-02  1.045e+00  
6.570e-02  1.046e+00  
3.969e-01  9.356e-01  
8.189e-01  4.556e-01  
1.044e+00  5.355e-02  
2.521e-01  1.019e+00  
5.753e-02  1.042e+00  
1.016e+00  1.336e-01  
2.114e-01  1.012e+00  
6.441e-02  1.041e+00  
2.315e-01  1.015e+00  
8.154e-01  4.599e-01  
7.314e-01  6.040e-01  
6.412e-02  1.042e+00  
8.385e-01  3.981e-01  
8.274e-01  4.329e-01  
6.535e-01  6.826e-01  
6.535e-01  6.826e-01  
4.176e-01  9.331e-01  
8.310e-01  4.098e-01  
6.610e-01  6.703e-01  
6.099e-02  1.052e+00  
5.835e-01  7.878e-01  
8.189e-01  4.556e-01  
7.575e-01  5.960e-01  
6.535e-01  6.826e-01  
8.065e-01  5.942e-01  
6.022e-02  1.050e+00  
5.981e-01  7.894e-01  
8.099e-01  5.323e-01  
6.535e-01  6.826e-01  
2.091e-01  1.012e+00  
3.890e-01  9.330e-01  
7.245e-01  6.137e-01  
9.946e-01  1.871e-01  
1.859e-01  1.016e+00  
7.385e-01  5.965e-01  
8.240e-01  4.405e-01  
8.310e-01  4.098e-01  
4.147e-01  9.368e-01  
8.133e-01  5.041e-01  
8.155e-01  4.566e-01  
8.207e-01  4.732e-01  
4.790e-01  8.779e-01  
1.004e+00  1.195e-01  
5.130e-01  8.189e-01  
2.377e-01  1.018e+00  
1.030e+00  1.307e-01  
8.588e-01  3.761e-01  
8.855e-01  3.559e-01  
1.877e-01  1.021e+00  
7.075e-01  6.116e-01  
6.757e-01  6.482e-01  
6.543e-01  7.202e-01  
2.572e-01  1.016e+00  
3.890e-01  9.330e-01  
5.859e-01  7.889e-01  
8.154e-01  4.599e-01  
1.030e+00  1.307e-01  
6.610e-01  6.703e-01  
2.333e-01  1.019e+00  
1.044e+00  5.355e-02  
4.326e-01  9.438e-01  
7.314e-01  6.040e-01  
8.247e-01  4.370e-01  
1.516e-01  1.050e+00  
9.862e-01  1.967e-01  
2.177e-01  1.011e+00  
8.393e-01  4.049e-01  
3.195e-01  9.975e-01  
6.985e-01  6.241e-01  
8.065e-01  5.942e-01  
2.387e-01  1.014e+00  
1.516e-01  1.050e+00  
9.923e-01  1.573e-01  
5.835e-01  7.878e-01  
5.780e-01  7.896e-01  
8.310e-01  4.177e-01  
5.488e-01  8.033e-01  
5.609e-01  7.902e-01  
6.503e-01  7.277e-01  
6.575e-02  1.041e+00  
6.610e-01  6.703e-01  
6.823e-01  6.384e-01  
5.735e-02  1.042e+00  
5.859e-01  7.889e-01  
4.992e-01  8.462e-01  
9.860e-01  1.900e-01  
8.155e-01  4.566e-01  
8.189e-01  4.556e-01  
8.659e-01  3.682e-01  
5.780e-01  7.896e-01  
4.913e-01  8.347e-01  
4.817e-01  8.957e-01  
8.115e-01  5.127e-01  
8.599e-01  3.708e-01  
8.147e-01  4.777e-01  
9.923e-01  1.573e-01  
3.682e-01  9.320e-01  
1.018e+00  1.109e-01  
6.441e-02  1.041e+00  
8.282e-01  4.281e-01  
7.541e-01  6.001e-01  
5.236e-01  8.064e-01  
8.101e-01  5.417e-01  
1.809e-01  1.025e+00  
6.985e-01  6.241e-01  
5.571e-01  7.908e-01  
7.605e-01  5.992e-01  
1.011e+00  1.108e-01  
8.869e-01  3.602e-01  
8.125e-01  4.788e-01  
2.177e-01  1.011e+00  
6.014e-02  1.057e+00  
4.992e-01  8.462e-01  
9.841e-01  1.906e-01  
5.953e-01  7.927e-01  
9.946e-01  1.871e-01  
5.860e-02  1.044e+00  
1.055e+00  4.635e-02  
8.104e-01  5.143e-01  
3.760e-01  9.341e-01  
9.780e-01  2.617e-01  
6.212e-02  1.046e+00  
1.037e+00  1.440e-01  
1.000e+00  1.640e-01  
5.860e-02  1.044e+00  
4.827e-01  8.627e-01  
6.612e-01  7.260e-01  
6.679e-01  7.401e-01  
1.037e+00  1.440e-01  
9.791e-01  2.278e-01  
2.177e-01  1.011e+00  
1.044e+00  5.355e-02  
9.765e-01  2.752e-01  
5.356e-01  8.082e-01  
7.038e-01  6.230e-01  
4.827e-01  8.627e-01  
6.808e-01  6.331e-01  
8.110e-01  5.222e-01  
3.195e-01  9.975e-01  
9.767e-01  2.372e-01  
3.556e-01  9.488e-01  
1.060e+00  5.301e-02  
5.111e-01  8.217e-01  
6.800e-01  6.349e-01  
5.835e-01  7.878e-01  
2.091e-01  1.012e+00  
3.201e-01  1.009e+00  
7.541e-01  6.001e-01  
8.510e-01  3.852e-01  
9.804e-01  3.156e-01  
5.458e-01  7.944e-01  
8.393e-01  4.049e-01  
8.393e-01  4.049e-01  
6.575e-02  1.041e+00  
9.769e-01  2.666e-01  
1.037e+00  1.440e-01  
2.495e-01  1.015e+00  
2.229e-01  1.013e+00  
5.193e-01  8.080e-01  
6.563e-01  7.022e-01  
3.362e-01  9.500e-01  
2.281e-01  1.015e+00  
5.236e-01  8.064e-01  
4.900e-01  8.394e-01  
7.245e-01  6.137e-01  
9.773e-01  2.656e-01  
6.195e-02  1.040e+00  
9.946e-01  1.871e-01  
6.535e-01  6.826e-01  
6.493e-02  1.041e+00  
1.999e-01  1.024e+00  
9.769e-01  2.666e-01  
3.890e-01  9.330e-01  
2.155e-01  1.013e+00  
4.827e-01  8.627e-01  
1.038e+00  6.441e-02  
1.016e+00  1.336e-01  
4.147e-01  9.368e-01  
1.064e+00  5.149e-02  
8.139e-01  4.853e-01  
3.760e-01  9.341e-01  
1.010e+00  1.566e-01  
3.148e-01  9.996e-01  
6.401e-02  1.046e+00  
1.052e+00  6.050e-02  
2.018e-01  1.011e+00  
1.999e-01  1.018e+00  
9.775e-01  2.374e-01  
1.052e+00  8.563e-02  
8.632e-01  3.745e-01  
9.872e-01  1.821e-01  
1.060e+00  5.301e-02  
2.572e-01  1.016e+00  
2.155e-01  1.013e+00  
9.769e-01  2.666e-01  
8.189e-01  4.556e-01  
1.051e+00  6.565e-02  
8.128e-01  5.099e-01  
9.170e-01  3.439e-01  
9.775e-01  2.374e-01  
1.046e+00  6.160e-02  
1.051e+00  6.565e-02  
5.782e-02  1.042e+00  
2.155e-01  1.013e+00  
9.765e-01  2.752e-01  
6.446e-02  1.045e+00  
1.004e+00  1.195e-01  
4.113e-01  9.371e-01  
6.099e-02  1.052e+00  
5.234e-01  8.146e-01  
1.877e-01  1.021e+00  
2.281e-01  1.015e+00  
6.022e-02  1.050e+00  
9.906e-01  1.632e-01  
1.036e+00  1.085e-01  
1.065e+00  5.168e-02  
6.004e-02  1.045e+00  
6.080e-02  1.052e+00  
9.858e-01  1.906e-01  
6.278e-02  1.044e+00  
1.047e+00  5.501e-02  
1.037e+00  1.440e-01  
1.036e+00  1.085e-01  
5.753e-02  1.042e+00  
1.052e+00  6.050e-02  
5.860e-02  1.044e+00  
1.064e+00  5.149e-02  
1.046e+00  6.220e-02  
6.139e-02  1.050e+00  
9.981e-01  1.751e-01  
1.069e+00  4.615e-02  
2.445e-01  1.019e+00  
1.047e+00  5.501e-02  
1.050e+00  6.525e-02  
9.860e-01  1.900e-01  
6.004e-02  1.045e+00  
9.956e-01  1.606e-01  
1.056e+00  7.279e-02  
1.062e+00  4.851e-02  
1.051e+00  6.565e-02  
5.223e-01  8.035e-01  
6.195e-02  1.040e+00  
1.021e+00  9.350e-02  
5.860e-02  1.044e+00  
1.999e-01  1.024e+00  
6.483e-02  1.045e+00  
8.990e-01  3.561e-01  
9.895e-01  1.800e-01  
5.916e-02  1.041e+00  
9.773e-01  2.656e-01  
1.069e+00  4.615e-02  
3.784e-01  9.358e-01  
4.326e-01  9.438e-01  
5.356e-01  8.082e-01  
8.155e-01  4.566e-01  
9.923e-01  1.573e-01  
6.570e-02  1.046e+00  
1.516e-01  1.050e+00  
1.046e+00  1.089e-01  
9.906e-01  1.859e-01  
6.483e-02  1.045e+00  
1.051e+00  6.565e-02  
8.110e-01  5.118e-01  
6.126e-01  7.930e-01  
1.064e+00  4.916e-02  
9.780e-01  2.719e-01  
9.769e-01  2.666e-01  
5.130e-01  8.189e-01  
4.100e-01  9.370e-01  
6.442e-02  1.044e+00  
6.212e-02  1.046e+00  
2.114e-01  1.012e+00  
2.405e-01  1.015e+00  
7.575e-01  5.960e-01  
8.110e-01  5.118e-01  
6.535e-01  6.826e-01  
9.981e-01  1.751e-01  
5.521e-01  7.932e-01  
8.101e-01  5.417e-01  
9.923e-01  1.573e-01  
5.966e-02  1.049e+00  
9.766e-01  2.695e-01  
4.955e-01  8.454e-01  
5.236e-01  8.064e-01  
1.038e+00  5.718e-02  
6.126e-01  7.900e-01  
2.421e-01  1.015e+00  
4.955e-01  8.454e-01  
4.900e-01  8.394e-01  
8.599e-01  3.708e-01  
2.445e-01  1.019e+00  
6.126e-01  7.900e-01  
1.064e+00  4.916e-02  
9.766e-01  2.695e-01  
4.326e-01  9.438e-01  
1.065e+00  5.168e-02  
2.155e-01  1.013e+00  
8.147e-01  4.777e-01  
6.610e-01  6.703e-01  
2.377e-01  1.018e+00  
8.345e-01  4.160e-01  
1.037e+00  9.302e-02  
1.050e+00  6.525e-02  
6.775e-01  6.508e-01  
6.195e-02  1.040e+00  
6.823e-01  6.384e-01  
4.777e-01  8.987e-01  
5.996e-02  1.051e+00  
1.877e-01  1.021e+00  
7.768e-01  5.907e-01  
9.766e-01  2.699e-01  
8.147e-01  4.777e-01  
5.753e-02  1.042e+00  
6.080e-02  1.052e+00  
7.075e-01  6.116e-01  
6.840e-01  6.291e-01  
1.060e+00  5.301e-02  
2.177e-01  1.011e+00  
6.722e-01  6.571e-01  
