5.881e-02  1.828e+00  
1.563e+00  1.937e-01  
8.125e-01  1.024e+00  
1.069e+00  4.475e-01  
3.575e-01  1.044e+00  
1.018e+00  7.208e-01  
1.748e-01  1.118e+00  
5.072e-01  1.025e+00  
1.075e+00  3.264e-01  
1.371e+00  2.083e-01  
1.375e-01  1.336e+00  
1.014e+00  9.090e-01  
1.227e+00  4.665e-01  
3.347e-01  1.044e+00  
6.515e-01  1.023e+00  
1.064e+00  3.347e-01  
1.812e-01  1.101e+00  
2.194e-01  1.128e+00  
1.227e+00  4.665e-01  
1.050e+00  3.743e-01  
4.471e-01  1.028e+00  
9.506e-01  1.020e+00  
7.519e-01  1.020e+00  
1.371e+00  2.083e-01  
1.015e+00  6.829e-01  
1.376e+00  2.063e-01  
4.669e-01  1.093e+00  
8.661e-02  1.587e+00  
7.107e-01  1.028e+00  
1.810e-01  1.141e+00  
1.068e+00  4.608e-01  
1.085e+00  4.369e-01  
2.766e-01  1.114e+00  
1.052e+00  3.409e-01  
1.372e+00  2.059e-01  
9.401e-02  1.598e+00  
3.090e-01  1.032e+00  
1.685e-01  1.110e+00  
1.810e-01  1.141e+00  
1.011e+00  6.795e-01  
6.541e-01  1.019e+00  
1.023e+00  7.633e-01  
5.286e-01  1.044e+00  
4.219e-01  1.026e+00  
2.194e-01  1.128e+00  
1.119e+00  5.195e-01  
1.039e+00  8.458e-01  
1.372e+00  1.981e-01  
1.039e+00  8.268e-01  
3.347e-01  1.044e+00  
7.519e-01  1.020e+00  
4.949e-01  1.074e+00  
9.681e-02  1.613e+00  
1.051e+00  5.486e-01  
1.453e-01  1.173e+00  
8.937e-01  1.019e+00  
1.044e+00  5.632e-01  
1.376e+00  2.063e-01  
4.603e-01  1.112e+00  
1.064e+00  3.118e-01  
1.074e+00  3.285e-01  
5.969e-01  1.021e+00  
1.108e+00  3.971e-01  
1.069e+00  4.475e-01  
1.930e-01  1.099e+00  
1.107e+00  4.237e-01  
1.603e-01  1.130e+00  
1.069e+00  4.475e-01  
8.371e-01  1.019e+00  
1.006e+00  6.757e-01  
1.085e+00  4.369e-01  
1.755e-01  1.110e+00  
1.027e+00  6.751e-01  
4.867e-01  1.030e+00  
8.502e-01  1.019e+00  
1.748e-01  1.118e+00  
1.810e-01  1.141e+00  
1.064e+00  3.347e-01  
1.033e+00  5.595e-01  
1.372e+00  2.472e-01  
1.007e+00  5.733e-01  
4.875e-01  1.039e+00  
7.519e-01  1.020e+00  
1.011e+00  6.795e-01  
7.107e-01  1.028e+00  
1.050e+00  7.558e-01  
2.194e-01  1.128e+00  
1.377e-01  1.243e+00  
4.651e-01  1.037e+00  
1.006e+00  6.757e-01  
3.912e-01  1.136e+00  
1.119e+00  5.195e-01  
1.375e+00  2.084e-01  
8.107e-02  1.583e+00  
1.073e+00  3.050e-01  
3.274e-01  1.052e+00  
7.100e-01  1.019e+00  
1.060e+00  6.124e-01  
4.651e-01  1.037e+00  
1.064e+00  1.031e+00  
1.391e-01  1.244e+00  
2.215e-01  1.165e+00  
1.008e+00  8.894e-01  
1.810e-01  1.118e+00  
1.033e+00  5.860e-01  
1.073e+00  3.045e-01  
7.527e-02  1.583e+00  
7.643e-01  1.019e+00  
1.117e+00  5.993e-01  
1.068e+00  4.608e-01  
6.714e-01  1.020e+00  
2.955e-01  1.115e+00  
5.072e-01  1.025e+00  
6.891e-01  1.020e+00  
3.797e-01  1.064e+00  
1.075e+00  3.264e-01  
1.755e-01  1.110e+00  
1.150e+00  3.883e-01  
9.681e-02  1.613e+00  
1.065e+00  3.054e-01  
1.372e+00  2.059e-01  
3.797e-01  1.064e+00  
1.374e+00  2.373e-01  
1.640e-01  1.101e+00  
1.069e+00  4.475e-01  
6.917e-02  1.637e+00  
1.372e+00  1.934e-01  
4.391e-01  1.043e+00  
1.372e+00  1.934e-01  
5.072e-01  1.032e+00  
1.375e+00  2.581e-01  
1.619e-01  1.094e+00  
2.215e-01  1.165e+00  
1.641e-01  1.117e+00  
1.372e+00  1.934e-01  
1.074e+00  3.285e-01  
1.406e+00  2.046e-01  
3.214e-01  1.041e+00  
1.079e+00  3.605e-01  
2.370e-01  1.105e+00  
8.626e-02  1.594e+00  
1.035e+00  5.660e-01  
1.091e+00  4.805e-01  
4.219e-01  1.026e+00  
8.125e-01  1.024e+00  
8.371e-01  1.019e+00  
3.384e-01  1.127e+00  
1.039e+00  8.458e-01  
1.722e-01  1.137e+00  
3.797e-01  1.064e+00  
5.057e-01  1.111e+00  
1.056e+00  4.033e-01  
6.892e-01  1.043e+00  
1.010e+00  8.525e-01  
2.765e-01  1.045e+00  
1.020e+00  6.268e-01  
2.492e-01  1.110e+00  
4.471e-01  1.028e+00  
1.009e+00  7.410e-01  
1.106e+00  6.991e-01  
1.119e+00  5.280e-01  
4.867e-01  1.030e+00  
1.021e+00  5.871e-01  
1.930e-01  1.099e+00  
6.891e-01  1.020e+00  
6.082e-01  1.065e+00  
6.541e-01  1.019e+00  
1.018e+00  7.208e-01  
1.372e+00  2.397e-01  
1.015e+00  6.829e-01  
8.813e-01  1.020e+00  
1.027e+00  6.751e-01  
8.107e-02  1.583e+00  
1.023e+00  7.633e-01  
7.635e-02  1.607e+00  
1.013e+00  5.945e-01  
1.748e-01  1.118e+00  
7.100e-01  1.019e+00  
1.810e-01  1.141e+00  
1.010e+00  8.525e-01  
1.119e+00  5.195e-01  
4.651e-01  1.037e+00  
7.889e-01  1.022e+00  
3.487e-01  1.024e+00  
1.123e+00  3.667e-01  
1.074e+00  3.285e-01  
4.522e-01  1.096e+00  
6.714e-01  1.020e+00  
1.031e+00  5.061e-01  
6.892e-01  1.043e+00  
1.014e+00  9.090e-01  
1.008e+00  6.527e-01  
9.290e-01  1.022e+00  
6.515e-01  1.023e+00  
1.371e+00  2.083e-01  
1.058e+00  3.818e-01  
6.092e-01  1.032e+00  
1.051e+00  5.486e-01  
5.928e-01  1.026e+00  
1.970e-01  1.107e+00  
1.012e+00  5.143e-01  
3.347e-01  1.044e+00  
8.457e-01  1.020e+00  
1.073e+00  3.045e-01  
4.243e-01  1.034e+00  
1.021e+00  5.941e-01  
1.028e+00  9.078e-01  
1.377e-01  1.243e+00  
1.050e+00  3.743e-01  
9.033e-02  1.598e+00  
1.373e+00  2.272e-01  
1.021e+00  5.941e-01  
1.051e+00  5.486e-01  
1.930e-01  1.099e+00  
8.937e-01  1.019e+00  
1.372e+00  1.934e-01  
1.153e+00  3.681e-01  
1.058e+00  3.818e-01  
1.032e+00  4.753e-01  
1.616e-01  1.149e+00  
4.669e-01  1.093e+00  
2.022e-01  1.106e+00  
2.194e-01  1.128e+00  
1.085e+00  4.369e-01  
1.387e+00  2.076e-01  
2.907e-01  1.118e+00  
2.766e-01  1.114e+00  
2.810e-01  1.165e+00  
4.471e-01  1.028e+00  
1.453e-01  1.173e+00  
1.050e+00  3.743e-01  
1.075e+00  3.264e-01  
5.881e-02  1.828e+00  
6.041e-01  1.036e+00  
1.154e+00  5.357e-01  
1.123e+00  3.667e-01  
3.487e-01  1.024e+00  
1.373e-01  1.286e+00  
1.570e-01  1.112e+00  
1.052e+00  6.757e-01  
7.635e-02  1.607e+00  
1.420e-01  1.240e+00  
1.372e+00  2.187e-01  
3.485e-01  1.107e+00  
1.073e+00  3.045e-01  
1.150e+00  3.883e-01  
4.522e-01  1.096e+00  
1.372e+00  1.934e-01  
4.669e-01  1.093e+00  
8.107e-02  1.583e+00  
1.123e+00  3.667e-01  
1.075e+00  3.264e-01  
1.360e-01  1.259e+00  
1.039e+00  3.784e-01  
1.372e+00  2.187e-01  
1.372e+00  1.934e-01  
1.371e+00  2.218e-01  
1.372e+00  1.934e-01  
3.932e-01  1.030e+00  
1.391e+00  2.244e-01  
1.068e+00  4.608e-01  
1.107e+00  4.237e-01  
1.101e+00  3.223e-01  
8.057e-02  1.596e+00  
7.466e-01  1.019e+00  
1.073e+00  3.050e-01  
1.033e+00  3.849e-01  
1.107e+00  4.237e-01  
9.681e-02  1.613e+00  
3.076e-01  1.164e+00  
1.377e-01  1.243e+00  
2.506e-01  1.095e+00  
8.937e-01  1.019e+00  
6.397e-01  1.039e+00  
6.041e-01  1.036e+00  
1.102e+00  3.779e-01  
1.724e-01  1.130e+00  
1.812e-01  1.101e+00  
1.119e+00  5.195e-01  
1.409e-01  1.230e+00  
1.641e-01  1.117e+00  
3.948e-01  1.060e+00  
1.024e+00  5.164e-01  
1.068e+00  4.608e-01  
2.506e-01  1.095e+00  
7.850e-02  1.602e+00  
1.101e+00  3.223e-01  
1.930e-01  1.099e+00  
1.058e-01  1.602e+00  
1.619e-01  1.094e+00  
1.005e+00  6.056e-01  
1.008e+00  7.556e-01  
1.732e-01  1.197e+00  
1.060e+00  6.124e-01  
1.021e+00  5.941e-01  
7.323e-01  1.021e+00  
8.125e-01  1.024e+00  
4.279e-01  1.054e+00  
1.089e+00  6.763e-01  
7.169e-01  1.019e+00  
9.401e-02  1.598e+00  
5.928e-01  1.026e+00  
1.051e+00  5.486e-01  
1.015e+00  6.829e-01  
7.978e-01  1.031e+00  
1.039e+00  8.268e-01  
9.681e-02  1.613e+00  
5.439e-01  1.024e+00  
1.015e+00  6.829e-01  
7.169e-01  1.019e+00  
2.194e-01  1.128e+00  
4.279e-01  1.054e+00  
1.006e+00  6.161e-01  
1.107e+00  4.237e-01  
2.215e-01  1.165e+00  
1.014e+00  9.090e-01  
1.027e+00  6.751e-01  
1.038e+00  6.137e-01  
3.298e-01  1.042e+00  
1.018e+00  7.208e-01  
1.007e+00  7.081e-01  
1.028e+00  6.435e-01  
6.892e-01  1.043e+00  
1.043e+00  3.279e-01  
6.892e-01  1.043e+00  
1.619e-01  1.094e+00  
1.385e+00  2.560e-01  
1.021e+00  5.871e-01  
1.068e+00  4.608e-01  
1.722e-01  1.137e+00  
7.643e-01  1.019e+00  
8.502e-01  1.019e+00  
7.962e-01  1.020e+00  
1.755e-01  1.110e+00  
3.948e-01  1.060e+00  
6.952e-01  1.038e+00  
1.024e+00  4.302e-01  
1.101e+00  3.223e-01  
6.515e-01  1.023e+00  
4.038e-01  1.055e+00  
1.068e+00  4.608e-01  
3.866e-01  1.044e+00  
1.039e+00  8.268e-01  
1.028e+00  6.435e-01  
2.987e-01  1.059e+00  
1.123e+00  3.667e-01  
2.766e-01  1.114e+00  
1.015e+00  7.356e-01  
1.683e-01  1.108e+00  
8.937e-01  1.019e+00  
1.006e+00  6.247e-01  
2.300e-01  1.114e+00  
4.038e-01  1.055e+00  
1.076e+00  3.198e-01  
3.487e-01  1.024e+00  
6.892e-01  1.043e+00  
1.024e+00  4.302e-01  
5.928e-01  1.026e+00  
3.487e-01  1.024e+00  
8.125e-01  1.024e+00  
1.607e-01  1.167e+00  
8.371e-01  1.019e+00  
6.201e-01  1.019e+00  
1.375e-01  1.336e+00  
8.125e-01  1.024e+00  
5.484e-01  1.039e+00  
1.093e+00  4.114e-01  
1.021e+00  5.871e-01  
1.013e+00  5.945e-01  
1.021e+00  5.871e-01  
7.107e-01  1.028e+00  
4.219e-01  1.026e+00  
4.669e-01  1.093e+00  
1.010e+00  8.525e-01  
1.227e+00  4.665e-01  
1.004e+00  7.114e-01  
1.054e+00  4.084e-01  
2.262e-01  1.292e+00  
1.372e+00  2.472e-01  
1.616e-01  1.149e+00  
1.060e+00  6.124e-01  
1.011e+00  6.795e-01  
8.437e-01  1.048e+00  
1.007e+00  7.081e-01  
2.042e-01  1.239e+00  
1.009e+00  7.410e-01  
4.726e-01  1.024e+00  
1.015e+00  6.829e-01  
1.370e+00  2.199e-01  
1.103e+00  4.882e-01  
1.028e+00  6.435e-01  
1.930e-01  1.099e+00  
8.107e-02  1.583e+00  
4.669e-01  1.093e+00  
1.150e+00  3.883e-01  
6.714e-01  1.020e+00  
1.054e+00  3.337e-01  
6.917e-02  1.637e+00  
1.376e+00  2.063e-01  
1.007e+00  5.733e-01  
3.298e-01  1.042e+00  
1.103e+00  4.882e-01  
9.681e-02  1.613e+00  
1.054e+00  3.337e-01  
1.074e+00  3.285e-01  
1.460e-01  1.162e+00  
5.072e-01  1.032e+00  
7.107e-01  1.028e+00  
8.371e-01  1.019e+00  
1.136e+00  3.270e-01  
1.153e+00  3.681e-01  
2.810e-01  1.165e+00  
1.107e+00  4.237e-01  
1.091e+00  4.805e-01  
6.892e-01  1.043e+00  
8.937e-01  1.019e+00  
4.867e-01  1.030e+00  
7.680e-01  1.020e+00  
1.007e+00  7.190e-01  
2.262e-01  1.292e+00  
1.055e+00  3.872e-01  
3.877e-01  1.091e+00  
1.073e+00  3.045e-01  
4.867e-01  1.030e+00  
7.643e-01  1.019e+00  
6.541e-01  1.019e+00  
2.766e-01  1.114e+00  
1.704e-01  1.095e+00  
1.028e+00  9.078e-01  
1.117e+00  5.993e-01  
1.091e+00  4.805e-01  
6.515e-01  1.023e+00  
1.097e+00  5.332e-01  
1.060e+00  6.124e-01  
9.681e-02  1.613e+00  
1.056e+00  4.033e-01  
1.073e+00  3.045e-01  
2.810e-01  1.165e+00  
2.492e-01  1.110e+00  
3.601e-01  1.339e+00  
7.519e-01  1.020e+00  
1.748e-01  1.117e+00  
2.810e-01  1.165e+00  
6.034e-01  1.143e+00  
4.669e-01  1.093e+00  
1.014e+00  9.090e-01  
1.154e+00  5.357e-01  
1.514e-01  1.200e+00  
1.130e+00  3.304e-01  
8.502e-01  1.019e+00  
1.385e-01  1.203e+00  
1.641e-01  1.117e+00  
1.054e+00  4.084e-01  
4.219e-01  1.026e+00  
1.874e-01  1.098e+00  
3.347e-01  1.044e+00  
1.371e+00  2.083e-01  
1.109e+00  3.199e-01  
4.651e-01  1.037e+00  
1.497e+00  2.151e-01  
1.007e+00  7.190e-01  
4.325e-01  1.040e+00  
1.076e+00  3.086e-01  
3.176e-01  1.228e+00  
1.058e-01  1.602e+00  
1.402e+00  1.938e-01  
2.492e-01  1.110e+00  
1.722e-01  1.137e+00  
1.153e+00  3.681e-01  
1.372e+00  1.934e-01  
1.030e+00  4.444e-01  
1.064e+00  3.347e-01  
1.375e+00  2.084e-01  
4.603e-01  1.112e+00  
2.370e-01  1.105e+00  
1.069e+00  4.475e-01  
1.033e+00  5.860e-01  
1.375e+00  2.170e-01  
1.009e+00  7.410e-01  
1.098e+00  3.764e-01  
1.108e+00  3.971e-01  
1.373e+00  2.272e-01  
1.563e+00  1.937e-01  
1.360e-01  1.259e+00  
2.396e-01  1.119e+00  
1.153e+00  3.681e-01  
1.810e-01  1.141e+00  
1.055e+00  3.230e-01  
3.298e-01  1.042e+00  
1.375e-01  1.336e+00  
6.041e-01  1.036e+00  
1.722e-01  1.137e+00  
2.492e-01  1.110e+00  
7.788e-02  1.601e+00  
1.074e+00  3.285e-01  
1.370e+00  2.199e-01  
1.375e+00  2.084e-01  
1.459e-01  1.195e+00  
6.707e-02  1.843e+00  
1.162e+00  3.368e-01  
1.722e-01  1.137e+00  
1.377e+00  2.311e-01  
1.371e+00  2.083e-01  
1.385e+00  2.560e-01  
8.626e-02  1.594e+00  
1.375e+00  2.046e-01  
7.527e-02  1.583e+00  
1.375e+00  2.170e-01  
1.368e+00  2.671e-01  
1.739e-01  1.396e+00  
1.123e+00  3.667e-01  
1.375e+00  1.917e-01  
2.194e-01  1.128e+00  
1.376e+00  2.063e-01  
1.372e+00  2.397e-01  
1.108e+00  3.971e-01  
8.107e-02  1.583e+00  
1.371e+00  2.083e-01  
1.372e+00  1.962e-01  
1.372e+00  1.934e-01  
1.372e+00  2.059e-01  
3.487e-01  1.024e+00  
2.045e-01  1.109e+00  
1.370e+00  2.199e-01  
1.373e-01  1.286e+00  
1.895e-01  1.131e+00  
1.373e-01  1.286e+00  
1.227e+00  4.665e-01  
1.055e+00  3.230e-01  
1.724e-01  1.130e+00  
1.043e+00  3.279e-01  
1.387e+00  2.076e-01  
5.057e-01  1.111e+00  
4.522e-01  1.096e+00  
5.439e-01  1.024e+00  
1.018e+00  7.208e-01  
1.385e+00  2.560e-01  
8.107e-02  1.583e+00  
2.492e-01  1.110e+00  
1.391e+00  2.244e-01  
1.055e+00  3.872e-01  
1.748e-01  1.118e+00  
1.372e+00  1.934e-01  
1.019e+00  7.717e-01  
6.515e-01  1.023e+00  
1.406e+00  2.046e-01  
1.069e+00  4.475e-01  
1.054e+00  4.084e-01  
8.437e-01  1.048e+00  
4.435e-01  1.033e+00  
1.731e-01  1.180e+00  
7.850e-02  1.602e+00  
2.913e-01  1.122e+00  
1.748e-01  1.117e+00  
1.007e+00  7.081e-01  
1.007e+00  7.190e-01  
3.487e-01  1.024e+00  
1.059e+00  2.591e-01  
5.072e-01  1.025e+00  
1.015e+00  6.829e-01  
1.074e+00  3.285e-01  
1.810e-01  1.118e+00  
1.107e+00  4.237e-01  
5.072e-01  1.025e+00  
4.219e-01  1.026e+00  
1.373e+00  2.087e-01  
6.714e-01  1.020e+00  
2.492e-01  1.110e+00  
5.057e-01  1.111e+00  
4.651e-01  1.037e+00  
1.018e+00  7.208e-01  
2.506e-01  1.095e+00  
8.125e-01  1.024e+00  
1.376e+00  2.063e-01  
1.108e+00  3.971e-01  
4.038e-01  1.055e+00  
1.372e+00  1.962e-01  
1.755e-01  1.110e+00  
1.018e+00  7.208e-01  
8.323e-01  1.020e+00  
1.748e-01  1.118e+00  
1.068e+00  6.400e-01  
1.375e+00  2.084e-01  
1.387e+00  2.076e-01  
9.798e-01  1.021e+00  
1.409e-01  1.230e+00  
8.371e-01  1.019e+00  
4.471e-01  1.028e+00  
8.057e-02  1.596e+00  
1.748e-01  1.118e+00  
1.009e+00  7.410e-01  
1.099e+00  4.947e-01  
1.024e+00  4.302e-01  
7.635e-02  1.607e+00  
6.917e-02  1.637e+00  
9.506e-01  1.020e+00  
9.506e-01  1.020e+00  
1.058e+00  3.818e-01  
2.045e-01  1.109e+00  
8.001e-01  1.021e+00  
