6.627e-02  1.074e+00  
1.173e+00  7.594e-02  
6.910e-01  6.560e-01  
9.527e-01  3.409e-01  
6.742e-02  1.075e+00  
8.303e-01  4.876e-01  
1.027e-01  1.082e+00  
5.075e-01  8.692e-01  
9.982e-01  1.787e-01  
1.053e+00  9.209e-02  
6.633e-02  1.092e+00  
7.389e-01  6.306e-01  
8.625e-01  4.378e-01  
4.261e-01  9.597e-01  
6.113e-01  8.043e-01  
9.863e-01  2.213e-01  
9.144e-02  1.089e+00  
6.538e-02  1.072e+00  
8.443e-01  4.436e-01  
9.892e-01  2.180e-01  
5.057e-01  8.576e-01  
6.910e-01  6.560e-01  
6.565e-01  7.292e-01  
1.023e+00  1.288e-01  
8.285e-01  5.101e-01  
1.162e+00  7.728e-02  
3.885e-01  9.685e-01  
6.168e-02  1.071e+00  
5.706e-01  8.276e-01  
9.261e-02  1.083e+00  
8.973e-01  3.783e-01  
1.001e+00  1.574e-01  
6.068e-02  1.073e+00  
1.008e+00  2.981e-01  
1.050e+00  8.955e-02  
5.755e-02  1.080e+00  
3.652e-01  9.791e-01  
5.860e-02  1.075e+00  
9.200e-02  1.068e+00  
8.263e-01  4.919e-01  
6.957e-01  6.474e-01  
8.340e-01  4.773e-01  
5.386e-01  8.276e-01  
3.885e-01  9.685e-01  
9.144e-02  1.089e+00  
9.293e-01  3.637e-01  
7.943e-01  5.914e-01  
1.021e+00  1.173e-01  
7.389e-01  6.306e-01  
3.660e-01  9.831e-01  
6.619e-01  7.038e-01  
5.039e-01  8.655e-01  
5.630e-02  1.084e+00  
8.479e-01  4.261e-01  
6.627e-02  1.074e+00  
6.910e-01  6.560e-01  
8.775e-01  3.986e-01  
1.173e+00  7.295e-02  
6.623e-02  1.067e+00  
1.007e+00  1.575e-01  
1.001e+00  1.912e-01  
5.776e-01  8.132e-01  
9.863e-01  2.213e-01  
9.876e-01  2.514e-01  
9.393e-02  1.078e+00  
9.943e-01  2.551e-01  
9.014e-02  1.080e+00  
1.013e+00  3.254e-01  
6.974e-01  6.499e-01  
7.253e-01  6.243e-01  
9.992e-01  1.784e-01  
6.485e-02  1.071e+00  
8.443e-01  4.436e-01  
5.039e-01  8.655e-01  
6.619e-01  7.038e-01  
5.860e-02  1.075e+00  
8.367e-02  1.079e+00  
9.992e-01  1.784e-01  
8.340e-01  4.773e-01  
1.050e+00  1.010e-01  
8.311e-01  4.729e-01  
4.077e-01  9.566e-01  
6.576e-01  7.225e-01  
8.312e-01  4.928e-01  
6.570e-01  7.258e-01  
8.235e-01  5.163e-01  
5.720e-02  1.075e+00  
6.887e-02  1.073e+00  
5.319e-01  8.514e-01  
7.955e-01  5.915e-01  
5.508e-02  1.070e+00  
9.527e-01  3.409e-01  
1.162e+00  7.868e-02  
6.633e-02  1.092e+00  
1.001e+00  1.762e-01  
4.077e-01  9.566e-01  
6.576e-01  7.225e-01  
8.334e-01  4.627e-01  
4.077e-01  9.566e-01  
7.065e-01  6.610e-01  
7.488e-02  1.073e+00  
7.020e-02  1.081e+00  
7.739e-01  5.976e-01  
8.659e-02  1.084e+00  
8.579e-01  4.119e-01  
1.003e+00  1.753e-01  
8.002e-02  1.074e+00  
6.846e-01  6.619e-01  
9.942e-01  3.347e-01  
9.961e-01  2.171e-01  
5.776e-01  8.132e-01  
5.904e-02  1.075e+00  
4.886e-01  8.946e-01  
5.957e-01  8.145e-01  
3.593e-01  9.938e-01  
1.011e+00  1.502e-01  
6.742e-02  1.075e+00  
9.955e-01  1.725e-01  
8.180e-02  1.073e+00  
1.010e+00  1.486e-01  
1.189e+00  7.590e-02  
3.590e-01  9.902e-01  
1.029e+00  1.186e-01  
6.742e-02  1.075e+00  
9.728e-01  3.460e-01  
5.588e-02  1.079e+00  
1.010e+00  1.486e-01  
5.135e-01  8.524e-01  
1.173e+00  7.295e-02  
5.062e-01  8.575e-01  
1.021e+00  1.173e-01  
5.904e-02  1.075e+00  
6.068e-02  1.073e+00  
6.633e-02  1.092e+00  
1.173e+00  7.594e-02  
9.995e-01  1.743e-01  
1.173e+00  6.937e-02  
3.885e-01  9.685e-01  
9.863e-01  2.213e-01  
4.721e-02  1.073e+00  
6.078e-02  1.076e+00  
8.364e-01  4.468e-01  
9.133e-01  3.680e-01  
5.039e-01  8.655e-01  
5.386e-01  8.276e-01  
7.017e-01  6.806e-01  
6.538e-02  1.072e+00  
7.909e-01  5.868e-01  
9.144e-02  1.089e+00  
3.652e-01  9.791e-01  
4.948e-01  8.871e-01  
9.883e-01  2.602e-01  
5.126e-01  8.560e-01  
6.988e-01  6.497e-01  
6.409e-02  1.082e+00  
8.311e-01  4.729e-01  
5.904e-02  1.075e+00  
6.742e-02  1.075e+00  
7.437e-01  6.181e-01  
8.303e-01  4.858e-01  
9.527e-01  3.409e-01  
3.973e-01  9.678e-01  
8.313e-01  4.927e-01  
6.616e-02  1.073e+00  
6.570e-01  7.258e-01  
5.319e-01  8.514e-01  
5.776e-01  8.132e-01  
8.303e-01  4.876e-01  
1.053e+00  8.269e-02  
8.057e-01  5.933e-01  
6.756e-01  6.898e-01  
8.523e-01  4.355e-01  
7.488e-02  1.073e+00  
7.341e-01  6.345e-01  
8.182e-02  1.070e+00  
8.218e-01  5.264e-01  
1.073e-01  1.077e+00  
7.017e-01  6.806e-01  
8.569e-02  1.084e+00  
7.462e-01  6.122e-01  
9.049e-01  3.777e-01  
4.640e-01  9.524e-01  
6.576e-01  7.225e-01  
6.534e-01  7.921e-01  
9.884e-01  2.138e-01  
9.870e-01  2.465e-01  
5.447e-02  1.070e+00  
6.570e-01  7.258e-01  
7.909e-01  5.868e-01  
5.900e-01  8.171e-01  
7.017e-01  6.806e-01  
8.215e-01  5.212e-01  
6.846e-01  6.619e-01  
6.576e-01  7.225e-01  
1.162e+00  7.868e-02  
1.013e+00  3.254e-01  
5.991e-01  8.070e-01  
8.812e-01  3.860e-01  
5.738e-01  8.107e-01  
9.014e-02  1.080e+00  
8.443e-01  4.436e-01  
4.096e-01  9.554e-01  
6.988e-01  6.497e-01  
1.003e+00  1.753e-01  
4.886e-01  8.946e-01  
8.775e-01  3.986e-01  
7.739e-01  5.976e-01  
7.488e-02  1.073e+00  
9.927e-01  2.232e-01  
5.582e-02  1.067e+00  
1.029e+00  1.186e-01  
9.049e-01  3.777e-01  
8.493e-01  4.349e-01  
5.447e-02  1.070e+00  
6.954e-01  6.613e-01  
1.050e+00  8.955e-02  
9.961e-01  2.171e-01  
9.133e-01  3.680e-01  
9.863e-01  2.213e-01  
7.203e-02  1.078e+00  
3.660e-01  9.831e-01  
5.860e-02  1.075e+00  
6.068e-02  1.073e+00  
9.992e-01  1.784e-01  
1.173e+00  7.594e-02  
5.807e-02  1.069e+00  
8.180e-02  1.073e+00  
6.538e-02  1.072e+00  
3.652e-01  9.791e-01  
6.196e-02  1.075e+00  
9.952e-01  2.125e-01  
1.007e+00  1.575e-01  
6.627e-02  1.074e+00  
5.386e-01  8.276e-01  
9.527e-01  3.409e-01  
1.130e+00  3.842e-01  
5.386e-01  8.276e-01  
8.659e-02  1.085e+00  
8.367e-02  1.079e+00  
8.581e-01  4.174e-01  
5.344e-02  1.078e+00  
8.182e-02  1.070e+00  
1.010e+00  1.486e-01  
6.034e-02  1.069e+00  
1.003e+00  1.753e-01  
9.927e-01  2.232e-01  
3.593e-01  9.938e-01  
1.050e+00  1.050e-01  
3.973e-01  9.678e-01  
5.873e-02  1.077e+00  
1.031e+00  1.250e-01  
1.001e+00  1.719e-01  
8.180e-02  1.073e+00  
1.001e+00  1.574e-01  
1.030e+00  1.240e-01  
1.175e+00  6.911e-02  
1.053e+00  8.321e-02  
1.173e+00  7.594e-02  
4.029e-01  9.661e-01  
1.162e+00  7.728e-02  
9.961e-01  2.171e-01  
9.876e-01  2.514e-01  
9.943e-01  2.076e-01  
6.633e-02  1.092e+00  
6.988e-01  6.497e-01  
9.987e-01  1.743e-01  
9.927e-01  2.232e-01  
9.943e-01  2.551e-01  
5.755e-02  1.080e+00  
3.593e-01  9.938e-01  
6.633e-02  1.092e+00  
8.182e-02  1.070e+00  
6.988e-01  6.497e-01  
5.748e-01  8.146e-01  
5.131e-01  8.522e-01  
1.003e+00  1.753e-01  
9.039e-02  1.086e+00  
8.238e-02  1.086e+00  
9.133e-01  3.680e-01  
8.002e-02  1.074e+00  
6.078e-02  1.076e+00  
3.593e-01  9.938e-01  
8.479e-01  4.261e-01  
1.013e+00  3.254e-01  
5.961e-02  1.072e+00  
5.235e-02  1.077e+00  
1.021e+00  1.173e-01  
9.014e-02  1.080e+00  
7.854e-02  1.068e+00  
6.485e-02  1.071e+00  
8.303e-01  4.876e-01  
7.389e-01  6.306e-01  
5.717e-02  1.072e+00  
8.812e-01  3.971e-01  
8.530e-01  4.380e-01  
6.565e-01  7.292e-01  
6.570e-01  7.258e-01  
3.652e-01  9.791e-01  
8.334e-01  4.627e-01  
6.740e-01  6.747e-01  
7.457e-02  1.082e+00  
5.872e-01  8.100e-01  
8.812e-01  3.860e-01  
7.389e-01  6.306e-01  
6.576e-01  7.225e-01  
8.057e-01  5.933e-01  
7.283e-02  1.094e+00  
5.991e-01  8.070e-01  
7.955e-01  5.915e-01  
6.740e-01  6.747e-01  
8.180e-02  1.073e+00  
3.885e-01  9.685e-01  
7.283e-01  6.273e-01  
9.871e-01  2.320e-01  
8.569e-02  1.084e+00  
7.155e-01  6.589e-01  
8.303e-01  4.747e-01  
8.410e-01  4.449e-01  
4.029e-01  9.661e-01  
8.530e-01  4.380e-01  
8.311e-01  4.729e-01  
8.313e-01  4.927e-01  
4.640e-01  9.524e-01  
1.001e+00  1.719e-01  
4.948e-01  8.871e-01  
1.040e-01  1.076e+00  
1.021e+00  1.173e-01  
8.832e-01  3.922e-01  
9.050e-01  3.768e-01  
1.073e-01  1.077e+00  
6.988e-01  6.497e-01  
7.341e-01  6.345e-01  
6.576e-01  7.225e-01  
8.285e-02  1.073e+00  
3.885e-01  9.685e-01  
5.957e-01  8.145e-01  
8.303e-01  4.747e-01  
1.026e+00  1.421e-01  
6.570e-01  7.258e-01  
6.742e-02  1.075e+00  
9.133e-01  3.680e-01  
3.519e-01  9.871e-01  
7.341e-01  6.345e-01  
8.312e-01  4.928e-01  
5.447e-02  1.070e+00  
9.942e-01  1.888e-01  
4.721e-02  1.073e+00  
9.049e-01  3.777e-01  
6.485e-02  1.071e+00  
6.846e-01  6.619e-01  
7.437e-01  6.181e-01  
5.961e-02  1.072e+00  
6.034e-02  1.069e+00  
9.943e-01  2.076e-01  
5.768e-01  7.999e-01  
5.738e-01  8.107e-01  
8.493e-01  4.349e-01  
5.075e-01  8.692e-01  
5.386e-01  8.276e-01  
6.565e-01  7.292e-01  
8.659e-02  1.085e+00  
6.740e-01  6.749e-01  
6.910e-01  6.560e-01  
6.849e-02  1.073e+00  
6.086e-01  8.052e-01  
5.075e-01  8.692e-01  
9.883e-01  2.602e-01  
8.303e-01  4.876e-01  
8.303e-01  4.747e-01  
9.049e-01  3.777e-01  
5.748e-01  8.146e-01  
5.075e-01  8.692e-01  
4.100e-01  9.599e-01  
8.340e-01  4.773e-01  
9.049e-01  3.777e-01  
8.218e-01  5.264e-01  
9.883e-01  2.602e-01  
5.508e-02  1.070e+00  
1.030e+00  1.240e-01  
7.819e-02  1.066e+00  
8.311e-01  4.729e-01  
7.955e-01  5.915e-01  
5.319e-01  8.514e-01  
8.340e-01  4.773e-01  
8.659e-02  1.084e+00  
7.341e-01  6.345e-01  
5.776e-01  8.132e-01  
7.739e-01  5.976e-01  
1.003e+00  1.753e-01  
9.942e-01  3.347e-01  
8.263e-01  4.919e-01  
9.144e-02  1.089e+00  
5.588e-02  1.079e+00  
5.062e-01  8.575e-01  
9.927e-01  2.152e-01  
5.872e-01  8.100e-01  
9.942e-01  1.888e-01  
7.457e-02  1.082e+00  
1.175e+00  7.278e-02  
8.312e-01  4.928e-01  
4.100e-01  9.599e-01  
9.863e-01  2.213e-01  
7.457e-02  1.082e+00  
1.001e+00  1.762e-01  
9.940e-01  2.287e-01  
8.002e-02  1.074e+00  
4.919e-01  9.491e-01  
6.565e-01  7.292e-01  
6.576e-01  7.225e-01  
1.003e+00  1.753e-01  
9.943e-01  2.551e-01  
6.742e-02  1.075e+00  
9.992e-01  1.784e-01  
9.883e-01  2.602e-01  
5.315e-01  8.334e-01  
7.065e-01  6.610e-01  
4.888e-01  9.012e-01  
7.183e-01  6.306e-01  
7.999e-01  5.859e-01  
4.721e-02  1.073e+00  
9.883e-01  2.602e-01  
6.518e-02  1.082e+00  
1.017e+00  1.394e-01  
5.057e-01  8.576e-01  
6.988e-01  6.497e-01  
5.957e-01  8.145e-01  
6.485e-02  1.071e+00  
9.615e-02  1.081e+00  
7.389e-01  6.306e-01  
8.579e-01  4.119e-01  
9.942e-01  3.347e-01  
5.483e-01  8.250e-01  
9.049e-01  3.777e-01  
8.899e-01  3.971e-01  
8.002e-02  1.074e+00  
9.257e-01  3.614e-01  
1.050e+00  1.050e-01  
8.285e-02  1.073e+00  
9.393e-02  1.078e+00  
5.216e-01  8.481e-01  
6.570e-01  7.258e-01  
5.961e-02  1.072e+00  
7.466e-02  1.063e+00  
5.216e-01  8.481e-01  
4.902e-01  9.146e-01  
7.389e-01  6.306e-01  
9.609e-01  3.500e-01  
5.588e-02  1.079e+00  
9.940e-01  2.287e-01  
7.017e-01  6.806e-01  
6.078e-02  1.076e+00  
6.839e-02  1.074e+00  
9.527e-01  3.409e-01  
3.593e-01  9.938e-01  
1.073e-01  1.077e+00  
4.919e-01  9.491e-01  
1.048e+00  9.679e-02  
1.157e+00  1.289e-01  
3.652e-01  9.791e-01  
1.170e+00  7.193e-02  
8.313e-01  4.927e-01  
4.100e-01  9.599e-01  
1.006e+00  1.622e-01  
6.264e-02  1.070e+00  
9.261e-02  1.083e+00  
1.173e+00  6.937e-02  
6.034e-02  1.069e+00  
8.180e-02  1.073e+00  
9.876e-01  2.514e-01  
1.052e+00  9.349e-02  
9.050e-01  3.768e-01  
9.942e-01  1.888e-01  
1.047e+00  8.975e-02  
7.778e-02  1.071e+00  
4.721e-02  1.073e+00  
9.942e-01  3.347e-01  
8.625e-01  4.378e-01  
1.183e+00  7.972e-02  
8.265e-01  5.294e-01  
9.742e-01  3.444e-01  
9.960e-01  2.442e-01  
1.162e+00  7.728e-02  
1.162e+00  7.868e-02  
6.887e-02  1.073e+00  
6.204e-02  1.073e+00  
9.952e-01  2.191e-01  
6.633e-02  1.092e+00  
1.029e+00  1.186e-01  
4.029e-01  9.661e-01  
5.526e-02  1.077e+00  
5.872e-01  8.100e-01  
6.269e-02  1.071e+00  
5.447e-02  1.070e+00  
5.873e-02  1.077e+00  
1.001e+00  1.749e-01  
1.050e+00  1.050e-01  
1.169e+00  7.115e-02  
7.819e-02  1.066e+00  
7.457e-02  1.082e+00  
9.995e-01  1.743e-01  
9.039e-02  1.086e+00  
1.021e+00  1.173e-01  
1.051e+00  7.895e-02  
1.021e+00  1.173e-01  
6.146e-02  1.078e+00  
1.162e+00  7.728e-02  
6.887e-02  1.073e+00  
1.165e+00  8.002e-02  
1.047e+00  1.007e-01  
1.040e-01  1.076e+00  
9.943e-01  2.551e-01  
1.183e+00  7.972e-02  
8.980e-02  1.079e+00  
1.162e+00  7.868e-02  
1.035e+00  1.018e-01  
9.943e-01  2.076e-01  
6.078e-02  1.076e+00  
1.004e+00  1.580e-01  
1.016e+00  1.283e-01  
1.165e+00  7.854e-02  
1.050e+00  8.955e-02  
5.131e-01  8.522e-01  
6.839e-02  1.074e+00  
1.035e+00  1.197e-01  
9.261e-02  1.083e+00  
1.040e-01  1.076e+00  
6.730e-02  1.069e+00  
9.456e-01  3.525e-01  
1.001e+00  1.719e-01  
1.041e-01  1.078e+00  
9.943e-01  2.076e-01  
1.173e+00  6.937e-02  
4.029e-01  9.661e-01  
4.029e-01  9.661e-01  
5.386e-01  8.276e-01  
8.285e-01  5.101e-01  
1.023e+00  1.357e-01  
6.078e-02  1.076e+00  
6.862e-02  1.072e+00  
1.050e+00  8.955e-02  
9.863e-01  2.213e-01  
9.039e-02  1.086e+00  
1.165e+00  8.002e-02  
8.312e-01  4.928e-01  
6.018e-01  7.974e-01  
1.162e+00  7.728e-02  
9.880e-01  2.314e-01  
1.013e+00  3.254e-01  
5.112e-01  8.563e-01  
4.640e-01  9.524e-01  
9.261e-02  1.083e+00  
6.627e-02  1.074e+00  
7.591e-02  1.076e+00  
8.180e-02  1.073e+00  
7.575e-01  6.141e-01  
7.955e-01  5.915e-01  
6.346e-01  7.994e-01  
9.995e-01  1.743e-01  
5.546e-01  8.196e-01  
8.010e-01  5.871e-01  
1.001e+00  1.762e-01  
8.182e-02  1.070e+00  
9.863e-01  2.213e-01  
5.075e-01  8.692e-01  
5.126e-01  8.560e-01  
1.052e+00  9.349e-02  
5.991e-01  8.070e-01  
5.860e-02  1.075e+00  
4.919e-01  9.491e-01  
5.031e-01  8.657e-01  
8.625e-01  4.378e-01  
6.204e-02  1.073e+00  
6.311e-01  7.974e-01  
1.173e+00  6.937e-02  
9.876e-01  2.514e-01  
3.973e-01  9.678e-01  
1.183e+00  7.972e-02  
4.721e-02  1.073e+00  
8.311e-01  4.729e-01  
6.576e-01  7.225e-01  
5.860e-02  1.075e+00  
8.410e-01  4.449e-01  
1.032e+00  1.131e-01  
1.050e+00  8.955e-02  
6.868e-01  6.703e-01  
9.039e-02  1.086e+00  
6.910e-01  6.560e-01  
4.919e-01  9.491e-01  
6.196e-02  1.075e+00  
5.860e-02  1.075e+00  
7.739e-01  5.976e-01  
9.863e-01  2.213e-01  
8.340e-01  4.773e-01  
8.182e-02  1.070e+00  
6.078e-02  1.076e+00  
6.868e-01  6.703e-01  
6.900e-01  6.507e-01  
9.527e-01  3.409e-01  
5.447e-02  1.070e+00  
6.740e-01  6.918e-01  
