6.665e-02  1.036e+00  
1.064e+00  4.172e-02  
6.736e-01  6.497e-01  
8.481e-01  3.776e-01  
3.483e-01  9.586e-01  
8.278e-01  4.966e-01  
2.269e-01  1.203e+00  
5.105e-01  8.495e-01  
1.028e+00  1.039e-01  
1.041e+00  7.003e-02  
6.760e-02  1.035e+00  
7.529e-01  5.854e-01  
8.564e-01  3.942e-01  
4.426e-01  9.193e-01  
6.385e-01  7.970e-01  
9.946e-01  1.664e-01  
2.394e-01  1.012e+00  
7.657e-02  1.042e+00  
8.343e-01  4.382e-01  
9.835e-01  2.018e-01  
4.957e-01  8.650e-01  
7.349e-01  5.862e-01  
6.523e-01  7.149e-01  
1.028e+00  1.039e-01  
8.214e-01  4.865e-01  
1.046e+00  6.440e-02  
3.715e-01  9.395e-01  
7.542e-02  1.044e+00  
5.605e-01  7.928e-01  
8.111e-02  1.038e+00  
8.830e-01  3.534e-01  
9.896e-01  1.647e-01  
2.418e-01  1.010e+00  
1.011e+00  1.157e-01  
1.039e+00  6.760e-02  
8.111e-02  1.038e+00  
4.348e-01  9.188e-01  
8.635e-02  1.045e+00  
8.506e-02  1.037e+00  
8.469e-01  4.022e-01  
6.669e-01  6.743e-01  
8.257e-01  4.880e-01  
5.317e-01  8.333e-01  
4.066e-01  9.192e-01  
2.335e-01  1.015e+00  
8.772e-01  3.542e-01  
7.171e-01  6.087e-01  
1.014e+00  1.158e-01  
7.171e-01  6.087e-01  
3.649e-01  9.349e-01  
6.639e-01  6.716e-01  
4.913e-01  8.793e-01  
6.365e-02  1.044e+00  
8.303e-01  4.517e-01  
5.925e-02  1.035e+00  
7.529e-01  5.854e-01  
8.481e-01  3.776e-01  
1.064e+00  4.514e-02  
3.221e-01  9.890e-01  
1.006e+00  1.490e-01  
9.942e-01  1.543e-01  
5.925e-01  7.900e-01  
9.886e-01  1.961e-01  
1.032e+00  8.387e-02  
2.777e-01  1.012e+00  
9.860e-01  2.163e-01  
6.953e-02  1.035e+00  
8.772e-01  3.542e-01  
6.777e-01  6.553e-01  
7.640e-01  5.757e-01  
1.010e+00  1.233e-01  
3.269e-01  9.765e-01  
8.421e-01  4.365e-01  
5.107e-01  8.373e-01  
6.660e-01  6.698e-01  
2.335e-01  1.015e+00  
7.657e-02  1.042e+00  
1.004e+00  1.371e-01  
8.541e-01  4.139e-01  
1.062e+00  4.433e-02  
8.477e-01  4.190e-01  
4.427e-01  9.193e-01  
6.736e-01  6.497e-01  
8.240e-01  5.387e-01  
6.123e-01  7.806e-01  
8.229e-01  4.958e-01  
2.394e-01  1.012e+00  
7.280e-02  1.036e+00  
5.542e-01  8.233e-01  
7.640e-01  5.757e-01  
3.740e-01  9.297e-01  
9.599e-01  3.011e-01  
1.041e+00  7.003e-02  
7.722e-02  1.036e+00  
9.866e-01  1.799e-01  
3.732e-01  9.307e-01  
6.539e-01  7.072e-01  
8.469e-01  4.022e-01  
4.426e-01  9.193e-01  
7.640e-01  5.757e-01  
7.722e-02  1.036e+00  
2.137e-01  1.023e+00  
7.640e-01  5.757e-01  
1.514e-01  1.153e+00  
8.481e-01  3.776e-01  
9.865e-01  1.971e-01  
5.342e-02  1.037e+00  
6.736e-01  6.497e-01  
8.432e-01  4.006e-01  
9.796e-01  2.966e-01  
5.925e-01  7.900e-01  
2.632e-01  1.008e+00  
4.812e-01  9.282e-01  
5.925e-01  7.900e-01  
3.724e-01  9.427e-01  
1.011e+00  1.332e-01  
2.600e-01  1.009e+00  
9.860e-01  2.163e-01  
6.665e-02  1.036e+00  
9.972e-01  1.594e-01  
1.055e+00  5.669e-02  
3.715e-01  9.395e-01  
1.028e+00  1.039e-01  
2.632e-01  1.008e+00  
9.582e-01  3.120e-01  
5.020e-02  1.047e+00  
1.046e+00  8.333e-02  
6.253e-01  8.126e-01  
1.065e+00  4.482e-02  
4.772e-01  9.182e-01  
1.039e+00  1.134e-01  
1.890e-01  1.026e+00  
2.335e-01  1.015e+00  
1.065e-01  1.049e+00  
1.057e+00  5.341e-02  
9.972e-01  1.594e-01  
1.062e+00  4.394e-02  
3.715e-01  9.395e-01  
1.006e+00  1.463e-01  
3.649e-01  9.349e-01  
7.280e-02  1.036e+00  
8.564e-01  3.942e-01  
8.998e-01  3.412e-01  
5.317e-01  8.333e-01  
6.385e-01  7.970e-01  
6.660e-01  6.698e-01  
3.483e-01  9.586e-01  
8.153e-01  5.525e-01  
7.657e-02  1.042e+00  
4.216e-01  9.218e-01  
4.957e-01  8.650e-01  
9.803e-01  2.375e-01  
5.033e-01  8.396e-01  
6.669e-01  6.743e-01  
3.138e-01  1.017e+00  
8.528e-01  4.142e-01  
2.257e-01  1.013e+00  
3.649e-01  9.349e-01  
6.777e-01  6.553e-01  
8.231e-01  4.736e-01  
8.694e-01  3.662e-01  
4.427e-01  9.193e-01  
8.486e-01  4.248e-01  
2.394e-01  1.013e+00  
6.523e-01  7.149e-01  
5.477e-01  8.058e-01  
6.061e-01  7.760e-01  
8.228e-01  4.692e-01  
1.052e+00  5.769e-02  
8.212e-01  4.993e-01  
6.760e-01  6.546e-01  
8.408e-01  4.162e-01  
5.320e-02  1.042e+00  
6.593e-01  7.060e-01  
6.365e-02  1.044e+00  
8.212e-01  4.993e-01  
1.885e-01  1.032e+00  
6.608e-01  6.844e-01  
6.244e-02  1.036e+00  
7.349e-01  5.862e-01  
8.772e-01  3.542e-01  
3.724e-01  9.427e-01  
6.523e-01  7.149e-01  
6.476e-01  7.404e-01  
1.006e+00  1.463e-01  
9.946e-01  1.664e-01  
3.724e-01  9.427e-01  
6.452e-01  7.529e-01  
8.153e-01  5.525e-01  
5.785e-01  7.853e-01  
7.229e-01  6.036e-01  
8.229e-01  4.958e-01  
6.848e-01  6.380e-01  
6.612e-01  6.893e-01  
1.055e+00  6.775e-02  
9.958e-01  2.942e-01  
6.253e-01  8.126e-01  
8.687e-01  3.643e-01  
5.415e-01  7.959e-01  
2.105e-01  1.017e+00  
8.214e-01  4.865e-01  
3.649e-01  9.349e-01  
6.838e-01  6.436e-01  
1.055e+00  6.775e-02  
4.987e-01  8.550e-01  
8.481e-01  3.776e-01  
7.571e-01  5.832e-01  
7.963e-02  1.035e+00  
1.004e+00  1.371e-01  
8.506e-02  1.037e+00  
1.041e+00  7.003e-02  
8.303e-01  4.517e-01  
8.477e-01  4.190e-01  
2.320e-01  1.010e+00  
6.928e-01  6.305e-01  
1.053e+00  6.167e-02  
1.011e+00  1.157e-01  
8.832e-01  3.540e-01  
9.599e-01  3.011e-01  
5.583e-02  1.039e+00  
3.732e-01  9.307e-01  
2.350e-01  1.009e+00  
2.394e-01  1.012e+00  
9.064e-01  3.284e-01  
1.061e+00  4.632e-02  
3.221e-01  9.890e-01  
2.631e-01  1.009e+00  
2.631e-01  1.009e+00  
3.951e-01  9.271e-01  
7.722e-02  1.036e+00  
9.886e-01  1.961e-01  
9.976e-01  1.552e-01  
6.548e-02  1.046e+00  
5.166e-01  8.333e-01  
9.599e-01  3.011e-01  
9.646e-01  3.064e-01  
5.350e-01  8.125e-01  
8.235e-02  1.036e+00  
6.279e-02  1.037e+00  
8.452e-01  4.007e-01  
5.941e-02  1.040e+00  
8.235e-02  1.036e+00  
1.064e+00  4.514e-02  
2.320e-01  1.010e+00  
9.866e-01  1.799e-01  
9.886e-01  1.961e-01  
3.951e-01  9.272e-01  
1.052e+00  5.769e-02  
4.309e-01  9.202e-01  
6.282e-02  1.036e+00  
1.002e+00  1.511e-01  
9.972e-01  1.594e-01  
6.548e-02  1.046e+00  
9.582e-01  3.120e-01  
1.035e+00  1.235e-01  
1.064e+00  4.202e-02  
1.052e+00  5.769e-02  
1.062e+00  4.433e-02  
4.066e-01  9.192e-01  
1.062e+00  4.433e-02  
9.659e-01  3.030e-01  
9.783e-01  2.848e-01  
9.905e-01  1.656e-01  
5.688e-02  1.040e+00  
6.907e-01  6.357e-01  
9.942e-01  1.543e-01  
9.830e-01  2.022e-01  
9.946e-01  1.664e-01  
8.137e-02  1.037e+00  
4.459e-01  9.233e-01  
6.282e-02  1.036e+00  
3.468e-01  9.492e-01  
7.245e-01  5.977e-01  
5.008e-01  8.528e-01  
5.105e-01  8.495e-01  
9.830e-01  2.022e-01  
8.506e-02  1.037e+00  
2.394e-01  1.013e+00  
8.733e-01  3.828e-01  
7.722e-02  1.036e+00  
7.280e-02  1.036e+00  
3.951e-01  9.272e-01  
8.564e-01  3.942e-01  
8.998e-01  3.412e-01  
2.320e-01  1.010e+00  
6.760e-02  1.035e+00  
1.021e+00  1.144e-01  
2.268e-01  1.014e+00  
6.760e-02  1.035e+00  
2.320e-01  1.010e+00  
8.231e-01  4.736e-01  
7.229e-01  6.036e-01  
8.506e-02  1.037e+00  
8.469e-01  4.022e-01  
8.421e-01  4.365e-01  
6.445e-01  7.551e-01  
6.736e-01  6.497e-01  
4.216e-01  9.218e-01  
8.421e-01  4.365e-01  
6.677e-01  6.675e-01  
6.365e-02  1.044e+00  
6.123e-01  7.806e-01  
9.582e-01  3.120e-01  
7.466e-01  5.901e-01  
6.633e-01  6.726e-01  
7.529e-01  5.854e-01  
6.365e-02  1.044e+00  
6.123e-01  7.806e-01  
9.646e-01  3.064e-01  
6.736e-01  6.497e-01  
2.346e-01  1.011e+00  
3.951e-01  9.271e-01  
6.660e-01  6.698e-01  
9.896e-01  1.647e-01  
2.092e-01  1.028e+00  
7.640e-01  5.757e-01  
8.343e-01  4.382e-01  
8.477e-01  4.190e-01  
3.483e-01  9.586e-01  
8.557e-01  4.061e-01  
8.231e-01  4.736e-01  
8.259e-01  4.763e-01  
5.055e-01  8.441e-01  
1.028e+00  1.039e-01  
4.911e-01  8.878e-01  
7.657e-02  1.042e+00  
1.028e+00  1.238e-01  
8.452e-01  4.007e-01  
8.303e-01  4.517e-01  
1.885e-01  1.032e+00  
7.132e-01  6.097e-01  
6.660e-01  6.698e-01  
6.523e-01  7.149e-01  
2.418e-01  1.010e+00  
3.752e-01  9.284e-01  
6.055e-01  7.701e-01  
8.343e-01  4.382e-01  
1.012e+00  1.391e-01  
6.633e-01  6.726e-01  
3.649e-01  9.349e-01  
8.303e-01  4.517e-01  
4.309e-01  9.202e-01  
7.126e-01  6.091e-01  
8.408e-01  4.162e-01  
3.715e-01  9.395e-01  
9.955e-01  1.973e-01  
2.257e-01  1.013e+00  
8.257e-01  4.880e-01  
2.704e-01  1.011e+00  
6.798e-01  6.493e-01  
7.529e-01  5.854e-01  
2.335e-01  1.015e+00  
3.579e-01  9.537e-01  
1.039e+00  1.134e-01  
5.837e-01  7.863e-01  
5.542e-01  8.233e-01  
8.452e-01  4.007e-01  
5.542e-01  8.233e-01  
5.105e-01  8.495e-01  
6.476e-01  7.404e-01  
6.487e-02  1.034e+00  
6.736e-01  6.497e-01  
6.727e-01  6.568e-01  
7.963e-02  1.035e+00  
6.385e-01  7.970e-01  
5.046e-01  8.478e-01  
1.006e+00  1.463e-01  
8.469e-01  4.022e-01  
8.343e-01  4.382e-01  
8.733e-01  3.828e-01  
5.664e-01  8.014e-01  
4.957e-01  8.650e-01  
4.427e-01  9.193e-01  
7.529e-01  5.854e-01  
8.432e-01  4.006e-01  
7.640e-01  5.757e-01  
1.011e+00  1.157e-01  
3.715e-01  9.395e-01  
1.039e+00  1.134e-01  
8.506e-02  1.037e+00  
8.421e-01  4.365e-01  
8.240e-01  5.387e-01  
5.542e-01  8.233e-01  
8.153e-01  5.525e-01  
7.125e-02  1.037e+00  
6.798e-01  6.493e-01  
6.123e-01  7.806e-01  
7.466e-01  5.901e-01  
1.035e+00  1.195e-01  
8.998e-01  3.412e-01  
8.557e-01  4.061e-01  
2.394e-01  1.013e+00  
6.548e-02  1.046e+00  
4.427e-01  9.193e-01  
1.006e+00  1.463e-01  
6.660e-01  6.698e-01  
1.011e+00  1.157e-01  
5.320e-02  1.042e+00  
1.054e+00  5.070e-02  
8.229e-01  4.958e-01  
3.854e-01  9.294e-01  
1.000e+00  2.940e-01  
6.665e-02  1.036e+00  
9.942e-01  1.543e-01  
9.875e-01  1.944e-01  
8.111e-02  1.038e+00  
5.105e-01  8.495e-01  
6.452e-01  7.529e-01  
6.608e-01  6.844e-01  
1.011e+00  1.332e-01  
9.860e-01  2.163e-01  
2.320e-01  1.010e+00  
1.000e+00  2.940e-01  
9.646e-01  3.064e-01  
4.772e-01  9.182e-01  
6.963e-01  6.216e-01  
4.957e-01  8.650e-01  
6.848e-01  6.380e-01  
8.229e-01  4.958e-01  
3.610e-01  9.416e-01  
9.599e-01  3.011e-01  
3.649e-01  9.349e-01  
1.011e+00  1.332e-01  
5.185e-01  8.343e-01  
6.798e-01  6.493e-01  
6.123e-01  7.806e-01  
2.257e-01  1.013e+00  
3.157e-01  1.009e+00  
7.529e-01  5.854e-01  
8.481e-01  3.776e-01  
8.998e-01  3.412e-01  
5.166e-01  8.333e-01  
8.557e-01  4.061e-01  
8.481e-01  3.776e-01  
7.280e-02  1.036e+00  
9.269e-01  3.248e-01  
1.035e+00  1.235e-01  
2.704e-01  1.011e+00  
2.777e-01  1.012e+00  
5.138e-01  8.225e-01  
6.539e-01  7.072e-01  
3.185e-01  9.922e-01  
2.418e-01  1.010e+00  
5.317e-01  8.333e-01  
5.081e-01  8.442e-01  
7.466e-01  5.901e-01  
9.783e-01  2.848e-01  
7.032e-02  1.036e+00  
9.860e-01  2.163e-01  
6.660e-01  6.698e-01  
7.032e-02  1.036e+00  
2.120e-01  1.026e+00  
9.659e-01  3.030e-01  
3.951e-01  9.272e-01  
2.418e-01  1.010e+00  
4.911e-01  8.878e-01  
1.052e+00  5.769e-02  
1.064e+00  4.514e-02  
4.403e-01  9.193e-01  
1.062e+00  4.394e-02  
8.187e-01  4.989e-01  
4.427e-01  9.193e-01  
1.006e+00  1.490e-01  
2.394e-01  1.013e+00  
6.760e-02  1.035e+00  
1.062e+00  4.297e-02  
2.704e-01  1.011e+00  
2.257e-01  1.013e+00  
9.860e-01  2.163e-01  
1.053e+00  6.167e-02  
8.715e-01  3.625e-01  
9.942e-01  1.543e-01  
1.041e+00  7.003e-02  
2.632e-01  1.008e+00  
2.320e-01  1.010e+00  
9.599e-01  3.011e-01  
8.467e-01  4.116e-01  
1.052e+00  5.769e-02  
8.263e-01  5.267e-01  
8.998e-01  3.412e-01  
9.860e-01  2.163e-01  
1.046e+00  8.333e-02  
1.064e+00  4.202e-02  
5.925e-02  1.035e+00  
1.978e-01  1.013e+00  
9.599e-01  3.011e-01  
6.383e-02  1.035e+00  
9.866e-01  1.799e-01  
3.732e-01  9.307e-01  
7.542e-02  1.044e+00  
5.105e-01  8.495e-01  
1.832e-01  1.032e+00  
3.180e-01  9.961e-01  
6.856e-02  1.040e+00  
1.008e+00  1.309e-01  
1.035e+00  1.005e-01  
1.046e+00  8.333e-02  
8.057e-02  1.041e+00  
6.365e-02  1.044e+00  
9.913e-01  1.639e-01  
1.514e-01  1.153e+00  
1.046e+00  8.333e-02  
1.041e+00  7.166e-02  
1.041e+00  7.122e-02  
5.342e-02  1.037e+00  
1.048e+00  6.316e-02  
5.856e-02  1.044e+00  
1.062e+00  4.433e-02  
1.061e+00  5.932e-02  
8.111e-02  1.038e+00  
9.803e-01  2.375e-01  
1.064e+00  4.202e-02  
1.065e-01  1.049e+00  
1.053e+00  6.167e-02  
1.038e+00  9.195e-02  
9.828e-01  2.270e-01  
6.648e-02  1.036e+00  
1.011e+00  1.157e-01  
1.046e+00  8.333e-02  
1.064e+00  4.202e-02  
1.041e+00  7.122e-02  
5.042e-01  8.417e-01  
8.057e-02  1.041e+00  
1.053e+00  6.167e-02  
6.665e-02  1.036e+00  
2.000e-01  1.018e+00  
6.665e-02  1.036e+00  
9.233e-01  3.250e-01  
1.002e+00  1.511e-01  
8.111e-02  1.038e+00  
9.843e-01  2.013e-01  
1.064e+00  4.514e-02  
3.732e-01  9.307e-01  
3.732e-01  9.307e-01  
5.222e-01  8.219e-01  
8.214e-01  4.865e-01  
1.006e+00  1.463e-01  
6.548e-02  1.046e+00  
2.418e-01  1.010e+00  
1.041e+00  7.122e-02  
9.886e-01  1.961e-01  
6.760e-02  1.035e+00  
1.062e+00  4.433e-02  
8.161e-01  5.279e-01  
6.123e-01  7.806e-01  
1.062e+00  4.394e-02  
9.646e-01  3.064e-01  
9.646e-01  3.064e-01  
5.138e-01  8.225e-01  
4.812e-01  9.282e-01  
8.216e-02  1.036e+00  
8.111e-02  1.038e+00  
2.394e-01  1.013e+00  
3.483e-01  9.586e-01  
7.171e-01  6.087e-01  
8.557e-01  4.061e-01  
6.451e-01  7.745e-01  
9.875e-01  1.944e-01  
5.542e-01  8.233e-01  
8.229e-01  4.958e-01  
1.012e+00  1.391e-01  
7.377e-02  1.036e+00  
9.646e-01  3.064e-01  
5.081e-01  8.442e-01  
5.055e-01  8.441e-01  
1.038e+00  7.521e-02  
5.925e-01  7.900e-01  
2.704e-01  1.011e+00  
4.913e-01  8.793e-01  
5.110e-01  8.376e-01  
8.421e-01  4.365e-01  
2.632e-01  1.008e+00  
6.305e-01  7.727e-01  
1.060e+00  5.140e-02  
9.843e-01  2.013e-01  
4.427e-01  9.193e-01  
1.046e+00  8.333e-02  
2.206e-01  1.012e+00  
8.212e-01  4.993e-01  
6.612e-01  6.893e-01  
2.257e-01  1.013e+00  
8.477e-01  4.190e-01  
1.030e+00  1.005e-01  
1.041e+00  7.122e-02  
6.750e-01  6.474e-01  
7.963e-02  1.035e+00  
6.777e-01  6.553e-01  
4.913e-01  8.793e-01  
7.032e-02  1.036e+00  
8.635e-02  1.045e+00  
7.349e-01  5.862e-01  
9.659e-01  3.030e-01  
8.557e-01  4.061e-01  
7.280e-02  1.036e+00  
6.365e-02  1.044e+00  
7.229e-01  6.036e-01  
7.349e-01  5.862e-01  
8.998e-01  3.412e-01  
2.418e-01  1.010e+00  
7.171e-01  6.087e-01  
