4.322e-01  1.094e+00  
9.527e-01  7.790e-01  
7.292e-01  8.670e-01  
1.303e+00  8.177e-01  
5.652e-01  9.652e-01  
8.583e-01  8.002e-01  
4.957e-01  1.048e+00  
5.387e-01  8.959e-01  
1.201e+00  7.985e-01  
9.738e-01  7.799e-01  
4.719e-01  9.905e-01  
8.346e-01  8.305e-01  
9.687e-01  7.910e-01  
5.959e-01  9.156e-01  
5.969e-01  8.777e-01  
1.016e+00  7.811e-01  
5.339e-01  9.519e-01  
4.968e-01  8.944e-01  
8.837e-01  7.890e-01  
1.213e+00  7.877e-01  
5.650e-01  9.216e-01  
8.325e-01  8.064e-01  
7.293e-01  8.774e-01  
1.030e+00  7.967e-01  
8.569e-01  8.203e-01  
9.527e-01  7.790e-01  
5.432e-01  9.265e-01  
4.403e-01  1.013e+00  
6.654e-01  8.663e-01  
4.432e-01  9.906e-01  
1.068e+00  8.037e-01  
1.171e+00  7.984e-01  
5.113e-01  9.316e-01  
1.234e+00  7.985e-01  
1.076e+00  7.783e-01  
4.390e-01  9.975e-01  
5.650e-01  9.216e-01  
4.961e-01  9.011e-01  
4.801e-01  9.791e-01  
8.730e-01  8.293e-01  
7.292e-01  8.670e-01  
8.572e-01  8.002e-01  
6.659e-01  8.607e-01  
5.282e-01  9.311e-01  
4.918e-01  1.014e+00  
1.157e+00  7.920e-01  
8.527e-01  8.424e-01  
1.076e+00  7.783e-01  
8.478e-01  8.496e-01  
5.690e-01  9.613e-01  
6.931e-01  8.796e-01  
6.204e-01  8.944e-01  
4.371e-01  1.076e+00  
1.024e+00  8.025e-01  
4.531e-01  9.421e-01  
7.462e-01  8.989e-01  
1.157e+00  7.920e-01  
1.129e+00  8.231e-01  
5.737e-01  9.410e-01  
1.103e+00  8.096e-01  
9.671e-01  7.810e-01  
6.659e-01  8.607e-01  
1.269e+00  7.934e-01  
1.078e+00  7.886e-01  
4.961e-01  9.011e-01  
9.700e-01  7.982e-01  
4.719e-01  9.905e-01  
1.132e+00  8.112e-01  
8.522e-01  8.124e-01  
8.371e-01  8.668e-01  
1.565e+00  8.123e-01  
5.506e-01  9.620e-01  
8.517e-01  8.002e-01  
6.651e-01  9.035e-01  
7.641e-01  8.893e-01  
5.068e-01  9.300e-01  
4.534e-01  9.745e-01  
9.922e-01  7.909e-01  
9.035e-01  8.190e-01  
1.135e+00  8.170e-01  
8.517e-01  8.002e-01  
6.145e-01  8.846e-01  
7.305e-01  8.729e-01  
8.527e-01  8.424e-01  
7.329e-01  9.205e-01  
9.098e-01  8.072e-01  
4.800e-01  8.949e-01  
4.536e-01  9.356e-01  
7.113e-01  8.900e-01  
8.527e-01  8.424e-01  
5.257e-01  8.839e-01  
1.166e+00  8.208e-01  
1.056e+00  7.867e-01  
4.364e-01  9.969e-01  
1.030e+00  7.967e-01  
6.160e-01  9.334e-01  
6.876e-01  8.619e-01  
8.837e-01  7.890e-01  
6.119e-01  9.670e-01  
8.527e-01  8.424e-01  
4.348e-01  1.043e+00  
4.944e-01  8.916e-01  
8.476e-01  7.957e-01  
4.830e-01  9.471e-01  
9.687e-01  7.910e-01  
1.269e+00  7.934e-01  
4.376e-01  9.931e-01  
7.293e-01  8.774e-01  
1.166e+00  8.208e-01  
1.081e+00  7.916e-01  
6.659e-01  8.607e-01  
4.961e-01  9.011e-01  
6.141e-01  9.447e-01  
7.329e-01  9.205e-01  
6.734e-01  9.211e-01  
1.269e+00  7.934e-01  
5.068e-01  9.300e-01  
1.226e+00  7.995e-01  
4.370e-01  1.012e+00  
1.132e+00  8.112e-01  
9.967e-01  7.701e-01  
5.922e-01  1.009e+00  
1.103e+00  8.096e-01  
5.113e-01  9.316e-01  
1.047e+00  7.914e-01  
4.355e-01  1.161e+00  
1.129e+00  8.231e-01  
5.523e-01  8.763e-01  
1.001e+00  7.762e-01  
7.329e-01  9.205e-01  
1.159e+00  7.435e-01  
5.149e-01  9.253e-01  
5.068e-01  9.300e-01  
4.719e-01  9.905e-01  
1.082e+00  7.589e-01  
1.269e+00  7.934e-01  
9.023e-01  7.599e-01  
5.666e-01  9.217e-01  
1.078e+00  7.886e-01  
5.257e-01  8.839e-01  
4.364e-01  9.969e-01  
1.083e+00  8.343e-01  
1.166e+00  8.208e-01  
6.837e-01  9.094e-01  
7.140e-01  8.895e-01  
7.382e-01  8.718e-01  
5.666e-01  9.217e-01  
8.325e-01  8.064e-01  
5.149e-01  9.253e-01  
5.690e-01  9.613e-01  
6.837e-01  9.094e-01  
1.213e+00  7.877e-01  
6.476e-01  8.781e-01  
8.478e-01  8.496e-01  
5.666e-01  9.217e-01  
9.035e-01  8.190e-01  
5.149e-01  9.253e-01  
5.745e-01  9.272e-01  
8.730e-01  8.293e-01  
8.583e-01  8.002e-01  
1.027e+00  7.937e-01  
5.523e-01  8.763e-01  
8.572e-01  8.002e-01  
5.514e-01  9.414e-01  
7.524e-01  8.912e-01  
7.362e-01  9.047e-01  
7.131e-01  8.899e-01  
8.312e-01  8.399e-01  
1.056e+00  7.867e-01  
8.506e-01  8.047e-01  
7.641e-01  8.893e-01  
9.418e-01  8.119e-01  
4.328e-01  1.049e+00  
8.665e-01  8.406e-01  
4.370e-01  1.012e+00  
8.325e-01  8.064e-01  
4.961e-01  9.011e-01  
7.382e-01  8.718e-01  
4.830e-01  9.471e-01  
7.462e-01  8.989e-01  
1.057e+00  7.977e-01  
6.202e-01  9.603e-01  
6.659e-01  8.607e-01  
6.659e-01  8.607e-01  
9.594e-01  7.757e-01  
9.671e-01  7.810e-01  
5.690e-01  9.613e-01  
6.690e-01  8.626e-01  
8.307e-01  8.518e-01  
6.267e-01  8.968e-01  
8.312e-01  8.399e-01  
8.730e-01  8.293e-01  
6.725e-01  9.118e-01  
7.558e-01  8.638e-01  
9.967e-01  7.701e-01  
1.171e+00  7.984e-01  
7.305e-01  8.729e-01  
9.430e-01  7.850e-01  
6.749e-01  8.828e-01  
5.250e-01  9.257e-01  
8.665e-01  8.406e-01  
6.204e-01  8.944e-01  
7.024e-01  8.891e-01  
1.016e+00  7.811e-01  
6.145e-01  8.846e-01  
1.157e+00  7.920e-01  
8.515e-01  8.098e-01  
4.638e-01  9.947e-01  
1.014e+00  7.839e-01  
4.812e-01  1.001e+00  
1.076e+00  7.783e-01  
9.977e-01  7.810e-01  
1.096e+00  8.371e-01  
5.701e-01  8.858e-01  
7.462e-01  8.989e-01  
1.190e+00  7.780e-01  
1.135e+00  8.238e-01  
1.213e+00  7.978e-01  
9.977e-01  7.810e-01  
4.522e-01  9.278e-01  
5.540e-01  9.767e-01  
5.339e-01  9.519e-01  
4.801e-01  9.791e-01  
1.078e+00  7.886e-01  
9.527e-01  7.790e-01  
5.432e-01  9.265e-01  
5.278e-01  9.271e-01  
4.957e-01  1.048e+00  
6.304e-01  9.280e-01  
4.740e-01  9.320e-01  
1.130e+00  7.880e-01  
1.226e+00  7.995e-01  
4.355e-01  1.161e+00  
5.969e-01  8.777e-01  
1.081e+00  7.916e-01  
1.130e+00  7.880e-01  
6.141e-01  9.447e-01  
4.460e-01  1.077e+00  
4.735e-01  9.987e-01  
9.687e-01  7.910e-01  
4.375e-01  9.670e-01  
4.719e-01  9.905e-01  
1.081e+00  7.916e-01  
4.983e-01  9.701e-01  
1.030e+00  7.967e-01  
9.961e-01  7.870e-01  
6.119e-01  9.670e-01  
9.738e-01  7.799e-01  
6.141e-01  9.447e-01  
4.375e-01  9.670e-01  
1.204e+00  7.948e-01  
1.146e+00  7.575e-01  
4.522e-01  9.278e-01  
1.057e+00  7.977e-01  
1.207e+00  7.925e-01  
9.312e-01  7.829e-01  
9.312e-01  7.829e-01  
1.082e+00  7.589e-01  
6.837e-01  9.094e-01  
1.076e+00  7.783e-01  
9.430e-01  7.850e-01  
9.179e-01  7.863e-01  
1.015e+00  7.778e-01  
4.393e-01  1.047e+00  
8.346e-01  8.305e-01  
1.085e+00  7.916e-01  
1.132e+00  8.112e-01  
1.130e+00  7.880e-01  
4.536e-01  9.471e-01  
5.717e-01  9.053e-01  
4.510e-01  9.837e-01  
5.690e-01  9.613e-01  
8.476e-01  7.957e-01  
6.931e-01  8.796e-01  
6.380e-01  9.059e-01  
1.053e+00  7.881e-01  
4.510e-01  9.837e-01  
5.113e-01  9.316e-01  
9.687e-01  7.910e-01  
4.375e-01  9.670e-01  
5.149e-01  9.253e-01  
6.085e-01  9.190e-01  
9.977e-01  7.810e-01  
1.157e+00  7.920e-01  
5.701e-01  8.858e-01  
4.460e-01  1.077e+00  
1.129e+00  8.231e-01  
4.957e-01  1.048e+00  
4.522e-01  9.278e-01  
5.149e-01  9.253e-01  
8.572e-01  8.002e-01  
8.569e-01  8.203e-01  
4.534e-01  9.745e-01  
1.135e+00  8.238e-01  
9.785e-01  8.100e-01  
7.292e-01  8.670e-01  
7.382e-01  8.718e-01  
5.975e-01  9.450e-01  
9.741e-01  8.021e-01  
7.293e-01  8.774e-01  
4.376e-01  9.931e-01  
7.275e-01  8.906e-01  
1.068e+00  8.037e-01  
8.312e-01  8.399e-01  
7.480e-01  8.772e-01  
8.846e-01  8.482e-01  
4.370e-01  1.012e+00  
7.131e-01  8.899e-01  
8.569e-01  8.203e-01  
7.382e-01  8.718e-01  
5.135e-01  9.401e-01  
5.666e-01  9.217e-01  
8.315e-01  8.796e-01  
1.030e+00  7.967e-01  
5.105e-01  9.150e-01  
8.588e-01  8.081e-01  
1.024e+00  8.025e-01  
8.665e-01  8.406e-01  
6.141e-01  9.447e-01  
8.808e-01  8.199e-01  
8.583e-01  8.002e-01  
9.663e-01  8.354e-01  
5.523e-01  8.763e-01  
1.085e+00  7.916e-01  
6.837e-01  9.094e-01  
4.800e-01  8.949e-01  
1.150e+00  7.968e-01  
1.034e+00  8.167e-01  
1.027e+00  7.937e-01  
4.719e-01  9.905e-01  
8.522e-01  8.124e-01  
7.293e-01  8.774e-01  
6.766e-01  8.684e-01  
5.285e-01  9.444e-01  
6.145e-01  8.846e-01  
7.131e-01  8.899e-01  
8.837e-01  7.890e-01  
1.015e+00  7.778e-01  
7.480e-01  8.772e-01  
5.257e-01  8.839e-01  
1.027e+00  7.937e-01  
6.204e-01  8.944e-01  
8.478e-01  8.496e-01  
8.665e-01  8.406e-01  
6.204e-01  8.944e-01  
1.204e+00  7.948e-01  
7.365e-01  9.413e-01  
8.506e-01  8.047e-01  
5.530e-01  9.338e-01  
7.524e-01  8.912e-01  
8.355e-01  8.183e-01  
5.432e-01  9.265e-01  
5.652e-01  9.652e-01  
9.594e-01  7.757e-01  
7.329e-01  9.205e-01  
6.654e-01  8.663e-01  
9.195e-01  7.916e-01  
7.076e-01  9.136e-01  
7.305e-01  8.729e-01  
7.382e-01  8.718e-01  
4.830e-01  9.471e-01  
7.462e-01  8.989e-01  
7.292e-01  8.670e-01  
4.536e-01  9.471e-01  
7.131e-01  8.899e-01  
6.710e-01  9.306e-01  
9.589e-01  7.910e-01  
8.572e-01  8.002e-01  
9.035e-01  8.190e-01  
1.078e+00  7.897e-01  
7.329e-01  9.205e-01  
7.362e-01  9.047e-01  
6.145e-01  8.846e-01  
8.583e-01  8.002e-01  
8.837e-01  7.890e-01  
8.517e-01  8.002e-01  
9.589e-01  7.910e-01  
5.113e-01  9.316e-01  
9.312e-01  7.645e-01  
4.432e-01  9.906e-01  
9.035e-01  8.190e-01  
8.898e-01  9.002e-01  
7.076e-01  9.136e-01  
9.035e-01  8.190e-01  
4.905e-01  9.248e-01  
8.721e-01  8.190e-01  
7.076e-01  9.136e-01  
8.828e-01  8.453e-01  
9.967e-01  7.701e-01  
1.027e+00  7.937e-01  
9.345e-01  8.275e-01  
5.113e-01  9.316e-01  
4.460e-01  1.077e+00  
6.423e-01  8.921e-01  
1.204e+00  7.948e-01  
7.860e-01  8.806e-01  
1.078e+00  7.886e-01  
4.460e-01  1.077e+00  
1.032e+00  7.831e-01  
8.683e-01  8.035e-01  
5.887e-01  9.086e-01  
9.179e-01  7.863e-01  
4.432e-01  9.906e-01  
1.171e+00  7.850e-01  
1.016e+00  7.811e-01  
4.460e-01  1.077e+00  
6.145e-01  8.846e-01  
7.305e-01  8.729e-01  
7.382e-01  8.718e-01  
1.269e+00  7.934e-01  
1.171e+00  7.984e-01  
5.737e-01  9.410e-01  
9.311e-01  8.173e-01  
1.234e+00  7.985e-01  
5.523e-01  8.763e-01  
8.371e-01  8.668e-01  
7.362e-01  9.047e-01  
7.462e-01  8.989e-01  
8.665e-01  8.406e-01  
5.701e-01  8.858e-01  
1.234e+00  7.985e-01  
5.717e-01  9.053e-01  
1.066e+00  7.746e-01  
6.145e-01  8.846e-01  
7.558e-01  8.638e-01  
7.293e-01  8.774e-01  
5.339e-01  9.519e-01  
5.315e-01  8.879e-01  
8.456e-01  8.055e-01  
9.311e-01  8.173e-01  
1.234e+00  7.985e-01  
6.423e-01  8.921e-01  
1.078e+00  7.897e-01  
9.430e-01  7.850e-01  
4.370e-01  1.012e+00  
1.047e+00  7.914e-01  
1.103e+00  8.096e-01  
4.957e-01  1.048e+00  
4.901e-01  8.894e-01  
6.964e-01  9.075e-01  
7.480e-01  8.772e-01  
5.432e-01  9.265e-01  
4.961e-01  9.011e-01  
5.835e-01  9.078e-01  
5.901e-01  8.913e-01  
8.572e-01  8.002e-01  
9.414e-01  8.036e-01  
4.534e-01  9.745e-01  
9.292e-01  7.798e-01  
7.382e-01  8.718e-01  
4.640e-01  9.891e-01  
4.640e-01  9.891e-01  
1.135e+00  8.238e-01  
5.901e-01  8.913e-01  
5.300e-01  9.458e-01  
6.734e-01  9.211e-01  
1.056e+00  7.867e-01  
1.085e+00  7.916e-01  
6.734e-01  9.211e-01  
1.056e+00  7.867e-01  
8.583e-01  8.002e-01  
7.362e-01  9.047e-01  
1.135e+00  8.170e-01  
5.690e-01  9.613e-01  
4.322e-01  1.094e+00  
1.081e+00  7.916e-01  
5.618e-01  9.611e-01  
5.250e-01  9.257e-01  
1.081e+00  7.916e-01  
1.132e+00  8.112e-01  
9.687e-01  7.910e-01  
1.085e+00  7.916e-01  
1.001e+00  7.762e-01  
5.339e-01  9.519e-01  
5.737e-01  9.410e-01  
9.594e-01  7.757e-01  
8.855e-01  8.337e-01  
9.312e-01  7.829e-01  
8.572e-01  8.002e-01  
9.977e-01  7.810e-01  
1.016e+00  7.811e-01  
1.207e+00  7.836e-01  
1.203e+00  7.947e-01  
4.536e-01  9.356e-01  
5.257e-01  8.839e-01  
1.213e+00  7.978e-01  
4.514e-01  9.616e-01  
1.152e+00  7.887e-01  
5.243e-01  8.817e-01  
4.534e-01  9.745e-01  
6.837e-01  9.094e-01  
4.830e-01  9.471e-01  
5.618e-01  9.611e-01  
4.328e-01  1.049e+00  
1.269e+00  7.934e-01  
1.135e+00  8.170e-01  
1.056e+00  8.002e-01  
4.536e-01  9.471e-01  
4.322e-01  1.094e+00  
1.015e+00  7.778e-01  
4.534e-01  9.745e-01  
1.129e+00  8.231e-01  
9.738e-01  7.799e-01  
9.312e-01  7.829e-01  
4.370e-01  1.012e+00  
1.222e+00  7.740e-01  
4.366e-01  1.017e+00  
1.113e+00  7.808e-01  
1.129e+00  8.231e-01  
4.957e-01  1.048e+00  
9.671e-01  7.810e-01  
1.203e+00  7.947e-01  
5.250e-01  9.257e-01  
1.372e+00  8.042e-01  
1.159e+00  7.435e-01  
1.132e+00  8.112e-01  
4.443e-01  9.789e-01  
1.135e+00  8.170e-01  
9.967e-01  7.701e-01  
9.557e-01  7.832e-01  
1.203e+00  7.947e-01  
6.837e-01  9.094e-01  
4.862e-01  9.346e-01  
1.100e+00  7.673e-01  
4.370e-01  1.012e+00  
4.905e-01  9.248e-01  
4.531e-01  9.421e-01  
1.157e+00  7.920e-01  
1.030e+00  7.967e-01  
4.830e-01  9.471e-01  
1.172e+00  8.117e-01  
9.312e-01  7.829e-01  
6.141e-01  9.447e-01  
5.887e-01  9.086e-01  
5.523e-01  8.763e-01  
8.392e-01  8.304e-01  
1.226e+00  7.995e-01  
4.376e-01  9.931e-01  
5.154e-01  9.397e-01  
1.103e+00  8.096e-01  
1.171e+00  7.984e-01  
4.801e-01  9.791e-01  
8.987e-01  7.720e-01  
8.517e-01  8.002e-01  
6.654e-01  8.663e-01  
1.190e+00  7.780e-01  
1.078e+00  7.897e-01  
1.057e+00  7.977e-01  
6.789e-01  9.144e-01  
6.160e-01  9.334e-01  
4.741e-01  9.518e-01  
4.470e-01  1.064e+00  
5.618e-01  9.611e-01  
5.483e-01  9.633e-01  
8.846e-01  8.482e-01  
8.665e-01  8.406e-01  
7.293e-01  8.774e-01  
1.030e+00  7.967e-01  
5.915e-01  8.871e-01  
8.392e-01  8.304e-01  
1.085e+00  7.916e-01  
4.800e-01  8.949e-01  
1.078e+00  7.886e-01  
6.567e-01  9.180e-01  
5.523e-01  8.763e-01  
1.203e+00  7.947e-01  
7.131e-01  8.899e-01  
4.957e-01  1.048e+00  
5.901e-01  8.913e-01  
5.969e-01  8.777e-01  
9.687e-01  7.910e-01  
5.490e-01  9.174e-01  
6.166e-01  8.770e-01  
1.028e+00  7.703e-01  
1.020e+00  7.813e-01  
6.085e-01  9.190e-01  
1.001e+00  7.762e-01  
5.149e-01  9.253e-01  
8.506e-01  8.047e-01  
7.558e-01  8.638e-01  
5.068e-01  9.300e-01  
9.939e-01  8.193e-01  
9.312e-01  7.829e-01  
1.082e+00  7.589e-01  
6.876e-01  8.619e-01  
4.665e-01  9.862e-01  
8.345e-01  8.401e-01  
5.901e-01  8.913e-01  
4.340e-01  1.042e+00  
4.510e-01  9.837e-01  
8.539e-01  8.121e-01  
1.234e+00  7.985e-01  
8.307e-01  8.518e-01  
4.328e-01  1.049e+00  
4.432e-01  9.906e-01  
8.476e-01  7.957e-01  
7.462e-01  8.989e-01  
1.157e+00  7.920e-01  
5.250e-01  9.257e-01  
7.292e-01  8.670e-01  
