1.871e-02  1.025e+00  
8.639e-01  1.228e-01  
3.939e-01  4.503e-01  
7.186e-01  2.307e-01  
1.844e-01  6.220e-01  
4.733e-01  3.594e-01  
1.001e-01  7.331e-01  
3.260e-01  5.202e-01  
8.545e-01  1.742e-01  
8.596e-01  1.199e-01  
2.433e-02  9.287e-01  
4.587e-01  3.847e-01  
5.208e-01  3.166e-01  
2.281e-01  5.697e-01  
3.615e-01  4.997e-01  
7.186e-01  2.307e-01  
1.113e-01  7.423e-01  
1.053e-01  7.060e-01  
5.119e-01  3.275e-01  
8.539e-01  1.326e-01  
2.492e-01  5.463e-01  
3.793e-01  4.248e-01  
3.553e-01  4.477e-01  
8.745e-01  1.079e-01  
4.587e-01  3.847e-01  
8.738e-01  9.865e-02  
1.890e-01  6.249e-01  
2.273e-02  9.122e-01  
2.709e-01  5.262e-01  
7.911e-02  7.547e-01  
5.491e-01  2.897e-01  
6.436e-01  2.585e-01  
1.696e-01  6.265e-01  
6.840e-01  2.330e-01  
8.850e-01  9.901e-02  
3.105e-02  9.852e-01  
2.492e-01  5.463e-01  
1.342e-01  8.505e-01  
8.754e-02  7.361e-01  
5.056e-01  3.290e-01  
3.636e-01  4.655e-01  
4.952e-01  3.754e-01  
3.047e-01  5.032e-01  
2.228e-01  5.728e-01  
1.321e-01  7.210e-01  
6.104e-01  2.846e-01  
4.397e-01  4.054e-01  
9.005e-01  1.170e-01  
3.914e-01  4.146e-01  
2.061e-01  6.330e-01  
3.518e-01  4.455e-01  
3.044e-01  5.285e-01  
2.630e-02  9.378e-01  
5.351e-01  3.539e-01  
6.853e-02  7.836e-01  
4.497e-01  4.217e-01  
5.676e-01  3.028e-01  
8.791e-01  9.710e-02  
1.449e-01  7.787e-01  
8.486e-01  1.605e-01  
8.539e-01  1.326e-01  
3.316e-01  5.131e-01  
6.634e-01  2.223e-01  
6.629e-01  2.236e-01  
1.674e-01  7.040e-01  
7.222e-01  2.286e-01  
9.320e-02  7.546e-01  
5.491e-01  2.897e-01  
3.939e-01  4.503e-01  
4.497e-01  4.217e-01  
6.676e-01  2.204e-01  
1.757e-01  6.331e-01  
5.067e-01  3.181e-01  
2.758e-01  5.352e-01  
3.730e-01  4.397e-01  
1.176e-01  7.663e-01  
1.012e-01  7.321e-01  
6.634e-01  2.223e-01  
4.845e-01  3.423e-01  
9.005e-01  1.170e-01  
4.902e-01  3.616e-01  
2.806e-01  6.099e-01  
3.617e-01  4.429e-01  
4.849e-01  3.426e-01  
3.230e-01  4.724e-01  
4.773e-01  3.956e-01  
1.125e-01  7.257e-01  
5.143e-02  8.288e-01  
3.200e-01  4.928e-01  
4.542e-01  3.653e-01  
2.061e-01  6.330e-01  
6.249e-01  2.822e-01  
8.591e-01  1.172e-01  
3.697e-02  8.996e-01  
8.490e-01  1.593e-01  
2.228e-01  5.728e-01  
3.518e-01  4.455e-01  
5.105e-01  3.151e-01  
2.392e-01  6.273e-01  
4.952e-01  3.754e-01  
3.119e-02  8.875e-01  
1.113e-01  7.423e-01  
4.902e-01  3.616e-01  
8.825e-02  7.306e-01  
5.365e-01  2.949e-01  
8.446e-01  1.757e-01  
2.578e-02  9.156e-01  
3.888e-01  4.343e-01  
5.491e-01  2.897e-01  
6.507e-01  2.539e-01  
3.316e-01  5.131e-01  
2.061e-01  6.330e-01  
2.492e-01  5.463e-01  
3.078e-01  4.895e-01  
2.245e-01  5.693e-01  
8.490e-01  1.593e-01  
1.459e-01  6.580e-01  
7.222e-01  2.286e-01  
7.042e-02  9.325e-01  
8.490e-01  1.593e-01  
8.591e-01  1.172e-01  
1.459e-01  6.580e-01  
8.984e-01  1.193e-01  
1.890e-01  6.249e-01  
6.436e-01  2.585e-01  
9.325e-03  9.929e-01  
8.745e-01  1.079e-01  
2.745e-01  5.516e-01  
8.794e-01  1.200e-01  
2.392e-01  6.273e-01  
8.719e-01  1.092e-01  
1.103e-01  7.127e-01  
1.069e-01  7.194e-01  
1.058e-01  7.429e-01  
9.066e-01  8.839e-02  
8.488e-01  1.539e-01  
8.791e-01  9.710e-02  
2.077e-01  6.183e-01  
6.629e-01  2.236e-01  
1.850e-01  6.005e-01  
3.105e-02  9.852e-01  
5.119e-01  3.275e-01  
5.688e-01  2.846e-01  
2.758e-01  5.352e-01  
3.157e-01  4.848e-01  
3.617e-01  4.429e-01  
1.890e-01  6.249e-01  
4.587e-01  3.847e-01  
1.001e-01  7.331e-01  
2.392e-01  6.273e-01  
2.590e-01  5.221e-01  
7.324e-01  2.386e-01  
2.745e-01  5.516e-01  
3.939e-01  4.503e-01  
2.061e-01  6.330e-01  
5.005e-01  3.309e-01  
1.321e-01  7.210e-01  
1.963e-01  6.215e-01  
4.952e-01  3.754e-01  
4.917e-01  3.370e-01  
5.617e-01  2.939e-01  
2.594e-01  5.710e-01  
5.147e-01  3.433e-01  
1.346e-01  7.052e-01  
3.518e-01  4.455e-01  
2.767e-01  5.167e-01  
3.615e-01  4.997e-01  
4.789e-01  3.603e-01  
8.771e-01  1.329e-01  
4.902e-01  3.616e-01  
3.793e-01  4.248e-01  
5.461e-01  3.099e-01  
1.650e-02  9.642e-01  
4.736e-01  3.810e-01  
3.105e-02  9.852e-01  
4.733e-01  3.594e-01  
1.125e-01  7.257e-01  
3.590e-01  4.370e-01  
8.411e-02  7.510e-01  
4.633e-01  4.205e-01  
5.705e-01  2.905e-01  
3.108e-01  5.113e-01  
3.636e-01  4.655e-01  
3.296e-01  4.558e-01  
8.483e-01  1.301e-01  
7.324e-01  2.386e-01  
1.963e-01  6.215e-01  
3.332e-01  4.558e-01  
4.464e-01  3.868e-01  
3.247e-01  4.955e-01  
4.270e-01  4.203e-01  
4.974e-01  3.640e-01  
3.939e-01  4.503e-01  
3.682e-01  4.537e-01  
8.556e-01  1.102e-01  
6.507e-01  2.539e-01  
3.044e-01  5.285e-01  
5.750e-01  2.855e-01  
3.224e-01  5.143e-01  
1.125e-01  7.257e-01  
4.917e-01  3.370e-01  
2.371e-01  5.802e-01  
3.940e-01  4.286e-01  
8.429e-01  1.645e-01  
2.590e-01  5.221e-01  
5.261e-01  3.128e-01  
4.502e-01  4.100e-01  
7.911e-02  7.547e-01  
7.188e-01  2.243e-01  
3.119e-02  8.875e-01  
8.619e-01  1.299e-01  
5.365e-01  2.949e-01  
5.263e-01  3.270e-01  
9.786e-02  7.234e-01  
3.942e-01  4.623e-01  
8.771e-01  1.329e-01  
6.629e-01  2.236e-01  
6.249e-01  2.834e-01  
7.186e-01  2.307e-01  
7.911e-02  7.547e-01  
1.967e-01  5.991e-01  
1.671e-01  6.770e-01  
1.125e-01  7.257e-01  
6.430e-01  2.695e-01  
8.873e-01  1.221e-01  
1.890e-01  6.249e-01  
1.209e-01  6.889e-01  
1.345e-01  7.023e-01  
2.392e-01  6.273e-01  
6.705e-02  7.572e-01  
7.068e-01  2.194e-01  
8.850e-01  9.901e-02  
1.871e-02  1.025e+00  
3.044e-01  5.285e-01  
6.436e-01  2.585e-01  
6.755e-01  2.358e-01  
3.224e-01  5.143e-01  
3.119e-02  8.875e-01  
9.320e-02  7.546e-01  
5.365e-01  2.949e-01  
1.793e-02  9.690e-01  
7.003e-02  7.549e-01  
8.488e-01  1.539e-01  
1.744e-01  6.981e-01  
8.545e-01  1.742e-01  
6.629e-01  2.236e-01  
2.423e-01  5.964e-01  
8.695e-01  1.199e-01  
2.423e-01  5.964e-01  
3.105e-02  9.852e-01  
8.562e-01  1.429e-01  
8.444e-01  1.622e-01  
3.697e-02  8.996e-01  
6.376e-01  2.512e-01  
8.716e-01  1.116e-01  
9.132e-01  1.018e-01  
8.738e-01  9.484e-02  
9.181e-01  1.316e-01  
2.234e-01  5.796e-01  
8.850e-01  9.901e-02  
7.324e-01  2.386e-01  
6.755e-01  2.358e-01  
8.470e-01  1.630e-01  
3.105e-02  9.852e-01  
3.942e-01  4.623e-01  
8.488e-01  1.539e-01  
7.148e-01  2.298e-01  
6.629e-01  2.236e-01  
3.673e-02  8.425e-01  
2.480e-01  5.554e-01  
5.530e-02  8.314e-01  
1.696e-01  6.265e-01  
3.940e-01  4.286e-01  
3.230e-01  4.724e-01  
2.691e-01  5.460e-01  
7.068e-01  2.194e-01  
8.411e-02  7.510e-01  
1.113e-01  7.423e-01  
5.365e-01  2.949e-01  
7.137e-02  8.064e-01  
6.853e-02  7.836e-01  
2.170e-01  6.260e-01  
5.491e-01  2.897e-01  
6.249e-01  2.822e-01  
1.757e-01  6.331e-01  
1.650e-02  9.642e-01  
8.759e-01  1.576e-01  
1.069e-01  7.194e-01  
4.342e-02  8.283e-01  
1.103e-01  7.127e-01  
5.006e-01  3.343e-01  
4.538e-01  4.403e-01  
7.911e-02  7.547e-01  
5.261e-01  3.128e-01  
5.365e-01  2.949e-01  
3.439e-01  4.802e-01  
3.636e-01  4.655e-01  
2.082e-01  5.842e-01  
5.129e-01  3.238e-01  
3.713e-01  4.568e-01  
2.578e-02  9.156e-01  
3.316e-01  5.131e-01  
5.663e-01  2.868e-01  
4.397e-01  4.054e-01  
3.636e-01  4.655e-01  
4.736e-01  3.810e-01  
3.697e-02  8.996e-01  
3.222e-01  4.870e-01  
4.902e-01  3.616e-01  
3.636e-01  4.655e-01  
1.058e-01  7.429e-01  
2.245e-01  5.693e-01  
3.914e-01  4.146e-01  
7.324e-01  2.386e-01  
8.754e-02  7.361e-01  
4.430e-01  4.289e-01  
5.015e-01  3.396e-01  
4.917e-01  3.370e-01  
2.061e-01  6.330e-01  
4.789e-01  3.603e-01  
4.849e-01  3.426e-01  
4.954e-01  3.319e-01  
2.368e-01  5.564e-01  
8.521e-01  1.605e-01  
3.044e-01  5.285e-01  
1.058e-01  7.429e-01  
8.591e-01  1.172e-01  
5.491e-01  2.897e-01  
6.126e-01  2.999e-01  
9.320e-02  7.546e-01  
4.497e-01  4.217e-01  
3.942e-01  4.623e-01  
3.631e-01  4.533e-01  
1.206e-01  7.061e-01  
2.077e-01  6.183e-01  
3.220e-01  4.876e-01  
4.902e-01  3.616e-01  
8.521e-01  1.605e-01  
3.296e-01  4.558e-01  
2.054e-01  6.218e-01  
5.688e-01  2.846e-01  
2.392e-01  6.273e-01  
4.172e-01  4.431e-01  
5.119e-01  3.275e-01  
1.994e-01  6.102e-01  
8.531e-01  1.597e-01  
1.321e-01  7.210e-01  
4.826e-01  3.408e-01  
1.671e-01  6.770e-01  
3.793e-01  4.248e-01  
4.397e-01  4.054e-01  
1.674e-01  7.040e-01  
1.890e-01  6.249e-01  
8.539e-01  1.326e-01  
3.316e-01  5.131e-01  
3.157e-01  4.848e-01  
5.147e-01  3.433e-01  
3.222e-01  4.870e-01  
3.518e-01  4.455e-01  
3.346e-01  4.512e-01  
7.003e-02  7.549e-01  
3.793e-01  4.248e-01  
3.649e-01  4.581e-01  
1.752e-02  9.603e-01  
3.615e-01  4.997e-01  
2.709e-01  5.262e-01  
7.078e-01  2.229e-01  
4.826e-01  3.408e-01  
5.015e-01  3.396e-01  
5.617e-01  2.939e-01  
3.316e-01  5.131e-01  
2.691e-01  5.460e-01  
2.354e-01  5.679e-01  
4.464e-01  3.886e-01  
5.676e-01  3.028e-01  
4.974e-01  3.640e-01  
7.148e-01  2.298e-01  
2.041e-01  6.060e-01  
8.745e-01  1.079e-01  
7.525e-02  7.946e-01  
5.147e-01  3.433e-01  
4.736e-01  3.810e-01  
3.044e-01  5.285e-01  
4.733e-01  3.594e-01  
1.015e-01  7.487e-01  
4.497e-01  4.217e-01  
3.220e-01  4.876e-01  
4.633e-01  4.205e-01  
8.716e-01  1.116e-01  
6.267e-01  2.859e-01  
4.869e-01  3.423e-01  
1.209e-01  6.889e-01  
1.871e-02  1.025e+00  
2.492e-01  5.463e-01  
6.634e-01  2.223e-01  
3.518e-01  4.455e-01  
6.634e-01  2.223e-01  
9.325e-03  9.929e-01  
8.891e-01  1.039e-01  
4.736e-01  3.810e-01  
2.423e-01  5.964e-01  
6.300e-01  2.462e-01  
3.518e-02  8.543e-01  
8.488e-01  1.539e-01  
8.470e-01  1.630e-01  
6.405e-02  7.907e-01  
2.309e-01  5.634e-01  
3.222e-01  4.870e-01  
3.939e-01  4.503e-01  
8.488e-01  1.539e-01  
6.924e-01  2.255e-01  
1.576e-01  7.033e-01  
6.651e-01  2.441e-01  
6.174e-01  2.515e-01  
2.492e-01  5.463e-01  
4.172e-01  4.431e-01  
2.590e-01  5.221e-01  
3.939e-01  4.503e-01  
4.542e-01  3.653e-01  
1.864e-01  6.321e-01  
6.436e-01  2.366e-01  
2.001e-01  6.121e-01  
8.619e-01  1.299e-01  
3.108e-01  5.113e-01  
3.940e-01  4.286e-01  
3.346e-01  4.512e-01  
1.459e-01  6.580e-01  
1.671e-01  6.770e-01  
4.497e-01  4.217e-01  
5.617e-01  2.939e-01  
6.376e-01  2.512e-01  
3.036e-01  4.996e-01  
5.147e-01  3.433e-01  
5.261e-01  3.128e-01  
4.712e-02  8.019e-01  
5.878e-01  2.800e-01  
8.619e-01  1.299e-01  
1.459e-01  6.580e-01  
1.012e-01  7.321e-01  
3.019e-01  5.137e-01  
3.649e-01  4.581e-01  
1.890e-01  6.249e-01  
1.616e-01  6.167e-01  
3.108e-01  5.113e-01  
2.691e-01  5.460e-01  
4.789e-01  3.603e-01  
6.331e-01  2.562e-01  
7.003e-02  7.549e-01  
7.148e-01  2.298e-01  
3.518e-01  4.455e-01  
7.003e-02  7.549e-01  
1.058e-01  7.429e-01  
6.267e-01  2.859e-01  
2.590e-01  5.221e-01  
1.346e-01  7.052e-01  
2.964e-01  5.322e-01  
8.716e-01  1.116e-01  
8.521e-01  1.605e-01  
2.632e-01  5.830e-01  
9.390e-01  1.189e-01  
4.542e-01  3.653e-01  
2.371e-01  5.802e-01  
8.443e-01  1.413e-01  
2.012e-01  6.221e-01  
2.815e-02  9.698e-01  
9.557e-01  1.141e-01  
2.061e-01  6.330e-01  
1.053e-01  7.060e-01  
6.636e-01  2.416e-01  
8.873e-01  1.221e-01  
5.491e-01  2.897e-01  
8.493e-01  1.829e-01  
8.850e-01  9.901e-02  
1.459e-01  6.580e-01  
1.674e-01  7.040e-01  
6.629e-01  2.236e-01  
5.261e-01  3.128e-01  
8.850e-01  9.901e-02  
4.542e-01  3.653e-01  
6.217e-01  2.689e-01  
7.148e-01  2.298e-01  
8.708e-01  1.161e-01  
8.716e-01  1.116e-01  
5.143e-02  8.288e-01  
1.416e-01  7.114e-01  
6.755e-01  2.358e-01  
7.911e-02  7.547e-01  
8.539e-01  1.326e-01  
2.245e-01  5.693e-01  
3.697e-02  8.996e-01  
2.899e-01  5.232e-01  
1.001e-01  7.331e-01  
1.327e-01  6.583e-01  
3.119e-02  8.875e-01  
8.470e-01  1.630e-01  
8.873e-01  1.221e-01  
8.619e-01  1.299e-01  
6.705e-02  7.572e-01  
1.622e-02  9.860e-01  
8.486e-01  1.605e-01  
9.341e-02  7.895e-01  
8.685e-01  1.276e-01  
8.791e-01  9.710e-02  
8.984e-01  1.193e-01  
3.697e-02  8.996e-01  
9.557e-01  1.141e-01  
1.906e-02  9.167e-01  
9.275e-01  1.189e-01  
8.596e-01  1.199e-01  
1.058e-01  7.429e-01  
6.755e-01  2.358e-01  
9.657e-01  1.061e-01  
8.825e-02  7.306e-01  
8.873e-01  1.221e-01  
8.716e-01  1.116e-01  
7.222e-01  2.286e-01  
3.119e-02  8.875e-01  
8.521e-01  1.605e-01  
8.850e-01  9.901e-02  
8.932e-01  9.543e-02  
9.557e-01  1.141e-01  
3.044e-01  5.285e-01  
1.015e-01  7.317e-01  
8.873e-01  1.221e-01  
3.697e-02  8.996e-01  
1.125e-01  7.257e-01  
6.498e-02  9.482e-01  
6.376e-01  2.512e-01  
8.545e-01  1.742e-01  
1.058e-01  7.429e-01  
7.148e-01  2.298e-01  
9.411e-01  1.111e-01  
2.315e-01  5.879e-01  
2.371e-01  5.802e-01  
3.108e-01  5.113e-01  
4.849e-01  3.426e-01  
8.539e-01  1.326e-01  
1.752e-02  9.603e-01  
1.844e-01  6.220e-01  
8.490e-01  1.593e-01  
7.186e-01  2.307e-01  
6.405e-02  7.907e-01  
8.719e-01  1.092e-01  
4.902e-01  3.616e-01  
3.230e-01  4.724e-01  
9.005e-01  1.014e-01  
6.376e-01  2.512e-01  
6.636e-01  2.416e-01  
2.767e-01  5.167e-01  
2.492e-01  5.463e-01  
8.713e-02  8.161e-01  
3.526e-02  8.821e-01  
1.616e-01  6.167e-01  
1.459e-01  6.580e-01  
4.789e-01  3.603e-01  
4.789e-01  3.603e-01  
3.247e-01  4.955e-01  
8.470e-01  1.630e-01  
3.039e-01  5.094e-01  
4.587e-01  3.847e-01  
8.470e-01  1.630e-01  
8.526e-02  7.560e-01  
6.436e-01  2.585e-01  
2.312e-01  6.024e-01  
2.590e-01  5.221e-01  
8.745e-01  1.079e-01  
3.346e-01  4.512e-01  
1.327e-01  6.583e-01  
2.423e-01  5.964e-01  
2.792e-01  5.420e-01  
5.261e-01  3.128e-01  
1.671e-01  6.770e-01  
3.230e-01  4.724e-01  
8.791e-01  9.710e-02  
6.518e-01  2.268e-01  
2.245e-01  5.693e-01  
8.684e-01  9.553e-02  
1.103e-01  7.127e-01  
5.147e-01  3.433e-01  
3.346e-01  4.512e-01  
1.321e-01  7.210e-01  
5.250e-01  3.233e-01  
8.596e-01  1.199e-01  
8.596e-01  1.199e-01  
3.914e-01  4.146e-01  
5.821e-02  7.753e-01  
3.617e-01  4.429e-01  
2.312e-01  6.024e-01  
1.793e-02  9.690e-01  
9.341e-02  7.895e-01  
4.579e-01  3.974e-01  
7.186e-01  2.307e-01  
4.849e-01  3.426e-01  
1.622e-02  9.860e-01  
1.622e-02  9.860e-01  
4.497e-01  4.217e-01  
3.793e-01  4.248e-01  
6.376e-01  2.512e-01  
1.053e-01  7.060e-01  
3.730e-01  4.397e-01  
