3.095e-02  9.360e-01  
1.026e+00  2.699e-02  
3.748e-01  4.129e-01  
7.201e-01  2.070e-01  
2.177e-01  5.880e-01  
5.545e-01  3.413e-01  
1.134e-01  7.322e-01  
3.033e-01  5.270e-01  
8.829e-01  1.272e-01  
1.018e+00  5.148e-02  
3.620e-02  8.784e-01  
4.651e-01  3.721e-01  
5.852e-01  2.741e-01  
2.542e-01  5.437e-01  
3.738e-01  4.599e-01  
7.382e-01  1.878e-01  
1.637e-01  6.674e-01  
1.869e-01  6.687e-01  
5.529e-01  2.958e-01  
8.114e-01  1.559e-01  
2.677e-01  5.264e-01  
4.438e-01  3.929e-01  
3.781e-01  4.244e-01  
8.800e-01  9.725e-02  
4.952e-01  3.531e-01  
9.865e-01  3.635e-02  
2.237e-01  6.092e-01  
3.799e-02  8.902e-01  
3.210e-01  4.876e-01  
8.852e-02  7.996e-01  
5.830e-01  2.687e-01  
7.117e-01  2.009e-01  
2.237e-01  6.092e-01  
7.382e-01  1.878e-01  
9.546e-01  4.878e-02  
4.284e-02  8.499e-01  
2.420e-01  5.805e-01  
1.124e-01  7.134e-01  
6.456e-02  8.129e-01  
5.573e-01  3.079e-01  
3.648e-01  4.391e-01  
5.511e-01  3.253e-01  
3.210e-01  4.876e-01  
2.188e-01  5.813e-01  
1.335e-01  6.862e-01  
7.117e-01  2.421e-01  
5.449e-01  2.994e-01  
9.008e-01  8.840e-02  
4.577e-01  4.005e-01  
2.105e-01  5.725e-01  
3.781e-01  4.244e-01  
2.804e-01  5.255e-01  
3.095e-02  9.360e-01  
5.503e-01  2.823e-01  
6.376e-02  9.076e-01  
3.774e-01  4.395e-01  
5.826e-01  2.666e-01  
1.010e+00  2.914e-02  
2.177e-01  5.880e-01  
9.100e-01  1.188e-01  
8.936e-01  1.261e-01  
3.262e-01  4.986e-01  
7.541e-01  1.696e-01  
7.058e-01  2.265e-01  
1.596e-01  6.549e-01  
7.928e-01  1.812e-01  
8.852e-02  7.996e-01  
5.672e-01  2.668e-01  
3.961e-01  4.185e-01  
4.752e-01  3.892e-01  
7.121e-01  1.897e-01  
2.036e-01  6.116e-01  
5.556e-01  2.869e-01  
2.682e-01  5.336e-01  
3.976e-01  4.140e-01  
1.335e-01  6.847e-01  
1.163e-01  7.214e-01  
7.332e-01  1.881e-01  
5.473e-01  3.158e-01  
9.396e-01  5.545e-02  
5.417e-01  2.991e-01  
2.717e-01  5.268e-01  
3.774e-01  4.395e-01  
5.501e-01  3.207e-01  
3.774e-01  4.395e-01  
5.474e-01  3.071e-01  
1.472e-01  6.847e-01  
6.376e-02  9.076e-01  
3.262e-01  4.986e-01  
4.706e-01  3.850e-01  
2.263e-01  6.176e-01  
7.030e-01  2.343e-01  
9.920e-01  3.198e-02  
4.210e-02  8.327e-01  
8.800e-01  1.357e-01  
2.541e-01  6.090e-01  
3.808e-01  4.204e-01  
5.547e-01  2.735e-01  
2.717e-01  5.268e-01  
3.985e-01  4.152e-01  
5.527e-02  8.027e-01  
1.320e-01  6.971e-01  
4.663e-01  3.686e-01  
1.116e-01  7.140e-01  
5.826e-01  2.666e-01  
8.000e-01  1.516e-01  
3.620e-02  8.784e-01  
4.066e-01  4.065e-01  
5.703e-01  2.683e-01  
7.117e-01  2.421e-01  
3.609e-01  4.402e-01  
1.881e-01  6.163e-01  
2.804e-01  5.255e-01  
3.264e-01  5.203e-01  
2.242e-01  5.648e-01  
8.800e-01  9.725e-02  
1.614e-01  6.594e-01  
7.986e-01  1.574e-01  
3.697e-02  8.963e-01  
8.799e-01  1.158e-01  
9.901e-01  3.578e-02  
2.188e-01  5.813e-01  
1.043e+00  2.966e-02  
2.263e-01  6.176e-01  
7.030e-01  2.343e-01  
2.866e-02  9.471e-01  
8.808e-01  9.578e-02  
3.262e-01  4.986e-01  
1.052e+00  2.917e-02  
3.254e-01  5.061e-01  
9.318e-01  9.738e-02  
1.124e-01  7.134e-01  
1.320e-01  6.971e-01  
7.672e-02  7.935e-01  
1.010e+00  2.914e-02  
8.821e-01  1.087e-01  
1.026e+00  2.699e-02  
2.242e-01  5.648e-01  
7.337e-01  1.857e-01  
2.036e-01  6.116e-01  
4.731e-02  8.599e-01  
5.503e-01  2.823e-01  
5.830e-01  2.687e-01  
2.895e-01  5.254e-01  
3.777e-01  4.394e-01  
3.962e-01  4.114e-01  
2.036e-01  6.116e-01  
5.440e-01  2.970e-01  
1.209e-01  7.263e-01  
2.224e-01  5.605e-01  
2.581e-01  5.345e-01  
7.519e-01  1.822e-01  
3.029e-01  5.075e-01  
4.706e-01  3.850e-01  
1.807e-01  6.382e-01  
5.632e-01  2.791e-01  
1.662e-01  7.206e-01  
2.036e-01  6.116e-01  
4.706e-01  3.850e-01  
5.490e-01  2.926e-01  
5.830e-01  2.687e-01  
2.717e-01  5.268e-01  
5.464e-01  2.953e-01  
1.336e-01  6.802e-01  
3.667e-01  4.259e-01  
3.180e-01  5.020e-01  
3.648e-01  4.391e-01  
5.449e-01  2.994e-01  
9.901e-01  3.578e-02  
5.417e-01  2.991e-01  
4.214e-01  4.147e-01  
5.959e-01  2.686e-01  
3.095e-02  9.360e-01  
4.694e-01  4.213e-01  
4.214e-02  8.541e-01  
5.632e-01  2.791e-01  
1.134e-01  7.322e-01  
3.874e-01  4.366e-01  
1.008e-01  7.570e-01  
4.752e-01  3.892e-01  
6.520e-01  2.620e-01  
2.584e-01  5.414e-01  
3.667e-01  4.259e-01  
3.961e-01  4.185e-01  
8.114e-01  1.559e-01  
7.642e-01  1.848e-01  
2.242e-01  5.648e-01  
3.777e-01  4.394e-01  
4.663e-01  3.686e-01  
3.262e-01  4.986e-01  
4.533e-01  3.967e-01  
5.471e-01  2.853e-01  
3.874e-01  4.366e-01  
3.777e-01  4.394e-01  
9.546e-01  4.878e-02  
7.145e-01  2.045e-01  
3.609e-01  4.402e-01  
6.031e-01  2.698e-01  
3.667e-01  4.259e-01  
1.375e-01  7.151e-01  
5.511e-01  3.253e-01  
2.549e-01  5.539e-01  
3.748e-01  4.129e-01  
8.800e-01  9.725e-02  
2.717e-01  5.268e-01  
5.959e-01  2.686e-01  
4.690e-01  3.734e-01  
4.284e-02  8.499e-01  
7.541e-01  1.688e-01  
3.620e-02  8.784e-01  
8.943e-01  8.248e-02  
6.031e-01  2.698e-01  
5.556e-01  2.869e-01  
1.674e-01  6.231e-01  
4.295e-01  4.083e-01  
1.043e+00  2.966e-02  
7.125e-01  1.926e-01  
7.131e-01  2.624e-01  
6.266e-01  2.733e-01  
6.376e-02  9.076e-01  
2.114e-01  5.785e-01  
1.724e-01  6.382e-01  
1.335e-01  6.862e-01  
6.308e-01  2.791e-01  
1.026e+00  3.156e-02  
2.263e-01  6.176e-01  
1.008e-01  7.570e-01  
1.674e-01  6.586e-01  
2.697e-01  5.246e-01  
4.499e-02  8.633e-01  
8.456e-01  1.749e-01  
8.795e-01  9.052e-02  
3.601e-02  9.330e-01  
3.180e-01  5.020e-01  
7.117e-01  2.421e-01  
7.138e-01  1.922e-01  
3.187e-01  4.979e-01  
6.440e-02  8.472e-01  
1.008e-01  7.570e-01  
6.031e-01  2.698e-01  
2.549e-02  9.322e-01  
7.137e-02  7.923e-01  
8.836e-01  1.072e-01  
1.674e-01  6.586e-01  
8.808e-01  9.578e-02  
8.114e-01  1.559e-01  
2.177e-01  5.880e-01  
8.968e-01  7.795e-02  
2.542e-01  5.437e-01  
3.697e-02  8.963e-01  
8.936e-01  1.261e-01  
8.800e-01  9.725e-02  
4.499e-02  8.633e-01  
7.127e-01  1.893e-01  
8.875e-01  8.849e-02  
1.022e+00  2.699e-02  
9.546e-01  4.878e-02  
1.010e+00  2.914e-02  
2.517e-01  5.487e-01  
9.726e-01  4.521e-02  
7.271e-01  1.910e-01  
7.164e-01  1.998e-01  
8.862e-01  1.170e-01  
2.866e-02  9.471e-01  
4.251e-01  4.106e-01  
8.836e-01  1.072e-01  
8.114e-01  1.559e-01  
7.519e-01  1.822e-01  
4.284e-02  8.499e-01  
2.707e-01  5.344e-01  
6.456e-02  8.129e-01  
1.881e-01  6.163e-01  
4.251e-01  4.106e-01  
3.266e-01  4.908e-01  
3.033e-01  5.270e-01  
7.928e-01  1.812e-01  
1.046e-01  7.783e-01  
1.780e-01  6.534e-01  
5.697e-01  2.788e-01  
6.376e-02  9.076e-01  
7.137e-02  7.923e-01  
2.237e-01  6.092e-01  
5.796e-01  2.639e-01  
5.796e-01  2.639e-01  
1.980e-01  5.788e-01  
3.030e-02  9.438e-01  
8.800e-01  9.725e-02  
1.395e-01  7.082e-01  
4.210e-02  8.327e-01  
1.336e-01  6.802e-01  
5.473e-01  3.158e-01  
4.651e-01  3.721e-01  
6.648e-02  8.004e-01  
5.672e-01  2.668e-01  
5.588e-01  3.078e-01  
3.738e-01  4.599e-01  
3.856e-01  4.149e-01  
2.541e-01  6.090e-01  
5.632e-01  2.791e-01  
3.988e-01  4.146e-01  
3.095e-02  9.360e-01  
3.774e-01  4.395e-01  
5.796e-01  2.639e-01  
4.694e-01  4.213e-01  
3.750e-01  4.265e-01  
4.678e-01  3.650e-01  
4.511e-02  8.825e-01  
3.550e-01  4.636e-01  
5.443e-01  3.155e-01  
3.961e-01  4.185e-01  
1.375e-01  7.151e-01  
2.263e-01  6.176e-01  
3.962e-01  4.114e-01  
7.210e-01  1.865e-01  
1.320e-01  6.971e-01  
4.251e-01  4.106e-01  
5.539e-01  2.829e-01  
5.697e-01  2.788e-01  
2.325e-01  5.601e-01  
5.537e-01  3.414e-01  
5.443e-01  3.155e-01  
5.511e-01  3.253e-01  
2.581e-01  5.345e-01  
8.806e-01  1.165e-01  
2.717e-01  5.268e-01  
1.375e-01  7.151e-01  
8.808e-01  9.578e-02  
6.266e-01  2.733e-01  
5.959e-01  2.686e-01  
1.116e-01  7.140e-01  
3.961e-01  4.185e-01  
3.985e-01  4.152e-01  
3.656e-01  4.207e-01  
1.478e-01  6.868e-01  
2.237e-01  6.092e-01  
3.738e-01  4.599e-01  
5.511e-01  3.253e-01  
8.794e-01  1.089e-01  
3.667e-01  4.259e-01  
2.237e-01  6.092e-01  
5.796e-01  2.639e-01  
2.237e-01  6.092e-01  
4.752e-01  3.892e-01  
5.609e-01  2.836e-01  
2.177e-01  5.880e-01  
8.687e-01  1.585e-01  
1.431e-01  6.722e-01  
5.449e-01  2.994e-01  
1.780e-01  6.534e-01  
4.251e-01  4.106e-01  
4.577e-01  4.005e-01  
1.807e-01  6.382e-01  
1.979e-01  6.294e-01  
8.114e-01  1.559e-01  
3.254e-01  5.061e-01  
3.667e-01  4.259e-01  
5.703e-01  2.683e-01  
3.266e-01  4.908e-01  
3.668e-01  4.604e-01  
3.677e-01  4.303e-01  
6.456e-02  8.129e-01  
4.144e-01  4.147e-01  
3.877e-01  4.149e-01  
4.284e-02  8.499e-01  
3.489e-01  4.478e-01  
3.262e-01  4.986e-01  
7.519e-01  1.822e-01  
5.449e-01  2.994e-01  
5.524e-01  2.977e-01  
5.830e-01  2.687e-01  
3.648e-01  4.391e-01  
2.583e-01  5.347e-01  
2.583e-01  5.347e-01  
5.545e-01  3.413e-01  
5.672e-01  2.668e-01  
5.524e-01  2.977e-01  
7.225e-01  1.886e-01  
2.263e-01  6.176e-01  
8.892e-01  8.209e-02  
8.852e-02  7.996e-01  
5.632e-01  2.791e-01  
4.752e-01  3.892e-01  
3.262e-01  4.986e-01  
5.511e-01  3.253e-01  
1.046e-01  7.783e-01  
4.706e-01  3.850e-01  
3.355e-01  4.844e-01  
4.815e-01  4.146e-01  
9.073e-01  8.364e-02  
7.117e-01  2.421e-01  
5.449e-01  2.994e-01  
1.431e-01  6.722e-01  
3.697e-02  8.963e-01  
2.900e-01  5.128e-01  
7.986e-01  1.574e-01  
3.777e-01  4.394e-01  
7.563e-01  1.754e-01  
2.526e-02  9.273e-01  
1.010e+00  2.914e-02  
5.511e-01  3.253e-01  
2.432e-01  5.469e-01  
7.117e-01  2.421e-01  
4.499e-02  8.633e-01  
8.799e-01  1.158e-01  
8.114e-01  1.559e-01  
6.648e-02  8.004e-01  
2.646e-01  5.300e-01  
3.646e-01  4.409e-01  
3.884e-01  4.184e-01  
8.794e-01  1.089e-01  
7.519e-01  1.822e-01  
1.336e-01  6.802e-01  
7.519e-01  1.822e-01  
5.830e-01  2.687e-01  
3.180e-01  5.020e-01  
4.511e-01  4.003e-01  
2.834e-01  5.368e-01  
3.961e-01  4.185e-01  
4.840e-01  3.549e-01  
1.979e-01  6.294e-01  
7.138e-01  1.922e-01  
2.228e-01  6.344e-01  
9.008e-01  8.840e-02  
2.567e-01  5.586e-01  
4.706e-01  3.850e-01  
3.648e-01  4.391e-01  
1.674e-01  6.586e-01  
1.748e-01  6.370e-01  
4.511e-01  4.003e-01  
6.031e-01  2.698e-01  
6.756e-01  2.282e-01  
3.266e-01  4.908e-01  
5.632e-01  2.791e-01  
6.031e-01  2.698e-01  
6.440e-02  8.472e-01  
7.048e-01  2.269e-01  
8.800e-01  9.725e-02  
1.336e-01  6.802e-01  
1.335e-01  6.847e-01  
2.937e-01  5.049e-01  
3.763e-01  4.233e-01  
1.674e-01  6.586e-01  
1.724e-01  6.382e-01  
3.777e-01  4.394e-01  
2.567e-01  5.586e-01  
5.449e-01  2.994e-01  
7.030e-01  2.343e-01  
7.672e-02  7.935e-01  
7.519e-01  1.822e-01  
3.988e-01  4.146e-01  
3.620e-02  8.784e-01  
1.354e-01  7.108e-01  
7.030e-01  2.343e-01  
2.531e-01  6.090e-01  
1.637e-01  6.674e-01  
2.567e-01  5.586e-01  
9.592e-01  6.473e-02  
8.845e-01  1.129e-01  
2.583e-01  5.347e-01  
9.898e-01  3.198e-02  
5.526e-01  3.100e-01  
2.177e-01  5.880e-01  
8.829e-01  1.272e-01  
2.036e-01  6.116e-01  
6.376e-02  8.507e-01  
1.039e+00  2.748e-02  
1.979e-01  6.294e-01  
1.320e-01  6.971e-01  
7.127e-01  1.893e-01  
9.863e-01  3.832e-02  
5.703e-01  2.683e-01  
8.862e-01  1.170e-01  
9.573e-01  4.651e-02  
1.776e-01  6.416e-01  
1.869e-01  6.687e-01  
7.332e-01  1.881e-01  
5.663e-01  2.769e-01  
1.026e+00  3.156e-02  
5.632e-01  2.791e-01  
7.117e-01  2.421e-01  
7.519e-01  1.822e-01  
9.573e-01  4.651e-02  
1.026e+00  3.156e-02  
6.456e-02  8.129e-01  
1.614e-01  6.594e-01  
7.145e-01  2.045e-01  
1.046e-01  7.783e-01  
8.785e-01  1.278e-01  
2.537e-01  5.399e-01  
6.456e-02  8.129e-01  
3.033e-01  5.270e-01  
1.116e-01  7.140e-01  
1.807e-01  6.382e-01  
3.697e-02  8.963e-01  
8.813e-01  1.302e-01  
9.073e-01  8.364e-02  
9.863e-01  3.832e-02  
8.852e-02  7.996e-01  
3.095e-02  9.360e-01  
8.308e-01  1.528e-01  
1.008e-01  7.570e-01  
1.026e+00  3.156e-02  
9.728e-01  4.852e-02  
1.010e+00  2.914e-02  
3.620e-02  8.784e-01  
9.783e-01  3.919e-02  
3.601e-02  9.330e-01  
9.863e-01  3.832e-02  
9.214e-01  7.318e-02  
6.456e-02  8.129e-01  
7.519e-01  1.822e-01  
1.039e+00  2.748e-02  
1.320e-01  6.971e-01  
1.026e+00  3.156e-02  
9.103e-01  7.663e-02  
7.382e-01  1.878e-01  
3.718e-02  9.090e-01  
8.799e-01  1.158e-01  
9.008e-01  8.840e-02  
9.920e-01  3.198e-02  
9.726e-01  4.521e-02  
3.254e-01  5.061e-01  
1.116e-01  7.140e-01  
9.546e-01  4.878e-02  
6.376e-02  8.507e-01  
1.209e-01  7.263e-01  
6.440e-02  8.472e-01  
7.083e-01  2.062e-01  
8.785e-01  1.278e-01  
9.345e-02  8.028e-01  
7.376e-01  1.930e-01  
1.022e+00  2.699e-02  
2.517e-01  5.487e-01  
2.531e-01  6.090e-01  
2.567e-01  5.586e-01  
5.443e-01  3.155e-01  
8.808e-01  9.578e-02  
3.620e-02  8.784e-01  
2.263e-01  6.176e-01  
9.008e-01  8.840e-02  
7.382e-01  1.878e-01  
6.648e-02  8.004e-01  
9.726e-01  4.521e-02  
5.524e-01  2.977e-01  
3.480e-01  4.836e-01  
1.026e+00  3.156e-02  
7.145e-01  2.045e-01  
7.127e-01  1.893e-01  
2.581e-01  5.345e-01  
2.583e-01  5.347e-01  
8.497e-02  8.158e-01  
4.499e-02  8.633e-01  
1.869e-01  6.687e-01  
2.008e-01  6.004e-01  
4.752e-01  3.892e-01  
5.428e-01  3.008e-01  
3.718e-01  4.574e-01  
8.687e-01  1.585e-01  
3.256e-01  5.332e-01  
5.532e-01  3.073e-01  
8.862e-01  1.170e-01  
1.046e-01  7.783e-01  
6.031e-01  2.698e-01  
2.804e-01  5.255e-01  
2.900e-01  5.128e-01  
9.546e-01  4.878e-02  
3.292e-01  4.752e-01  
1.668e-01  6.423e-01  
2.795e-01  5.282e-01  
2.717e-01  5.268e-01  
5.545e-01  3.413e-01  
1.008e-01  7.570e-01  
3.669e-01  4.421e-01  
9.898e-01  3.198e-02  
7.328e-01  1.945e-01  
2.567e-01  5.586e-01  
9.863e-01  3.832e-02  
1.335e-01  6.862e-01  
5.490e-01  2.926e-01  
3.777e-01  4.394e-01  
1.336e-01  6.802e-01  
5.495e-01  2.844e-01  
9.573e-01  4.651e-02  
9.863e-01  3.832e-02  
3.884e-01  4.184e-01  
7.672e-02  7.935e-01  
4.214e-01  4.147e-01  
2.581e-01  5.345e-01  
3.132e-02  8.631e-01  
9.345e-02  8.028e-01  
4.663e-01  3.686e-01  
7.332e-01  1.881e-01  
5.473e-01  3.158e-01  
2.549e-02  9.322e-01  
2.866e-02  9.471e-01  
4.251e-01  4.106e-01  
4.068e-01  4.065e-01  
5.796e-01  2.639e-01  
1.320e-01  6.971e-01  
3.988e-01  4.146e-01  
