2.134e-01  1.159e+00  
1.539e+00  1.987e-01  
7.072e-01  1.020e+00  
1.096e+00  4.205e-01  
3.736e-01  1.062e+00  
1.141e+00  6.481e-01  
2.754e-01  1.269e+00  
5.192e-01  1.034e+00  
1.190e+00  2.391e-01  
1.273e+00  2.247e-01  
2.379e-01  1.192e+00  
1.080e+00  8.204e-01  
1.119e+00  4.019e-01  
4.532e-01  1.072e+00  
7.086e-01  1.020e+00  
1.192e+00  4.253e-01  
4.360e-01  1.105e+00  
3.760e-01  1.160e+00  
1.113e+00  5.414e-01  
1.196e+00  3.089e-01  
4.918e-01  1.022e+00  
1.081e+00  8.390e-01  
8.732e-01  1.020e+00  
1.240e+00  2.348e-01  
1.113e+00  5.414e-01  
1.301e+00  2.280e-01  
5.447e-01  1.077e+00  
2.379e-01  1.192e+00  
6.191e-01  1.053e+00  
2.238e-01  1.158e+00  
1.115e+00  4.244e-01  
1.192e+00  4.253e-01  
4.477e-01  1.102e+00  
1.132e+00  3.644e-01  
1.241e+00  2.337e-01  
2.298e-01  1.152e+00  
6.863e-01  1.046e+00  
3.726e-01  1.153e+00  
3.091e-01  1.070e+00  
1.123e+00  5.484e-01  
4.612e-01  1.039e+00  
1.100e+00  6.648e-01  
5.192e-01  1.034e+00  
5.438e-01  1.049e+00  
3.914e-01  1.202e+00  
1.128e+00  5.149e-01  
1.087e+00  5.887e-01  
1.353e+00  3.227e-01  
1.080e+00  7.464e-01  
4.615e-01  1.073e+00  
7.437e-01  1.020e+00  
6.863e-01  1.046e+00  
2.574e-01  1.254e+00  
1.188e+00  6.528e-01  
2.102e-01  1.178e+00  
1.080e+00  8.204e-01  
1.119e+00  4.019e-01  
1.240e+00  2.348e-01  
4.248e-01  1.103e+00  
1.242e+00  2.616e-01  
1.190e+00  2.391e-01  
7.920e-01  1.020e+00  
1.187e+00  3.673e-01  
1.265e+00  2.735e-01  
3.282e-01  1.088e+00  
1.124e+00  3.708e-01  
3.203e-01  1.139e+00  
1.192e+00  4.253e-01  
1.078e+00  9.266e-01  
1.085e+00  8.779e-01  
1.111e+00  4.099e-01  
4.561e-01  1.048e+00  
1.123e+00  5.484e-01  
5.390e-01  1.022e+00  
8.133e-01  1.020e+00  
3.914e-01  1.202e+00  
2.816e-01  1.071e+00  
1.120e+00  5.862e-01  
1.141e+00  6.481e-01  
1.333e+00  2.161e-01  
1.176e+00  6.031e-01  
5.438e-01  1.049e+00  
6.084e-01  1.083e+00  
1.113e+00  5.414e-01  
7.072e-01  1.020e+00  
1.141e+00  6.481e-01  
2.876e-01  1.069e+00  
2.134e-01  1.159e+00  
5.192e-01  1.034e+00  
1.083e+00  8.112e-01  
4.615e-01  1.073e+00  
1.123e+00  4.211e-01  
1.273e+00  2.247e-01  
2.102e-01  1.178e+00  
1.196e+00  3.089e-01  
4.918e-01  1.022e+00  
7.682e-01  1.021e+00  
1.128e+00  5.149e-01  
5.192e-01  1.034e+00  
1.080e+00  7.464e-01  
2.246e-01  1.226e+00  
3.274e-01  1.081e+00  
1.083e+00  8.062e-01  
2.890e-01  1.080e+00  
1.092e+00  4.210e-01  
1.194e+00  2.582e-01  
2.230e-01  1.106e+00  
6.054e-01  1.020e+00  
1.116e+00  5.347e-01  
1.155e+00  4.519e-01  
8.133e-01  1.020e+00  
4.173e-01  1.084e+00  
5.981e-01  1.042e+00  
8.233e-01  1.050e+00  
5.438e-01  1.049e+00  
1.240e+00  2.348e-01  
2.876e-01  1.069e+00  
1.132e+00  3.644e-01  
2.246e-01  1.226e+00  
1.169e+00  2.971e-01  
1.363e+00  2.231e-01  
3.940e-01  1.044e+00  
1.190e+00  2.391e-01  
3.458e-01  1.076e+00  
1.097e+00  4.752e-01  
2.192e-01  1.215e+00  
1.270e+00  2.248e-01  
5.192e-01  1.034e+00  
1.679e+00  2.198e-01  
5.192e-01  1.034e+00  
1.270e+00  2.248e-01  
3.134e-01  1.067e+00  
3.697e-01  1.075e+00  
3.223e-01  1.110e+00  
1.307e+00  2.104e-01  
1.196e+00  3.089e-01  
1.539e+00  1.998e-01  
4.716e-01  1.052e+00  
1.111e+00  4.099e-01  
4.096e-01  1.077e+00  
2.134e-01  1.159e+00  
1.109e+00  4.379e-01  
1.160e+00  5.143e-01  
5.192e-01  1.034e+00  
7.353e-01  1.021e+00  
7.624e-01  1.070e+00  
3.650e-01  1.058e+00  
1.100e+00  6.648e-01  
3.369e-01  1.089e+00  
4.589e-01  1.033e+00  
5.981e-01  1.042e+00  
1.111e+00  3.069e-01  
5.390e-01  1.022e+00  
6.084e-01  1.083e+00  
4.477e-01  1.102e+00  
1.108e+00  5.656e-01  
3.413e-01  1.119e+00  
4.561e-01  1.048e+00  
1.081e+00  8.815e-01  
1.087e+00  5.887e-01  
1.239e+00  5.869e-01  
4.809e-01  1.022e+00  
1.105e+00  7.050e-01  
2.876e-01  1.069e+00  
8.133e-01  1.020e+00  
7.603e-01  1.036e+00  
6.054e-01  1.020e+00  
1.123e+00  5.484e-01  
1.273e+00  2.247e-01  
1.144e+00  5.328e-01  
7.682e-01  1.021e+00  
1.113e+00  6.151e-01  
2.155e-01  1.446e+00  
1.080e+00  8.204e-01  
2.148e-01  1.174e+00  
1.081e+00  6.523e-01  
2.557e-01  1.194e+00  
7.086e-01  1.020e+00  
3.413e-01  1.119e+00  
1.081e+00  8.390e-01  
1.088e+00  3.354e-01  
5.438e-01  1.049e+00  
6.386e-01  1.043e+00  
8.476e-01  1.020e+00  
1.111e+00  3.069e-01  
1.246e+00  4.413e-01  
4.096e-01  1.077e+00  
6.709e-01  1.021e+00  
1.087e+00  5.887e-01  
8.233e-01  1.050e+00  
1.081e+00  8.335e-01  
1.119e+00  4.019e-01  
6.084e-01  1.083e+00  
7.072e-01  1.020e+00  
1.191e+00  2.252e-01  
1.192e+00  4.253e-01  
7.677e-01  1.029e+00  
1.125e+00  5.177e-01  
6.910e-01  1.021e+00  
2.694e-01  1.181e+00  
1.104e+00  5.405e-01  
4.532e-01  1.072e+00  
1.081e+00  8.390e-01  
1.183e+00  2.146e-01  
5.390e-01  1.022e+00  
1.122e+00  5.465e-01  
1.089e+00  8.138e-01  
2.238e-01  1.158e+00  
1.177e+00  4.228e-01  
2.102e-01  1.178e+00  
1.270e+00  2.248e-01  
1.089e+00  3.336e-01  
1.139e+00  3.905e-01  
4.532e-01  1.072e+00  
1.080e+00  8.162e-01  
1.222e+00  2.579e-01  
1.172e+00  4.160e-01  
1.139e+00  3.905e-01  
1.155e+00  4.519e-01  
2.238e-01  1.158e+00  
4.080e-01  1.033e+00  
3.134e-01  1.067e+00  
3.760e-01  1.160e+00  
1.128e+00  5.149e-01  
1.363e+00  2.231e-01  
4.088e-01  1.077e+00  
4.360e-01  1.105e+00  
4.400e-01  1.106e+00  
5.078e-01  1.033e+00  
2.238e-01  1.158e+00  
1.132e+00  3.644e-01  
1.194e+00  2.582e-01  
2.102e-01  1.178e+00  
6.689e-01  1.034e+00  
1.192e+00  4.253e-01  
1.246e+00  4.413e-01  
5.390e-01  1.022e+00  
2.298e-01  1.152e+00  
3.214e-01  1.064e+00  
1.187e+00  5.186e-01  
2.246e-01  1.226e+00  
2.238e-01  1.158e+00  
1.190e+00  2.391e-01  
4.080e-01  1.113e+00  
1.265e+00  2.735e-01  
1.196e+00  3.089e-01  
5.224e-01  1.058e+00  
1.242e+00  2.616e-01  
5.276e-01  1.041e+00  
2.361e-01  1.153e+00  
1.174e+00  3.484e-01  
1.208e+00  2.686e-01  
2.402e-01  1.167e+00  
1.120e+00  5.862e-01  
1.214e+00  2.175e-01  
1.628e+00  2.097e-01  
1.363e+00  2.231e-01  
1.628e+00  2.097e-01  
6.863e-01  1.046e+00  
1.266e+00  2.249e-01  
1.123e+00  4.211e-01  
1.155e+00  4.519e-01  
1.353e+00  3.227e-01  
2.246e-01  1.226e+00  
1.080e+00  8.162e-01  
1.196e+00  3.089e-01  
1.196e+00  3.089e-01  
1.100e+00  4.067e-01  
2.134e-01  1.159e+00  
4.589e-01  1.033e+00  
2.810e-01  1.120e+00  
4.096e-01  1.077e+00  
1.081e+00  9.532e-01  
7.644e-01  1.020e+00  
6.900e-01  1.022e+00  
1.127e+00  3.343e-01  
3.214e-01  1.064e+00  
3.653e-01  1.090e+00  
1.187e+00  5.186e-01  
2.379e-01  1.192e+00  
2.602e-01  1.207e+00  
4.400e-01  1.106e+00  
1.092e+00  4.210e-01  
1.093e+00  4.201e-01  
4.282e-01  1.051e+00  
2.230e-01  1.221e+00  
1.240e+00  2.348e-01  
3.302e-01  1.067e+00  
2.238e-01  1.158e+00  
3.760e-01  1.160e+00  
1.106e+00  7.135e-01  
1.083e+00  8.390e-01  
2.238e-01  1.158e+00  
1.197e+00  5.861e-01  
1.123e+00  5.484e-01  
7.603e-01  1.036e+00  
6.391e-01  1.020e+00  
6.863e-01  1.046e+00  
1.119e+00  4.019e-01  
8.779e-01  1.026e+00  
2.298e-01  1.152e+00  
7.852e-01  1.026e+00  
1.135e+00  5.330e-01  
1.083e+00  8.062e-01  
9.045e-01  1.021e+00  
1.113e+00  5.414e-01  
2.574e-01  1.254e+00  
8.133e-01  1.020e+00  
1.084e+00  7.021e-01  
9.327e-01  1.021e+00  
3.369e-01  1.089e+00  
4.702e-01  1.070e+00  
1.080e+00  7.667e-01  
1.111e+00  3.069e-01  
3.556e-01  1.128e+00  
1.080e+00  7.667e-01  
1.141e+00  6.481e-01  
1.123e+00  5.484e-01  
4.615e-01  1.073e+00  
1.157e+00  7.178e-01  
1.084e+00  7.021e-01  
1.084e+00  7.021e-01  
5.682e-01  1.024e+00  
1.214e+00  2.175e-01  
5.078e-01  1.033e+00  
3.760e-01  1.160e+00  
1.187e+00  2.733e-01  
1.109e+00  4.379e-01  
1.123e+00  4.211e-01  
3.091e-01  1.070e+00  
1.081e+00  9.532e-01  
8.732e-01  1.020e+00  
9.327e-01  1.021e+00  
3.760e-01  1.160e+00  
6.392e-01  1.387e+00  
6.689e-01  1.034e+00  
1.090e+00  5.349e-01  
1.199e+00  2.889e-01  
7.086e-01  1.020e+00  
4.532e-01  1.072e+00  
1.139e+00  3.905e-01  
5.304e-01  1.034e+00  
1.080e+00  7.464e-01  
1.108e+00  5.656e-01  
5.224e-01  1.058e+00  
1.194e+00  2.582e-01  
3.821e-01  1.085e+00  
1.113e+00  5.414e-01  
4.096e-01  1.077e+00  
6.054e-01  1.020e+00  
1.080e+00  7.464e-01  
3.650e-01  1.065e+00  
4.532e-01  1.072e+00  
1.187e+00  3.673e-01  
7.086e-01  1.020e+00  
8.233e-01  1.050e+00  
1.187e+00  5.186e-01  
6.677e-01  1.020e+00  
5.674e-01  1.065e+00  
9.045e-01  1.021e+00  
2.238e-01  1.158e+00  
6.054e-01  1.020e+00  
6.208e-01  1.020e+00  
2.598e-01  1.165e+00  
5.192e-01  1.034e+00  
5.304e-01  1.034e+00  
1.198e+00  3.587e-01  
1.119e+00  4.019e-01  
1.188e+00  6.528e-01  
1.125e+00  5.177e-01  
7.677e-01  1.029e+00  
6.689e-01  1.034e+00  
4.825e-01  1.051e+00  
1.087e+00  5.887e-01  
1.092e+00  4.210e-01  
1.143e+00  7.668e-01  
1.187e+00  3.673e-01  
5.396e-01  1.092e+00  
1.183e+00  2.146e-01  
2.238e-01  1.158e+00  
1.188e+00  6.528e-01  
1.087e+00  5.887e-01  
4.612e-01  1.039e+00  
1.091e+00  7.677e-01  
2.659e-01  1.093e+00  
1.080e+00  9.107e-01  
5.674e-01  1.065e+00  
1.080e+00  8.204e-01  
1.222e+00  2.579e-01  
1.109e+00  4.379e-01  
1.087e+00  5.887e-01  
3.091e-01  1.070e+00  
2.154e-01  1.585e+00  
6.689e-01  1.034e+00  
1.132e+00  3.644e-01  
6.550e-01  1.037e+00  
1.116e+00  3.296e-01  
2.209e-01  1.241e+00  
1.539e+00  1.987e-01  
1.085e+00  7.353e-01  
6.863e-01  1.046e+00  
1.246e+00  4.413e-01  
2.298e-01  1.152e+00  
1.270e+00  2.248e-01  
1.187e+00  3.673e-01  
2.758e-01  1.118e+00  
4.809e-01  1.022e+00  
8.779e-01  1.026e+00  
6.084e-01  1.083e+00  
1.242e+00  2.616e-01  
1.120e+00  5.862e-01  
2.659e-01  1.093e+00  
1.111e+00  3.069e-01  
1.148e+00  4.668e-01  
4.589e-01  1.033e+00  
1.080e+00  7.296e-01  
5.567e-01  1.027e+00  
7.086e-01  1.020e+00  
1.084e+00  7.021e-01  
3.650e-01  1.065e+00  
1.208e+00  4.572e-01  
4.296e-01  1.060e+00  
1.183e+00  2.146e-01  
6.689e-01  1.034e+00  
1.080e+00  9.107e-01  
8.133e-01  1.020e+00  
2.874e-01  1.066e+00  
4.057e-01  1.054e+00  
1.080e+00  8.162e-01  
1.119e+00  4.019e-01  
1.092e+00  4.210e-01  
7.603e-01  1.036e+00  
1.115e+00  6.102e-01  
1.128e+00  5.149e-01  
2.598e-01  1.165e+00  
1.092e+00  4.210e-01  
1.270e+00  2.248e-01  
4.082e-01  1.128e+00  
3.302e-01  1.067e+00  
4.589e-01  1.033e+00  
8.732e-01  1.020e+00  
3.650e-01  1.065e+00  
4.088e-01  1.077e+00  
6.680e-01  1.044e+00  
6.133e-01  1.054e+00  
1.080e+00  8.204e-01  
1.139e+00  3.905e-01  
2.598e-01  1.165e+00  
1.225e+00  3.100e-01  
6.084e-01  1.083e+00  
2.517e-01  1.104e+00  
3.726e-01  1.153e+00  
1.177e+00  4.228e-01  
4.685e-01  1.037e+00  
3.302e-01  1.067e+00  
5.567e-01  1.027e+00  
1.183e+00  2.146e-01  
1.199e+00  2.889e-01  
6.191e-01  1.053e+00  
1.363e+00  2.231e-01  
1.086e+00  7.645e-01  
4.589e-01  1.033e+00  
1.353e+00  3.227e-01  
3.182e-01  1.059e+00  
2.134e-01  1.159e+00  
1.628e+00  2.097e-01  
3.650e-01  1.065e+00  
3.134e-01  1.067e+00  
1.180e+00  3.219e-01  
1.214e+00  2.175e-01  
1.125e+00  5.177e-01  
1.183e+00  3.368e-01  
1.363e+00  2.231e-01  
4.096e-01  1.077e+00  
4.080e-01  1.113e+00  
1.109e+00  4.379e-01  
1.217e+00  6.244e-01  
1.265e+00  2.410e-01  
1.141e+00  6.481e-01  
1.097e+00  4.752e-01  
1.246e+00  4.413e-01  
1.270e+00  2.248e-01  
1.363e+00  2.231e-01  
2.238e-01  1.158e+00  
3.282e-01  1.088e+00  
1.323e+00  3.675e-01  
3.282e-01  1.088e+00  
1.154e+00  3.249e-01  
5.451e-01  1.032e+00  
2.238e-01  1.158e+00  
5.192e-01  1.034e+00  
2.694e-01  1.181e+00  
4.088e-01  1.077e+00  
2.284e-01  1.157e+00  
1.213e+00  2.417e-01  
1.187e+00  2.733e-01  
1.326e+00  2.091e-01  
3.091e-01  1.070e+00  
2.154e-01  1.585e+00  
1.225e+00  3.100e-01  
2.557e-01  1.194e+00  
1.240e+00  2.348e-01  
1.273e+00  2.247e-01  
1.214e+00  2.175e-01  
2.379e-01  1.192e+00  
1.333e+00  2.161e-01  
2.246e-01  1.226e+00  
1.296e+00  2.286e-01  
1.351e+00  2.653e-01  
3.387e-01  1.091e+00  
1.182e+00  3.830e-01  
1.539e+00  1.987e-01  
3.282e-01  1.088e+00  
1.253e+00  2.018e-01  
1.242e+00  2.616e-01  
1.225e+00  3.100e-01  
2.246e-01  1.226e+00  
1.194e+00  2.910e-01  
1.214e+00  2.175e-01  
1.326e+00  2.091e-01  
1.273e+00  2.247e-01  
6.411e-01  1.044e+00  
3.091e-01  1.070e+00  
1.178e+00  2.645e-01  
2.379e-01  1.192e+00  
3.726e-01  1.153e+00  
2.134e-01  1.159e+00  
1.109e+00  4.379e-01  
1.208e+00  2.686e-01  
3.282e-01  1.088e+00  
1.180e+00  3.219e-01  
1.320e+00  1.963e-01  
4.809e-01  1.022e+00  
5.304e-01  1.034e+00  
5.192e-01  1.034e+00  
1.085e+00  7.353e-01  
1.225e+00  3.100e-01  
2.102e-01  1.178e+00  
4.096e-01  1.077e+00  
1.187e+00  2.733e-01  
1.177e+00  4.228e-01  
2.230e-01  1.106e+00  
1.247e+00  2.371e-01  
1.106e+00  7.135e-01  
5.192e-01  1.034e+00  
1.628e+00  2.097e-01  
1.123e+00  4.211e-01  
1.172e+00  4.160e-01  
6.411e-01  1.044e+00  
5.981e-01  1.042e+00  
2.645e-01  1.210e+00  
2.238e-01  1.158e+00  
4.400e-01  1.106e+00  
4.360e-01  1.105e+00  
1.083e+00  8.112e-01  
1.084e+00  7.021e-01  
7.682e-01  1.021e+00  
1.133e+00  3.509e-01  
7.509e-01  1.021e+00  
1.081e+00  6.523e-01  
1.220e+00  3.365e-01  
3.369e-01  1.089e+00  
1.246e+00  4.413e-01  
6.133e-01  1.054e+00  
6.689e-01  1.034e+00  
1.240e+00  2.348e-01  
7.920e-01  1.020e+00  
4.173e-01  1.084e+00  
5.078e-01  1.033e+00  
4.589e-01  1.033e+00  
1.141e+00  6.481e-01  
4.360e-01  1.105e+00  
7.437e-01  1.020e+00  
1.253e+00  2.018e-01  
1.180e+00  3.219e-01  
4.918e-01  1.022e+00  
1.307e+00  2.104e-01  
3.760e-01  1.160e+00  
1.086e+00  7.358e-01  
8.732e-01  1.020e+00  
3.091e-01  1.070e+00  
1.093e+00  4.201e-01  
1.242e+00  2.616e-01  
1.231e+00  2.200e-01  
1.081e+00  9.532e-01  
2.318e-01  1.117e+00  
1.080e+00  8.162e-01  
5.304e-01  1.034e+00  
2.209e-01  1.241e+00  
3.282e-01  1.088e+00  
1.083e+00  8.062e-01  
1.180e+00  3.219e-01  
1.113e+00  5.414e-01  
2.379e-01  1.192e+00  
2.148e-01  1.174e+00  
1.081e+00  9.532e-01  
1.081e+00  9.252e-01  
1.187e+00  5.186e-01  
4.088e-01  1.077e+00  
7.086e-01  1.020e+00  
