1.779e-02  1.017e+00  
1.028e+00  3.190e-02  
4.257e-01  3.966e-01  
6.855e-01  2.721e-01  
1.698e-01  6.417e-01  
5.048e-01  3.094e-01  
9.195e-02  8.121e-01  
2.983e-01  5.160e-01  
8.362e-01  1.279e-01  
9.458e-01  7.867e-02  
4.431e-02  8.710e-01  
4.740e-01  3.686e-01  
6.362e-01  2.610e-01  
2.609e-01  5.688e-01  
3.664e-01  4.339e-01  
8.180e-01  1.959e-01  
1.717e-01  6.350e-01  
9.567e-02  7.693e-01  
5.479e-01  3.045e-01  
8.316e-01  1.692e-01  
2.799e-01  5.292e-01  
4.328e-01  3.924e-01  
3.559e-01  4.284e-01  
9.374e-01  8.033e-02  
5.107e-01  3.634e-01  
9.998e-01  4.721e-02  
2.406e-01  5.945e-01  
3.140e-02  9.786e-01  
2.858e-01  5.280e-01  
7.198e-02  7.942e-01  
6.339e-01  2.528e-01  
6.742e-01  2.369e-01  
1.715e-01  6.589e-01  
6.675e-01  2.181e-01  
9.709e-01  6.674e-02  
3.141e-02  9.041e-01  
2.475e-01  5.651e-01  
9.195e-02  8.121e-01  
9.855e-02  8.047e-01  
5.201e-01  3.037e-01  
3.558e-01  4.368e-01  
4.989e-01  3.175e-01  
2.779e-01  5.394e-01  
2.406e-01  5.945e-01  
1.543e-01  6.782e-01  
6.330e-01  2.427e-01  
4.788e-01  3.688e-01  
9.482e-01  8.882e-02  
4.788e-01  3.688e-01  
2.289e-01  5.971e-01  
3.515e-01  4.343e-01  
2.945e-01  5.230e-01  
1.991e-02  9.264e-01  
5.664e-01  2.988e-01  
7.198e-02  7.942e-01  
4.328e-01  3.924e-01  
6.393e-01  2.959e-01  
1.028e+00  3.190e-02  
1.847e-01  6.194e-01  
9.621e-01  1.004e-01  
8.183e-01  1.462e-01  
3.301e-01  4.613e-01  
8.129e-01  1.827e-01  
6.546e-01  2.637e-01  
1.705e-01  6.363e-01  
8.093e-01  1.686e-01  
8.364e-02  8.215e-01  
6.412e-01  2.629e-01  
4.257e-01  3.966e-01  
4.607e-01  3.965e-01  
6.813e-01  2.099e-01  
1.747e-01  6.270e-01  
5.335e-01  3.036e-01  
2.905e-01  5.015e-01  
3.519e-01  4.293e-01  
1.336e-01  7.526e-01  
1.093e-01  7.224e-01  
8.146e-01  2.100e-01  
5.004e-01  3.199e-01  
9.622e-01  5.667e-02  
5.366e-01  2.963e-01  
2.529e-01  5.442e-01  
3.559e-01  4.292e-01  
5.012e-01  3.409e-01  
3.515e-01  4.343e-01  
5.004e-01  3.199e-01  
1.717e-01  6.350e-01  
3.487e-02  9.085e-01  
2.983e-01  5.205e-01  
4.796e-01  3.690e-01  
2.165e-01  6.525e-01  
6.636e-01  2.427e-01  
9.998e-01  4.721e-02  
1.896e-02  1.002e+00  
8.303e-01  1.350e-01  
2.406e-01  5.945e-01  
3.664e-01  4.339e-01  
5.240e-01  3.134e-01  
2.621e-01  5.509e-01  
4.328e-01  3.924e-01  
1.896e-02  1.002e+00  
1.189e-01  7.581e-01  
4.947e-01  3.789e-01  
5.302e-02  8.603e-01  
6.323e-01  2.658e-01  
8.345e-01  1.428e-01  
1.923e-02  9.443e-01  
3.889e-01  4.254e-01  
6.830e-01  2.541e-01  
6.742e-01  2.369e-01  
3.584e-01  4.372e-01  
1.847e-01  6.194e-01  
2.799e-01  5.292e-01  
3.536e-01  4.320e-01  
2.529e-01  5.442e-01  
8.449e-01  1.130e-01  
1.643e-01  6.548e-01  
8.304e-01  1.644e-01  
5.302e-02  8.603e-01  
9.529e-01  6.364e-02  
1.022e+00  3.633e-02  
2.118e-01  6.160e-01  
9.482e-01  8.882e-02  
1.715e-01  6.589e-01  
6.830e-01  2.541e-01  
1.629e-02  9.472e-01  
9.425e-01  7.334e-02  
3.074e-01  5.046e-01  
1.069e+00  3.688e-02  
3.198e-01  5.314e-01  
9.529e-01  6.364e-02  
1.231e-01  7.487e-01  
1.519e-01  7.690e-01  
9.694e-02  7.526e-01  
1.022e+00  3.633e-02  
8.362e-01  1.279e-01  
1.028e+00  3.190e-02  
2.529e-01  5.442e-01  
8.125e-01  1.827e-01  
1.897e-01  6.222e-01  
3.881e-02  8.541e-01  
5.452e-01  2.955e-01  
6.742e-01  2.369e-01  
2.945e-01  5.230e-01  
3.519e-01  4.293e-01  
3.817e-01  4.180e-01  
1.934e-01  6.631e-01  
5.107e-01  3.634e-01  
9.567e-02  7.693e-01  
2.529e-01  5.442e-01  
2.983e-01  5.205e-01  
8.146e-01  2.100e-01  
2.887e-01  5.132e-01  
4.607e-01  3.965e-01  
1.934e-01  6.631e-01  
5.126e-01  3.367e-01  
1.488e-01  7.501e-01  
2.289e-01  5.971e-01  
4.788e-01  3.688e-01  
5.335e-01  3.036e-01  
6.675e-01  2.181e-01  
2.479e-01  5.305e-01  
5.682e-01  3.173e-01  
1.934e-01  6.631e-01  
3.614e-01  4.262e-01  
3.634e-01  4.477e-01  
3.519e-01  4.293e-01  
5.012e-01  3.409e-01  
9.761e-01  6.063e-02  
5.178e-01  3.318e-01  
4.032e-01  4.517e-01  
5.335e-01  3.036e-01  
1.810e-02  9.675e-01  
5.107e-01  3.634e-01  
4.431e-02  8.710e-01  
5.048e-01  3.094e-01  
1.189e-01  7.581e-01  
3.664e-01  4.339e-01  
1.189e-01  7.581e-01  
4.807e-01  3.688e-01  
6.830e-01  2.541e-01  
2.827e-01  5.496e-01  
3.614e-01  4.262e-01  
3.559e-01  4.292e-01  
8.183e-01  1.462e-01  
8.498e-01  1.428e-01  
2.289e-01  5.971e-01  
3.536e-01  4.320e-01  
5.048e-01  3.094e-01  
3.095e-01  4.877e-01  
4.257e-01  3.966e-01  
5.004e-01  3.199e-01  
4.257e-01  3.966e-01  
3.519e-01  4.293e-01  
9.512e-01  6.917e-02  
8.180e-01  1.959e-01  
3.075e-01  4.960e-01  
6.412e-01  2.599e-01  
3.126e-01  4.828e-01  
1.393e-01  7.335e-01  
5.178e-01  3.318e-01  
2.406e-01  5.945e-01  
4.666e-01  3.455e-01  
8.476e-01  1.261e-01  
2.832e-01  5.292e-01  
5.452e-01  2.955e-01  
4.607e-01  3.965e-01  
7.198e-02  7.942e-01  
8.498e-01  1.428e-01  
1.896e-02  1.002e+00  
9.428e-01  7.327e-02  
6.393e-01  2.959e-01  
5.335e-01  3.036e-01  
1.699e-01  6.448e-01  
3.889e-01  4.200e-01  
9.529e-01  6.364e-02  
6.913e-01  2.330e-01  
6.432e-01  2.395e-01  
6.942e-01  2.295e-01  
7.198e-02  7.942e-01  
2.062e-01  6.137e-01  
1.715e-01  6.589e-01  
1.393e-01  7.335e-01  
6.771e-01  2.319e-01  
9.998e-01  4.721e-02  
1.895e-01  6.435e-01  
1.699e-01  6.448e-01  
1.717e-01  6.350e-01  
2.843e-01  5.402e-01  
7.865e-02  7.916e-01  
8.182e-01  1.602e-01  
8.345e-01  1.428e-01  
1.569e-02  9.940e-01  
3.140e-01  5.024e-01  
6.675e-01  2.181e-01  
6.996e-01  2.244e-01  
3.075e-01  4.960e-01  
6.503e-02  8.375e-01  
8.800e-02  8.300e-01  
6.269e-01  2.543e-01  
1.923e-02  9.443e-01  
5.302e-02  8.603e-01  
9.428e-01  7.327e-02  
1.705e-01  6.363e-01  
8.198e-01  1.368e-01  
8.198e-01  1.368e-01  
2.294e-01  6.301e-01  
9.428e-01  7.327e-02  
2.609e-01  5.688e-01  
2.400e-02  9.709e-01  
8.183e-01  1.462e-01  
8.261e-01  1.278e-01  
6.312e-02  8.326e-01  
6.913e-01  2.330e-01  
9.483e-01  6.878e-02  
1.023e+00  4.420e-02  
9.973e-01  5.179e-02  
1.044e+00  3.173e-02  
2.609e-01  5.688e-01  
9.998e-01  4.721e-02  
6.675e-01  2.181e-01  
8.146e-01  2.100e-01  
8.137e-01  1.591e-01  
1.896e-02  1.002e+00  
4.607e-01  3.965e-01  
9.425e-01  7.334e-02  
8.182e-01  1.602e-01  
8.146e-01  2.100e-01  
5.359e-02  8.961e-01  
2.621e-01  5.509e-01  
5.302e-02  8.603e-01  
1.773e-01  6.451e-01  
3.889e-01  4.200e-01  
3.104e-01  4.918e-01  
3.030e-01  4.969e-01  
8.093e-01  1.686e-01  
1.048e-01  7.676e-01  
1.715e-01  6.589e-01  
6.362e-01  2.610e-01  
5.302e-02  8.603e-01  
9.567e-02  7.693e-01  
2.382e-01  5.731e-01  
6.323e-01  2.658e-01  
6.636e-01  2.427e-01  
2.165e-01  6.525e-01  
1.991e-02  9.264e-01  
9.482e-01  8.882e-02  
1.393e-01  7.335e-01  
3.132e-02  9.305e-01  
1.488e-01  7.501e-01  
5.093e-01  3.260e-01  
4.788e-01  3.688e-01  
4.519e-02  8.781e-01  
5.862e-01  2.996e-01  
5.335e-01  3.036e-01  
3.471e-01  4.723e-01  
3.585e-01  4.277e-01  
2.609e-01  5.688e-01  
5.685e-01  3.022e-01  
3.913e-01  4.275e-01  
3.487e-02  9.085e-01  
3.074e-01  4.993e-01  
6.353e-01  2.782e-01  
4.807e-01  3.688e-01  
3.558e-01  4.368e-01  
4.788e-01  3.688e-01  
6.595e-02  8.454e-01  
3.513e-01  4.428e-01  
5.040e-01  3.281e-01  
3.519e-01  4.293e-01  
1.193e-01  7.065e-01  
2.382e-01  5.731e-01  
4.607e-01  3.965e-01  
8.137e-01  1.591e-01  
1.239e-01  7.350e-01  
5.107e-01  3.634e-01  
5.452e-01  2.955e-01  
5.240e-01  3.134e-01  
2.406e-01  5.945e-01  
5.056e-01  3.227e-01  
5.264e-01  3.068e-01  
5.004e-01  3.199e-01  
2.529e-01  5.442e-01  
8.345e-01  1.428e-01  
2.836e-01  5.292e-01  
1.336e-01  7.526e-01  
9.482e-01  8.882e-02  
6.323e-01  2.658e-01  
6.830e-01  2.541e-01  
1.336e-01  7.526e-01  
4.217e-01  3.728e-01  
3.536e-01  4.320e-01  
3.584e-01  4.372e-01  
1.093e-01  7.224e-01  
2.190e-01  6.277e-01  
3.634e-01  4.477e-01  
5.417e-01  3.013e-01  
8.476e-01  1.261e-01  
3.664e-01  4.339e-01  
2.405e-01  6.093e-01  
6.675e-01  2.181e-01  
1.895e-01  6.435e-01  
4.796e-01  3.690e-01  
5.126e-01  3.367e-01  
1.847e-01  6.194e-01  
8.198e-01  1.368e-01  
1.699e-01  6.448e-01  
5.048e-01  3.094e-01  
1.705e-01  6.363e-01  
4.217e-01  3.728e-01  
4.607e-01  3.965e-01  
1.705e-01  6.363e-01  
2.130e-01  6.113e-01  
8.173e-01  1.655e-01  
3.536e-01  4.320e-01  
3.407e-01  4.866e-01  
5.682e-01  3.173e-01  
2.983e-01  5.205e-01  
3.519e-01  4.293e-01  
3.559e-01  4.284e-01  
7.198e-02  7.942e-01  
4.050e-01  4.276e-01  
3.887e-01  4.211e-01  
5.151e-02  8.901e-01  
3.911e-01  4.929e-01  
2.983e-01  5.160e-01  
8.180e-01  1.959e-01  
5.048e-01  3.094e-01  
5.201e-01  3.037e-01  
6.269e-01  2.543e-01  
3.407e-01  4.866e-01  
2.799e-01  5.292e-01  
2.779e-01  5.394e-01  
5.126e-01  3.367e-01  
6.412e-01  2.629e-01  
5.079e-01  3.312e-01  
8.125e-01  1.827e-01  
2.130e-01  6.113e-01  
9.458e-01  7.867e-02  
9.195e-02  8.121e-01  
5.682e-01  3.173e-01  
4.995e-01  3.405e-01  
2.945e-01  5.230e-01  
5.012e-01  3.409e-01  
1.189e-01  7.581e-01  
4.947e-01  3.789e-01  
3.095e-01  4.877e-01  
4.796e-01  3.690e-01  
9.483e-01  6.878e-02  
6.636e-01  2.427e-01  
5.240e-01  3.134e-01  
1.715e-01  6.589e-01  
1.569e-02  9.940e-01  
2.858e-01  5.280e-01  
8.173e-01  1.655e-01  
3.513e-01  4.428e-01  
8.125e-01  1.827e-01  
1.629e-02  9.472e-01  
1.022e+00  3.633e-02  
5.178e-01  3.318e-01  
2.621e-01  5.509e-01  
6.675e-01  2.181e-01  
8.800e-02  8.300e-01  
9.374e-01  8.033e-02  
8.498e-01  1.428e-01  
6.795e-02  8.408e-01  
2.827e-01  5.496e-01  
3.634e-01  4.477e-01  
4.032e-01  4.517e-01  
8.385e-01  1.151e-01  
8.093e-01  1.686e-01  
1.737e-01  6.631e-01  
8.146e-01  2.100e-01  
6.771e-01  2.319e-01  
2.983e-01  5.160e-01  
4.328e-01  3.924e-01  
2.832e-01  5.292e-01  
3.493e-01  4.482e-01  
4.896e-01  3.532e-01  
2.118e-01  6.160e-01  
6.675e-01  2.181e-01  
1.847e-01  6.194e-01  
9.482e-01  8.882e-02  
3.198e-01  5.314e-01  
4.217e-01  3.728e-01  
3.559e-01  4.292e-01  
1.706e-01  6.475e-01  
1.907e-01  6.135e-01  
4.740e-01  3.686e-01  
6.323e-01  2.658e-01  
6.636e-01  2.427e-01  
3.584e-01  4.372e-01  
5.862e-01  2.996e-01  
5.452e-01  2.955e-01  
6.312e-02  8.326e-01  
6.446e-01  2.439e-01  
9.512e-01  6.917e-02  
1.715e-01  6.589e-01  
1.519e-01  7.690e-01  
3.098e-01  5.096e-01  
3.536e-01  4.320e-01  
1.847e-01  6.194e-01  
1.847e-01  6.194e-01  
3.075e-01  4.960e-01  
2.818e-01  5.195e-01  
4.566e-01  3.807e-01  
6.830e-01  2.541e-01  
7.076e-02  8.270e-01  
8.198e-01  1.368e-01  
3.559e-01  4.284e-01  
7.235e-02  8.161e-01  
1.239e-01  7.350e-01  
6.742e-01  2.369e-01  
2.406e-01  5.945e-01  
1.699e-01  6.448e-01  
2.832e-01  5.292e-01  
9.483e-01  6.878e-02  
8.538e-01  1.308e-01  
2.689e-01  5.449e-01  
1.017e+00  3.782e-02  
4.989e-01  3.175e-01  
2.566e-01  5.864e-01  
8.476e-01  1.261e-01  
1.934e-01  6.631e-01  
4.519e-02  8.781e-01  
1.044e+00  3.173e-02  
1.895e-01  6.435e-01  
1.393e-01  7.335e-01  
6.848e-01  1.960e-01  
9.425e-01  7.334e-02  
6.355e-01  2.588e-01  
8.183e-01  1.462e-01  
9.914e-01  4.743e-02  
1.706e-01  6.475e-01  
1.613e-01  6.428e-01  
6.638e-01  2.420e-01  
5.417e-01  3.013e-01  
9.709e-01  6.674e-02  
5.107e-01  3.634e-01  
6.742e-01  2.369e-01  
6.967e-01  1.946e-01  
9.529e-01  6.364e-02  
1.069e+00  3.688e-02  
6.595e-02  8.454e-01  
1.726e-01  6.727e-01  
7.001e-01  2.051e-01  
9.195e-02  8.121e-01  
9.621e-01  1.004e-01  
2.566e-01  5.864e-01  
6.312e-02  8.326e-01  
2.621e-01  5.509e-01  
1.081e-01  7.291e-01  
1.717e-01  6.350e-01  
3.487e-02  9.085e-01  
8.358e-01  1.186e-01  
9.462e-01  6.680e-02  
1.004e+00  3.496e-02  
9.198e-02  8.094e-01  
1.569e-02  9.940e-01  
8.337e-01  1.526e-01  
1.189e-01  8.166e-01  
1.041e+00  5.632e-02  
1.023e+00  4.420e-02  
9.502e-01  7.570e-02  
1.923e-02  9.443e-01  
9.728e-01  4.638e-02  
3.132e-02  9.305e-01  
1.023e+00  4.420e-02  
9.428e-01  7.327e-02  
1.081e-01  7.291e-01  
8.104e-01  1.975e-01  
1.028e+00  3.190e-02  
1.120e-01  7.139e-01  
1.041e+00  5.632e-02  
9.425e-01  7.334e-02  
8.107e-01  1.880e-01  
1.896e-02  1.002e+00  
8.362e-01  1.279e-01  
9.483e-01  6.878e-02  
1.025e+00  3.832e-02  
9.709e-01  6.674e-02  
2.983e-01  5.160e-01  
9.567e-02  7.693e-01  
9.374e-01  8.033e-02  
5.953e-02  8.674e-01  
1.120e-01  7.139e-01  
6.312e-02  8.326e-01  
6.830e-01  2.541e-01  
8.182e-01  1.602e-01  
7.988e-02  7.642e-01  
8.104e-01  1.975e-01  
1.022e+00  3.633e-02  
2.566e-01  5.864e-01  
2.382e-01  5.731e-01  
3.075e-01  4.960e-01  
5.094e-01  3.389e-01  
8.476e-01  1.261e-01  
3.141e-02  9.041e-01  
1.895e-01  6.435e-01  
9.425e-01  7.334e-02  
8.125e-01  1.827e-01  
9.195e-02  8.121e-01  
9.934e-01  5.076e-02  
5.107e-01  3.634e-01  
3.664e-01  4.339e-01  
1.069e+00  3.688e-02  
6.794e-01  2.022e-01  
6.757e-01  2.308e-01  
2.938e-01  5.671e-01  
2.779e-01  5.394e-01  
5.302e-02  8.603e-01  
4.431e-02  8.710e-01  
1.937e-01  6.549e-01  
2.016e-01  6.307e-01  
4.217e-01  3.728e-01  
4.980e-01  3.304e-01  
3.558e-01  4.368e-01  
9.621e-01  1.004e-01  
3.471e-01  4.723e-01  
5.079e-01  3.312e-01  
8.362e-01  1.279e-01  
9.694e-02  7.526e-01  
6.675e-01  2.181e-01  
2.799e-01  5.292e-01  
2.905e-01  5.015e-01  
9.963e-01  5.579e-02  
3.664e-01  4.339e-01  
1.664e-01  6.633e-01  
2.799e-01  5.292e-01  
2.529e-01  5.442e-01  
5.417e-01  3.013e-01  
1.613e-01  6.428e-01  
3.493e-01  4.482e-01  
1.065e+00  3.896e-02  
8.146e-01  2.100e-01  
2.650e-01  5.873e-01  
1.023e+00  4.420e-02  
1.519e-01  7.690e-01  
5.079e-01  3.312e-01  
3.493e-01  4.482e-01  
1.393e-01  7.335e-01  
5.240e-01  3.134e-01  
1.023e+00  4.420e-02  
9.483e-01  6.878e-02  
3.887e-01  4.211e-01  
7.198e-02  7.942e-01  
4.032e-01  4.517e-01  
2.621e-01  5.509e-01  
2.038e-02  9.294e-01  
1.189e-01  8.166e-01  
4.796e-01  3.690e-01  
6.678e-01  2.323e-01  
5.126e-01  3.367e-01  
1.923e-02  9.443e-01  
1.896e-02  1.002e+00  
4.740e-01  3.686e-01  
4.328e-01  3.924e-01  
6.412e-01  2.599e-01  
1.737e-01  6.631e-01  
4.416e-01  4.378e-01  
