3.437e-02  1.404e+00  
1.293e+00  3.163e-02  
6.493e-01  6.817e-01  
1.005e+00  3.293e-01  
3.415e-01  1.019e+00  
9.778e-01  4.538e-01  
1.499e-01  1.040e+00  
4.266e-01  7.597e-01  
1.154e+00  1.276e-01  
1.086e+00  8.194e-02  
8.267e-02  1.229e+00  
6.613e-01  6.857e-01  
9.825e-01  3.998e-01  
3.877e-01  8.435e-01  
6.850e-01  7.127e-01  
1.050e+00  2.272e-01  
2.383e-01  1.070e+00  
9.334e-02  1.116e+00  
9.776e-01  3.756e-01  
1.065e+00  1.296e-01  
4.027e-01  8.001e-01  
6.427e-01  6.756e-01  
6.477e-01  6.822e-01  
1.049e+00  5.644e-02  
9.782e-01  3.655e-01  
1.141e+00  4.588e-02  
3.274e-01  1.019e+00  
5.028e-02  1.283e+00  
3.968e-01  7.434e-01  
1.340e-01  1.178e+00  
1.015e+00  3.879e-01  
1.065e+00  2.922e-01  
2.767e-01  1.095e+00  
1.068e+00  2.108e-01  
1.141e+00  4.588e-02  
7.446e-02  1.257e+00  
4.085e-01  7.954e-01  
1.757e-01  1.039e+00  
1.273e-01  1.076e+00  
9.776e-01  3.918e-01  
4.997e-01  7.596e-01  
6.518e-01  6.842e-01  
4.467e-01  7.507e-01  
3.866e-01  7.347e-01  
2.372e-01  1.051e+00  
1.002e+00  3.608e-01  
7.627e-01  6.718e-01  
1.166e+00  8.073e-02  
7.469e-01  6.764e-01  
3.276e-01  1.019e+00  
6.455e-01  6.796e-01  
4.162e-01  7.325e-01  
3.437e-02  1.404e+00  
9.776e-01  3.756e-01  
1.167e-01  1.187e+00  
6.795e-01  6.832e-01  
1.030e+00  3.800e-01  
1.335e+00  3.586e-02  
2.771e-01  1.024e+00  
1.074e+00  1.022e-01  
1.055e+00  1.354e-01  
4.004e-01  7.392e-01  
1.121e+00  2.457e-01  
9.975e-01  3.748e-01  
2.602e-01  1.033e+00  
1.083e+00  7.594e-02  
1.034e-01  1.077e+00  
9.975e-01  3.748e-01  
6.518e-01  6.842e-01  
7.370e-01  6.778e-01  
1.073e+00  2.982e-01  
3.250e-01  1.021e+00  
9.776e-01  3.918e-01  
4.144e-01  7.234e-01  
6.477e-01  6.822e-01  
2.372e-01  1.051e+00  
1.752e-01  1.077e+00  
1.118e+00  2.507e-01  
9.782e-01  3.655e-01  
1.222e+00  6.293e-02  
9.779e-01  3.606e-01  
3.798e-01  7.811e-01  
6.452e-01  6.796e-01  
9.784e-01  3.423e-01  
4.997e-01  7.596e-01  
9.796e-01  3.883e-01  
2.767e-01  1.095e+00  
7.446e-02  1.257e+00  
4.467e-01  7.507e-01  
6.600e-01  6.818e-01  
2.379e-01  1.022e+00  
9.998e-01  3.321e-01  
1.158e+00  4.627e-02  
5.189e-02  1.281e+00  
1.083e+00  7.594e-02  
3.798e-01  7.811e-01  
6.427e-01  6.756e-01  
9.784e-01  3.423e-01  
3.941e-01  7.952e-01  
6.768e-01  6.807e-01  
9.818e-02  1.111e+00  
9.334e-02  1.116e+00  
7.370e-01  6.778e-01  
1.534e-01  1.121e+00  
9.825e-01  3.998e-01  
1.116e+00  1.282e-01  
3.868e-02  1.295e+00  
6.498e-01  6.770e-01  
9.798e-01  3.906e-01  
1.001e+00  3.173e-01  
4.997e-01  7.596e-01  
2.572e-01  1.019e+00  
3.968e-01  7.434e-01  
4.180e-01  7.190e-01  
3.250e-01  1.021e+00  
1.074e+00  1.022e-01  
2.767e-01  1.095e+00  
1.178e+00  1.345e-01  
7.446e-02  1.257e+00  
1.154e+00  1.276e-01  
1.208e+00  3.396e-02  
3.257e-01  1.018e+00  
1.137e+00  8.458e-02  
2.372e-01  1.051e+00  
1.031e+00  3.392e-01  
7.433e-02  1.490e+00  
1.207e+00  1.002e-01  
4.472e-01  7.659e-01  
1.412e+00  3.045e-02  
4.467e-01  7.507e-01  
1.088e+00  9.849e-02  
1.752e-01  1.077e+00  
2.127e-01  1.034e+00  
1.098e-01  1.123e+00  
1.293e+00  3.638e-02  
1.067e+00  6.843e-02  
1.289e+00  3.166e-02  
3.798e-01  7.811e-01  
1.055e+00  1.354e-01  
3.415e-01  1.019e+00  
6.645e-02  1.288e+00  
9.905e-01  4.928e-01  
1.006e+00  3.245e-01  
4.467e-01  7.507e-01  
6.326e-01  8.008e-01  
6.477e-01  6.822e-01  
3.233e-01  1.033e+00  
6.795e-01  6.832e-01  
1.465e-01  1.046e+00  
3.877e-01  8.435e-01  
3.968e-01  7.434e-01  
1.121e+00  2.457e-01  
3.968e-01  7.434e-01  
7.370e-01  6.778e-01  
3.250e-01  1.021e+00  
9.774e-01  4.483e-01  
2.055e-01  1.027e+00  
2.771e-01  1.024e+00  
7.317e-01  6.745e-01  
9.781e-01  3.773e-01  
9.836e-01  3.747e-01  
4.086e-01  7.490e-01  
9.776e-01  3.756e-01  
1.789e-01  1.039e+00  
6.850e-01  7.127e-01  
4.086e-01  7.490e-01  
5.382e-01  7.182e-01  
9.774e-01  4.483e-01  
1.304e+00  6.621e-02  
9.774e-01  4.483e-01  
6.550e-01  6.799e-01  
9.778e-01  4.538e-01  
3.340e-02  1.374e+00  
6.569e-01  6.767e-01  
7.691e-02  1.279e+00  
6.569e-01  6.767e-01  
1.752e-01  1.077e+00  
6.850e-01  7.127e-01  
1.708e-01  1.156e+00  
6.455e-01  6.796e-01  
9.874e-01  3.610e-01  
3.239e-01  1.057e+00  
6.427e-01  6.756e-01  
6.292e-01  7.546e-01  
1.075e+00  1.717e-01  
1.121e+00  2.457e-01  
3.406e-01  1.028e+00  
4.997e-01  7.596e-01  
6.680e-01  6.813e-01  
5.382e-01  7.182e-01  
6.427e-01  6.756e-01  
9.826e-01  4.600e-01  
6.493e-01  6.817e-01  
6.493e-01  6.817e-01  
1.176e+00  6.888e-02  
1.083e+00  7.594e-02  
5.103e-01  7.217e-01  
9.975e-01  3.748e-01  
3.865e-01  7.304e-01  
1.019e-01  1.247e+00  
9.781e-01  3.773e-01  
4.314e-01  8.401e-01  
6.493e-01  6.817e-01  
1.049e+00  5.644e-02  
4.085e-01  7.954e-01  
9.779e-01  3.606e-01  
6.550e-01  6.799e-01  
8.297e-02  1.155e+00  
1.050e+00  2.272e-01  
4.845e-02  1.385e+00  
1.166e+00  8.073e-02  
9.825e-01  3.998e-01  
9.779e-01  3.606e-01  
2.572e-01  1.019e+00  
6.493e-01  6.817e-01  
1.222e+00  6.293e-02  
1.065e+00  2.922e-01  
9.881e-01  3.564e-01  
1.035e+00  3.321e-01  
1.143e-01  1.191e+00  
3.165e-01  1.018e+00  
2.843e-01  1.058e+00  
2.127e-01  1.034e+00  
1.015e+00  3.879e-01  
1.260e+00  2.712e-02  
3.166e-01  1.026e+00  
2.379e-01  1.022e+00  
2.383e-01  1.070e+00  
4.085e-01  7.954e-01  
1.179e-01  1.094e+00  
1.075e+00  1.717e-01  
1.049e+00  5.644e-02  
3.176e-02  1.396e+00  
4.162e-01  7.325e-01  
1.015e+00  3.879e-01  
1.068e+00  2.108e-01  
4.472e-01  7.659e-01  
8.808e-02  1.248e+00  
1.019e-01  1.247e+00  
9.808e-01  4.430e-01  
3.662e-02  1.313e+00  
1.088e-01  1.239e+00  
1.066e+00  6.137e-02  
2.572e-01  1.019e+00  
1.041e+00  1.493e-01  
1.050e+00  2.272e-01  
3.250e-01  1.021e+00  
1.138e+00  7.868e-02  
3.712e-01  7.879e-01  
4.669e-02  1.318e+00  
1.116e+00  1.282e-01  
1.163e+00  1.327e-01  
7.691e-02  1.279e+00  
1.020e+00  3.254e-01  
1.137e+00  8.458e-02  
1.260e+00  2.712e-02  
1.086e+00  4.406e-02  
1.293e+00  3.638e-02  
3.847e-01  7.341e-01  
1.049e+00  5.644e-02  
1.036e+00  3.470e-01  
1.068e+00  2.591e-01  
1.081e+00  1.570e-01  
4.307e-02  1.305e+00  
6.850e-01  7.127e-01  
1.157e+00  8.763e-02  
1.050e+00  2.272e-01  
1.056e+00  2.131e-01  
7.446e-02  1.257e+00  
4.314e-01  8.401e-01  
7.446e-02  1.257e+00  
2.572e-01  1.019e+00  
6.629e-01  6.782e-01  
4.086e-01  7.490e-01  
4.144e-01  7.234e-01  
1.040e+00  1.788e-01  
9.334e-02  1.116e+00  
3.233e-01  1.033e+00  
1.020e+00  3.254e-01  
1.167e-01  1.187e+00  
8.297e-02  1.155e+00  
4.027e-01  8.001e-01  
9.825e-01  3.998e-01  
1.030e+00  3.800e-01  
3.254e-01  1.018e+00  
4.845e-02  1.385e+00  
1.066e+00  6.137e-02  
1.598e-01  1.033e+00  
5.509e-02  1.281e+00  
1.598e-01  1.033e+00  
9.793e-01  5.596e-01  
7.370e-01  6.778e-01  
7.446e-02  1.257e+00  
9.782e-01  3.655e-01  
9.798e-01  3.906e-01  
6.452e-01  6.796e-01  
6.452e-01  6.796e-01  
3.695e-01  7.449e-01  
9.905e-01  4.928e-01  
6.629e-01  6.782e-01  
4.186e-02  1.292e+00  
4.151e-01  7.572e-01  
9.808e-01  4.253e-01  
6.455e-01  6.796e-01  
6.185e-01  7.176e-01  
7.432e-01  6.913e-01  
4.845e-02  1.385e+00  
4.743e-01  8.060e-01  
6.569e-01  6.767e-01  
6.493e-01  6.817e-01  
1.098e-01  1.123e+00  
4.080e-01  7.531e-01  
6.518e-01  6.842e-01  
1.065e+00  2.377e-01  
1.836e-01  1.098e+00  
6.707e-01  6.783e-01  
9.779e-01  3.606e-01  
9.834e-01  4.322e-01  
4.016e-01  8.284e-01  
6.569e-01  6.767e-01  
9.777e-01  4.073e-01  
9.774e-01  3.921e-01  
3.847e-01  7.341e-01  
1.081e+00  1.570e-01  
4.264e-01  7.631e-01  
1.019e-01  1.247e+00  
1.049e+00  5.644e-02  
9.926e-01  4.099e-01  
1.019e+00  4.055e-01  
1.499e-01  1.040e+00  
7.432e-01  6.913e-01  
6.850e-01  7.127e-01  
6.311e-01  6.797e-01  
2.188e-01  1.028e+00  
3.257e-01  1.018e+00  
5.103e-01  7.217e-01  
9.774e-01  3.921e-01  
1.049e+00  5.644e-02  
6.564e-01  7.097e-01  
3.024e-01  1.032e+00  
9.975e-01  3.748e-01  
4.027e-01  8.001e-01  
6.569e-01  6.767e-01  
9.774e-01  4.483e-01  
3.254e-01  1.018e+00  
1.062e+00  1.606e-01  
2.127e-01  1.034e+00  
9.778e-01  4.538e-01  
2.564e-01  1.020e+00  
6.602e-01  6.767e-01  
6.630e-01  6.830e-01  
3.254e-01  1.018e+00  
3.257e-01  1.018e+00  
1.031e+00  1.545e-01  
5.103e-01  7.217e-01  
4.144e-01  7.234e-01  
9.784e-01  3.423e-01  
4.467e-01  7.507e-01  
4.086e-01  7.490e-01  
6.930e-01  7.187e-01  
1.183e-01  1.154e+00  
6.613e-01  6.857e-01  
6.455e-01  6.796e-01  
6.645e-02  1.288e+00  
5.382e-01  7.182e-01  
4.467e-01  7.507e-01  
1.121e+00  2.457e-01  
9.778e-01  4.538e-01  
9.782e-01  3.655e-01  
9.975e-01  3.748e-01  
4.997e-01  7.596e-01  
4.467e-01  7.507e-01  
3.941e-01  7.952e-01  
7.273e-01  6.718e-01  
1.015e+00  3.879e-01  
9.776e-01  3.756e-01  
1.068e+00  2.591e-01  
3.254e-01  1.018e+00  
1.081e+00  6.302e-02  
1.273e-01  1.076e+00  
9.778e-01  4.538e-01  
6.600e-01  6.818e-01  
4.038e-01  7.342e-01  
9.773e-01  5.649e-01  
9.406e-02  1.115e+00  
6.613e-01  6.857e-01  
4.275e-01  7.182e-01  
6.518e-01  6.842e-01  
1.157e+00  8.763e-02  
1.020e+00  3.254e-01  
9.780e-01  4.437e-01  
1.580e-01  1.027e+00  
2.926e-02  1.346e+00  
4.080e-01  7.531e-01  
1.068e+00  2.108e-01  
6.491e-01  7.018e-01  
1.083e+00  7.594e-02  
2.277e-02  1.321e+00  
1.248e+00  2.668e-02  
9.784e-01  3.423e-01  
3.907e-01  8.420e-01  
1.020e+00  3.254e-01  
7.691e-02  1.279e+00  
1.067e+00  6.843e-02  
1.068e+00  2.108e-01  
8.818e-02  1.089e+00  
3.712e-01  7.879e-01  
6.850e-01  7.127e-01  
6.491e-01  7.018e-01  
1.073e+00  8.477e-02  
1.118e+00  2.507e-01  
2.379e-01  1.022e+00  
1.068e+00  2.591e-01  
1.008e+00  3.059e-01  
4.467e-01  7.507e-01  
6.559e-01  6.730e-01  
4.056e-01  7.228e-01  
6.924e-01  6.978e-01  
6.795e-01  6.832e-01  
3.383e-01  1.018e+00  
1.008e+00  3.059e-01  
3.254e-01  1.018e+00  
1.154e+00  1.276e-01  
4.518e-01  7.407e-01  
6.518e-01  6.842e-01  
6.315e-01  7.967e-01  
2.372e-01  1.051e+00  
3.250e-01  1.021e+00  
7.432e-01  6.913e-01  
9.803e-01  3.714e-01  
1.012e+00  3.465e-01  
4.467e-01  7.507e-01  
9.782e-01  3.655e-01  
9.779e-01  3.606e-01  
7.691e-02  1.279e+00  
1.020e+00  3.254e-01  
1.093e+00  1.316e-01  
2.379e-01  1.022e+00  
1.795e-01  1.040e+00  
4.467e-01  7.507e-01  
6.822e-01  7.476e-01  
2.572e-01  1.019e+00  
2.127e-01  1.034e+00  
4.154e-01  7.771e-01  
4.021e-01  7.647e-01  
6.630e-01  6.830e-01  
1.030e+00  3.800e-01  
1.143e-01  1.191e+00  
1.055e+00  2.102e-01  
6.574e-01  6.813e-01  
1.088e-01  1.239e+00  
1.316e-01  1.114e+00  
1.003e+00  3.362e-01  
3.905e-01  9.132e-01  
1.795e-01  1.040e+00  
4.086e-01  7.490e-01  
1.110e+00  7.462e-02  
1.074e+00  1.022e-01  
4.314e-01  8.401e-01  
1.289e+00  3.166e-02  
9.773e-01  5.649e-01  
4.027e-01  8.001e-01  
1.065e+00  1.296e-01  
3.276e-01  1.019e+00  
5.667e-02  1.260e+00  
1.293e+00  3.163e-02  
3.254e-01  1.018e+00  
2.153e-01  1.078e+00  
1.060e+00  2.859e-01  
1.078e+00  6.367e-02  
9.852e-01  3.811e-01  
1.081e+00  1.570e-01  
1.131e+00  6.649e-02  
2.379e-01  1.022e+00  
3.250e-01  1.021e+00  
1.020e+00  3.210e-01  
9.784e-01  3.423e-01  
1.140e+00  5.833e-02  
9.775e-01  4.013e-01  
1.031e+00  3.392e-01  
1.065e+00  1.296e-01  
1.067e+00  6.843e-02  
1.293e+00  3.638e-02  
8.808e-02  1.248e+00  
2.372e-01  1.051e+00  
1.065e+00  2.922e-01  
1.538e-01  1.137e+00  
1.075e+00  1.717e-01  
4.027e-01  8.001e-01  
8.562e-02  1.152e+00  
4.472e-01  7.659e-01  
1.598e-01  1.033e+00  
2.277e-01  1.021e+00  
4.865e-02  1.298e+00  
1.020e+00  1.377e-01  
1.066e+00  6.137e-02  
1.289e+00  3.166e-02  
1.174e-01  1.223e+00  
5.028e-02  1.283e+00  
1.055e+00  1.354e-01  
1.499e-01  1.040e+00  
1.325e+00  6.893e-02  
1.304e+00  6.621e-02  
1.207e+00  1.002e-01  
5.028e-02  1.283e+00  
1.179e+00  4.479e-02  
3.290e-02  1.315e+00  
1.158e+00  4.627e-02  
1.207e+00  1.002e-01  
1.708e-01  1.156e+00  
1.060e+00  2.859e-01  
1.248e+00  2.668e-02  
1.708e-01  1.156e+00  
1.304e+00  6.621e-02  
1.086e+00  8.194e-02  
1.068e+00  2.108e-01  
5.233e-02  1.295e+00  
1.154e+00  1.276e-01  
1.163e+00  1.327e-01  
1.252e+00  3.090e-02  
1.248e+00  2.668e-02  
4.144e-01  7.234e-01  
1.757e-01  1.039e+00  
1.126e+00  3.800e-02  
8.118e-02  1.170e+00  
1.895e-01  1.126e+00  
8.808e-02  1.248e+00  
1.006e+00  3.245e-01  
1.018e+00  1.403e-01  
1.080e-01  1.065e+00  
1.068e+00  2.108e-01  
1.248e+00  2.668e-02  
3.798e-01  7.811e-01  
3.695e-01  7.449e-01  
4.144e-01  7.234e-01  
9.776e-01  3.756e-01  
1.154e+00  1.276e-01  
3.136e-02  1.309e+00  
3.257e-01  1.018e+00  
1.157e+00  8.763e-02  
1.050e+00  2.272e-01  
8.297e-02  1.155e+00  
1.174e+00  4.477e-02  
9.781e-01  3.773e-01  
5.024e-01  7.318e-01  
1.289e+00  3.166e-02  
1.196e+00  3.203e-01  
1.019e+00  3.100e-01  
4.038e-01  7.342e-01  
3.821e-01  7.682e-01  
9.334e-02  1.116e+00  
5.509e-02  1.281e+00  
2.379e-01  1.022e+00  
2.781e-01  1.021e+00  
6.477e-01  6.822e-01  
9.778e-01  4.009e-01  
6.292e-01  7.546e-01  
1.065e+00  1.296e-01  
3.847e-01  7.322e-01  
6.795e-01  6.832e-01  
1.067e+00  6.843e-02  
1.098e-01  1.123e+00  
1.073e+00  2.982e-01  
4.260e-01  7.523e-01  
3.843e-01  7.261e-01  
1.066e+00  6.137e-02  
6.326e-01  8.008e-01  
2.506e-01  1.026e+00  
3.712e-01  7.879e-01  
4.467e-01  7.507e-01  
9.824e-01  3.937e-01  
2.188e-01  1.028e+00  
4.400e-01  7.826e-01  
1.293e+00  3.638e-02  
1.074e+00  2.929e-01  
4.013e-01  7.858e-01  
1.248e+00  2.668e-02  
1.098e-01  1.123e+00  
9.774e-01  4.483e-01  
6.498e-01  6.770e-01  
1.752e-01  1.077e+00  
9.778e-01  4.538e-01  
1.148e+00  5.371e-02  
1.067e+00  6.843e-02  
6.455e-01  6.796e-01  
1.133e-01  1.035e+00  
6.795e-01  6.832e-01  
3.695e-01  7.449e-01  
3.479e-02  1.276e+00  
1.752e-01  1.077e+00  
6.569e-01  6.767e-01  
9.998e-01  3.321e-01  
9.784e-01  3.423e-01  
5.411e-02  1.413e+00  
4.845e-02  1.385e+00  
6.768e-01  6.807e-01  
6.584e-01  6.809e-01  
1.030e+00  3.800e-01  
2.572e-01  1.019e+00  
6.498e-01  6.770e-01  
