3.540e-02  1.048e+00  
1.062e+00  6.757e-02  
7.039e-01  6.029e-01  
9.367e-01  3.166e-01  
3.372e-01  9.768e-01  
8.354e-01  4.534e-01  
3.820e-02  1.051e+00  
5.078e-01  8.400e-01  
1.036e+00  8.406e-02  
1.021e+00  8.343e-02  
4.174e-02  1.052e+00  
7.074e-01  6.123e-01  
8.393e-01  4.113e-01  
3.703e-01  9.426e-01  
5.632e-01  7.927e-01  
1.010e+00  1.837e-01  
2.148e-01  1.035e+00  
1.893e-01  1.025e+00  
8.371e-01  4.231e-01  
1.010e+00  1.837e-01  
3.468e-01  9.530e-01  
6.842e-01  6.237e-01  
6.719e-01  6.872e-01  
1.007e+00  1.368e-01  
8.354e-01  4.534e-01  
1.032e+00  6.951e-02  
3.561e-01  9.455e-01  
4.132e-02  1.052e+00  
5.065e-01  8.293e-01  
4.783e-02  1.053e+00  
8.393e-01  4.113e-01  
1.005e+00  1.329e-01  
2.118e-01  1.030e+00  
1.005e+00  1.329e-01  
1.020e+00  8.411e-02  
4.026e-02  1.049e+00  
3.455e-01  9.499e-01  
1.976e-01  1.035e+00  
3.165e-02  1.050e+00  
8.390e-01  4.192e-01  
6.252e-01  7.892e-01  
8.355e-01  4.369e-01  
5.200e-01  8.113e-01  
4.314e-01  9.433e-01  
2.046e-01  1.026e+00  
9.382e-01  3.225e-01  
7.498e-01  5.849e-01  
1.012e+00  1.200e-01  
7.016e-01  6.078e-01  
3.427e-01  9.546e-01  
6.747e-01  6.438e-01  
5.111e-01  8.362e-01  
4.042e-02  1.058e+00  
8.357e-01  4.335e-01  
3.937e-02  1.055e+00  
6.864e-01  6.258e-01  
8.760e-01  3.787e-01  
1.048e+00  7.865e-02  
2.055e-01  1.028e+00  
1.010e+00  1.216e-01  
1.036e+00  8.406e-02  
5.152e-01  8.146e-01  
1.008e+00  1.126e-01  
9.404e-01  3.150e-01  
2.184e-01  1.030e+00  
1.010e+00  1.033e-01  
3.165e-02  1.050e+00  
9.261e-01  3.204e-01  
6.842e-01  6.238e-01  
6.895e-01  6.340e-01  
1.008e+00  1.080e-01  
2.203e-01  1.034e+00  
8.355e-01  4.369e-01  
5.065e-01  8.293e-01  
6.888e-01  6.381e-01  
1.951e-01  1.031e+00  
3.175e-02  1.050e+00  
1.010e+00  1.837e-01  
8.428e-01  5.021e-01  
1.018e+00  8.762e-02  
8.353e-01  4.576e-01  
4.016e-01  9.437e-01  
6.249e-01  7.894e-01  
8.371e-01  4.231e-01  
6.252e-01  7.892e-01  
8.357e-01  4.460e-01  
2.184e-01  1.030e+00  
4.582e-02  1.056e+00  
5.268e-01  8.046e-01  
8.354e-01  4.534e-01  
3.372e-01  9.768e-01  
8.702e-01  3.566e-01  
1.048e+00  7.865e-02  
3.967e-02  1.052e+00  
1.007e+00  1.573e-01  
3.444e-01  9.599e-01  
6.719e-01  6.872e-01  
8.382e-01  4.129e-01  
4.314e-01  9.433e-01  
7.039e-01  6.029e-01  
4.783e-02  1.053e+00  
1.874e-01  1.030e+00  
6.966e-01  6.133e-01  
4.948e-02  1.051e+00  
8.362e-01  4.321e-01  
1.007e+00  1.796e-01  
4.023e-02  1.055e+00  
6.768e-01  6.492e-01  
8.610e-01  3.956e-01  
9.261e-01  3.204e-01  
5.367e-01  8.043e-01  
2.155e-01  1.035e+00  
5.074e-01  8.686e-01  
5.631e-01  7.997e-01  
3.865e-01  9.402e-01  
1.008e+00  1.126e-01  
1.951e-01  1.031e+00  
1.008e+00  1.298e-01  
4.783e-02  1.053e+00  
1.010e+00  1.216e-01  
1.061e+00  6.324e-02  
2.226e-01  1.032e+00  
1.016e+00  1.020e-01  
1.783e-01  1.044e+00  
1.005e+00  1.329e-01  
3.447e-02  1.064e+00  
1.023e+00  7.747e-02  
5.367e-01  8.043e-01  
1.037e+00  5.581e-02  
5.111e-01  8.362e-01  
1.012e+00  1.200e-01  
1.837e-01  1.043e+00  
2.148e-01  1.035e+00  
3.937e-02  1.055e+00  
1.060e+00  7.455e-02  
1.010e+00  1.745e-01  
1.054e+00  6.082e-02  
3.733e-01  9.464e-01  
1.006e+00  1.427e-01  
1.783e-01  1.044e+00  
4.184e-02  1.051e+00  
8.360e-01  4.362e-01  
9.261e-01  3.204e-01  
5.078e-01  8.400e-01  
5.909e-01  7.947e-01  
6.710e-01  6.819e-01  
1.783e-01  1.044e+00  
7.611e-01  5.844e-01  
1.837e-01  1.043e+00  
3.865e-01  9.402e-01  
5.243e-01  8.067e-01  
1.010e+00  1.837e-01  
5.408e-01  8.134e-01  
6.862e-01  6.402e-01  
4.844e-02  1.056e+00  
8.357e-01  4.335e-01  
1.852e-01  1.032e+00  
3.561e-01  9.455e-01  
6.846e-01  6.304e-01  
8.353e-01  4.576e-01  
8.760e-01  3.787e-01  
3.455e-01  9.499e-01  
8.350e-01  4.412e-01  
1.852e-01  1.032e+00  
6.719e-01  6.872e-01  
5.243e-01  8.067e-01  
6.113e-01  7.896e-01  
8.368e-01  4.342e-01  
1.023e+00  7.747e-02  
8.358e-01  4.370e-01  
6.729e-01  6.533e-01  
8.355e-01  4.358e-01  
3.784e-02  1.059e+00  
6.862e-01  6.402e-01  
3.447e-02  1.064e+00  
8.357e-01  4.460e-01  
4.005e-02  1.069e+00  
7.039e-01  6.029e-01  
3.175e-02  1.050e+00  
6.846e-01  6.304e-01  
8.494e-01  3.891e-01  
3.468e-01  9.530e-01  
6.846e-01  6.304e-01  
6.252e-01  7.892e-01  
1.010e+00  1.284e-01  
1.014e+00  2.471e-01  
3.372e-01  9.768e-01  
6.252e-01  7.892e-01  
6.966e-01  6.133e-01  
5.632e-01  7.927e-01  
6.895e-01  6.340e-01  
8.357e-01  4.460e-01  
6.888e-01  6.381e-01  
7.039e-01  6.029e-01  
1.015e+00  8.525e-02  
1.025e+00  6.588e-02  
5.632e-01  7.927e-01  
8.382e-01  4.129e-01  
5.421e-01  8.028e-01  
3.175e-02  1.050e+00  
8.355e-01  4.358e-01  
4.314e-01  9.433e-01  
6.888e-01  6.381e-01  
1.008e+00  1.318e-01  
5.074e-01  8.686e-01  
8.434e-01  4.098e-01  
7.074e-01  6.123e-01  
3.175e-02  1.050e+00  
1.002e+00  1.753e-01  
3.895e-02  1.055e+00  
1.014e+00  1.100e-01  
8.610e-01  3.956e-01  
8.395e-01  4.587e-01  
2.046e-01  1.026e+00  
6.859e-01  6.389e-01  
1.021e+00  8.343e-02  
1.002e+00  3.073e-01  
8.885e-01  3.457e-01  
1.008e+00  1.080e-01  
4.345e-02  1.051e+00  
3.495e-01  9.561e-01  
2.118e-01  1.030e+00  
2.139e-01  1.028e+00  
1.064e+00  3.192e-01  
1.048e+00  7.865e-02  
2.155e-01  1.035e+00  
1.952e-01  1.029e+00  
2.118e-01  1.030e+00  
3.444e-01  9.599e-01  
3.165e-02  1.050e+00  
1.010e+00  1.284e-01  
1.036e+00  8.406e-02  
3.515e-02  1.049e+00  
5.337e-01  8.007e-01  
1.111e+00  2.442e-01  
1.004e+00  1.733e-01  
5.248e-01  8.129e-01  
4.154e-02  1.049e+00  
4.948e-02  1.051e+00  
8.569e-01  4.034e-01  
4.702e-02  1.051e+00  
3.592e-02  1.048e+00  
1.013e+00  1.196e-01  
2.155e-01  1.035e+00  
1.005e+00  1.557e-01  
1.023e+00  8.500e-02  
3.561e-01  9.455e-01  
1.023e+00  9.238e-02  
3.468e-01  9.530e-01  
4.620e-02  1.053e+00  
1.006e+00  1.676e-01  
1.005e+00  1.557e-01  
5.244e-02  1.056e+00  
9.382e-01  3.225e-01  
1.011e+00  1.193e-01  
1.039e+00  5.526e-02  
1.042e+00  7.600e-02  
1.060e+00  7.455e-02  
3.654e-01  9.426e-01  
1.055e+00  6.059e-02  
1.002e+00  1.753e-01  
1.023e+00  8.500e-02  
1.004e+00  1.733e-01  
4.783e-02  1.053e+00  
6.841e-01  6.227e-01  
1.007e+00  1.573e-01  
1.006e+00  1.676e-01  
1.017e+00  1.044e-01  
3.829e-02  1.057e+00  
5.111e-01  8.362e-01  
3.784e-02  1.059e+00  
3.372e-01  9.768e-01  
6.846e-01  6.304e-01  
5.367e-01  8.043e-01  
5.154e-01  8.249e-01  
1.002e+00  1.758e-01  
4.005e-02  1.069e+00  
2.151e-01  1.030e+00  
8.760e-01  3.787e-01  
4.582e-02  1.056e+00  
3.930e-02  1.065e+00  
3.468e-01  9.530e-01  
8.423e-01  4.028e-01  
9.382e-01  3.225e-01  
4.844e-02  1.056e+00  
3.784e-02  1.059e+00  
1.008e+00  1.318e-01  
2.155e-01  1.035e+00  
4.122e-02  1.051e+00  
1.852e-01  1.032e+00  
8.358e-01  4.370e-01  
6.862e-01  6.402e-01  
3.937e-02  1.055e+00  
8.398e-01  4.131e-01  
8.366e-01  4.302e-01  
6.249e-01  7.894e-01  
6.734e-01  7.049e-01  
3.733e-01  9.464e-01  
8.357e-01  4.335e-01  
6.719e-01  6.872e-01  
5.244e-02  1.056e+00  
5.221e-01  8.066e-01  
8.382e-01  4.129e-01  
7.041e-01  6.046e-01  
6.710e-01  6.819e-01  
8.357e-01  4.460e-01  
3.937e-02  1.055e+00  
5.994e-01  7.893e-01  
8.354e-01  4.534e-01  
6.734e-01  7.049e-01  
1.921e-01  1.029e+00  
3.412e-01  1.005e+00  
7.016e-01  6.078e-01  
1.003e+00  1.763e-01  
1.893e-01  1.025e+00  
7.074e-01  6.123e-01  
8.353e-01  4.393e-01  
8.355e-01  4.358e-01  
3.865e-01  9.402e-01  
8.353e-01  4.576e-01  
8.353e-01  4.393e-01  
8.357e-01  4.460e-01  
3.733e-01  9.464e-01  
1.032e+00  7.728e-02  
5.074e-01  8.686e-01  
1.852e-01  1.032e+00  
1.037e+00  7.048e-02  
8.525e-01  3.839e-01  
8.885e-01  3.457e-01  
1.874e-01  1.030e+00  
6.987e-01  6.239e-01  
6.706e-01  6.608e-01  
6.710e-01  6.819e-01  
1.914e-01  1.030e+00  
3.606e-01  9.593e-01  
5.367e-01  8.043e-01  
8.382e-01  4.129e-01  
1.010e+00  1.216e-01  
6.252e-01  7.892e-01  
3.703e-01  9.426e-01  
8.732e-01  3.493e-01  
4.314e-01  9.433e-01  
6.989e-01  6.120e-01  
8.395e-01  4.587e-01  
3.733e-01  9.464e-01  
1.008e+00  1.298e-01  
1.874e-01  1.030e+00  
8.350e-01  4.412e-01  
2.184e-01  1.030e+00  
6.862e-01  6.402e-01  
6.989e-01  6.120e-01  
2.192e-01  1.033e+00  
3.458e-01  1.002e+00  
1.006e+00  1.676e-01  
5.511e-01  7.925e-01  
5.632e-01  7.927e-01  
8.371e-01  4.231e-01  
5.251e-01  8.053e-01  
5.367e-01  8.043e-01  
7.039e-01  6.029e-01  
3.930e-02  1.065e+00  
6.747e-01  6.438e-01  
6.846e-01  6.304e-01  
4.273e-02  1.059e+00  
5.994e-01  7.893e-01  
5.068e-01  8.501e-01  
1.014e+00  2.471e-01  
8.360e-01  4.378e-01  
8.355e-01  4.369e-01  
8.606e-01  3.769e-01  
5.632e-01  7.927e-01  
3.444e-01  9.599e-01  
4.016e-01  9.415e-01  
7.611e-01  5.844e-01  
9.261e-01  3.204e-01  
8.357e-01  4.335e-01  
1.005e+00  1.329e-01  
3.865e-01  9.402e-01  
1.021e+00  8.343e-02  
4.702e-02  1.051e+00  
8.354e-01  4.534e-01  
8.355e-01  4.369e-01  
5.221e-01  8.066e-01  
8.357e-01  4.460e-01  
4.746e-02  1.072e+00  
6.933e-01  6.131e-01  
5.410e-01  7.985e-01  
6.989e-01  6.120e-01  
1.036e+00  8.406e-02  
9.382e-01  3.225e-01  
8.355e-01  4.369e-01  
1.837e-01  1.043e+00  
3.705e-02  1.053e+00  
3.468e-01  9.530e-01  
1.005e+00  1.329e-01  
6.249e-01  7.894e-01  
1.002e+00  1.753e-01  
3.447e-02  1.064e+00  
1.055e+00  6.812e-02  
8.350e-01  4.412e-01  
3.525e-01  9.469e-01  
1.111e+00  2.442e-01  
4.582e-02  1.056e+00  
1.010e+00  1.745e-01  
1.010e+00  1.745e-01  
4.184e-02  1.051e+00  
3.455e-01  9.499e-01  
5.994e-01  7.893e-01  
6.747e-01  6.438e-01  
1.008e+00  1.318e-01  
1.008e+00  1.298e-01  
2.184e-01  1.030e+00  
1.002e+00  1.753e-01  
9.261e-01  3.204e-01  
5.403e-01  8.044e-01  
6.808e-01  6.351e-01  
4.372e-01  9.486e-01  
6.729e-01  6.533e-01  
8.428e-01  5.021e-01  
3.458e-01  1.002e+00  
1.064e+00  3.192e-01  
3.865e-01  9.402e-01  
1.010e+00  1.216e-01  
5.065e-01  8.293e-01  
6.819e-01  6.267e-01  
5.251e-01  8.053e-01  
2.118e-01  1.030e+00  
2.192e-01  1.033e+00  
6.862e-01  6.402e-01  
8.460e-01  3.880e-01  
9.367e-01  3.166e-01  
5.337e-01  8.007e-01  
8.382e-01  4.129e-01  
8.760e-01  3.787e-01  
3.515e-02  1.049e+00  
9.261e-01  3.204e-01  
1.036e+00  8.406e-02  
1.852e-01  1.032e+00  
2.043e-01  1.031e+00  
5.243e-01  8.067e-01  
6.734e-01  7.049e-01  
2.152e-01  1.031e+00  
2.155e-01  1.035e+00  
5.218e-01  8.084e-01  
5.074e-01  8.686e-01  
7.017e-01  6.061e-01  
1.064e+00  3.192e-01  
4.364e-02  1.052e+00  
1.006e+00  1.676e-01  
6.729e-01  6.533e-01  
3.937e-02  1.055e+00  
2.095e-01  1.034e+00  
1.064e+00  3.192e-01  
3.925e-01  9.512e-01  
1.952e-01  1.029e+00  
4.314e-01  9.433e-01  
1.020e+00  8.411e-02  
1.023e+00  9.238e-02  
3.376e-01  9.662e-01  
1.060e+00  7.455e-02  
8.368e-01  4.342e-01  
3.455e-01  9.499e-01  
1.005e+00  1.557e-01  
1.782e-01  1.045e+00  
3.895e-02  1.055e+00  
1.055e+00  6.059e-02  
1.783e-01  1.044e+00  
1.837e-01  1.043e+00  
1.012e+00  1.381e-01  
1.050e+00  7.747e-02  
8.393e-01  4.113e-01  
1.010e+00  1.216e-01  
1.055e+00  6.059e-02  
2.192e-01  1.033e+00  
2.095e-01  1.034e+00  
1.010e+00  1.033e-01  
8.508e-01  3.965e-01  
1.050e+00  7.747e-02  
8.395e-01  4.587e-01  
1.008e+00  1.080e-01  
1.014e+00  2.471e-01  
1.021e+00  8.343e-02  
1.055e+00  6.059e-02  
3.540e-02  1.048e+00  
2.044e-01  1.025e+00  
1.005e+00  1.329e-01  
1.852e-01  1.032e+00  
1.010e+00  1.745e-01  
3.932e-01  9.461e-01  
4.174e-02  1.052e+00  
5.149e-01  8.308e-01  
3.165e-02  1.050e+00  
2.044e-01  1.025e+00  
4.783e-02  1.053e+00  
1.008e+00  1.298e-01  
1.023e+00  7.747e-02  
1.032e+00  5.904e-02  
4.154e-02  1.049e+00  
3.895e-02  1.055e+00  
1.007e+00  1.796e-01  
4.036e-02  1.049e+00  
1.055e+00  6.059e-02  
1.048e+00  7.865e-02  
1.012e+00  1.200e-01  
5.244e-02  1.056e+00  
1.012e+00  1.200e-01  
4.174e-02  1.052e+00  
1.037e+00  7.048e-02  
1.023e+00  9.238e-02  
3.165e-02  1.050e+00  
1.008e+00  1.080e-01  
1.048e+00  7.865e-02  
1.837e-01  1.043e+00  
1.055e+00  6.059e-02  
1.021e+00  8.692e-02  
1.008e+00  1.298e-01  
4.783e-02  1.053e+00  
1.006e+00  1.676e-01  
1.012e+00  1.200e-01  
1.058e+00  6.395e-02  
1.060e+00  7.455e-02  
5.243e-01  8.067e-01  
1.843e-01  1.034e+00  
1.012e+00  1.200e-01  
3.937e-02  1.055e+00  
1.921e-01  1.029e+00  
4.174e-02  1.052e+00  
8.696e-01  3.640e-01  
1.003e+00  1.664e-01  
5.005e-02  1.059e+00  
1.004e+00  1.733e-01  
1.063e+00  6.587e-02  
4.314e-01  9.433e-01  
3.865e-01  9.402e-01  
5.111e-01  8.362e-01  
8.355e-01  4.369e-01  
1.111e+00  2.442e-01  
3.784e-02  1.059e+00  
2.118e-01  1.030e+00  
1.014e+00  1.100e-01  
1.008e+00  1.080e-01  
4.060e-02  1.049e+00  
1.048e+00  8.016e-02  
8.353e-01  4.393e-01  
5.909e-01  7.947e-01  
1.063e+00  6.587e-02  
9.569e-01  3.088e-01  
9.367e-01  3.166e-01  
5.367e-01  8.043e-01  
3.455e-01  9.499e-01  
4.042e-02  1.058e+00  
4.184e-02  1.051e+00  
2.192e-01  1.033e+00  
3.377e-01  9.711e-01  
6.999e-01  6.173e-01  
8.353e-01  4.393e-01  
6.252e-01  7.892e-01  
1.010e+00  1.745e-01  
5.126e-01  8.219e-01  
8.428e-01  5.021e-01  
1.007e+00  1.573e-01  
1.893e-01  1.025e+00  
9.843e-01  3.004e-01  
5.111e-01  8.362e-01  
5.111e-01  8.362e-01  
1.022e+00  7.768e-02  
6.113e-01  7.896e-01  
2.152e-01  1.031e+00  
4.266e-01  9.416e-01  
5.075e-01  8.564e-01  
8.382e-01  4.129e-01  
1.837e-01  1.043e+00  
5.632e-01  7.927e-01  
1.051e+00  6.469e-02  
1.010e+00  1.033e-01  
3.468e-01  9.530e-01  
1.050e+00  7.747e-02  
2.118e-01  1.030e+00  
8.353e-01  4.393e-01  
6.733e-01  7.020e-01  
1.874e-01  1.030e+00  
8.390e-01  4.192e-01  
1.023e+00  7.747e-02  
1.021e+00  8.343e-02  
6.966e-01  6.133e-01  
4.582e-02  1.056e+00  
7.039e-01  6.029e-01  
5.065e-01  8.293e-01  
3.829e-02  1.057e+00  
4.005e-02  1.069e+00  
6.989e-01  6.120e-01  
9.367e-01  3.166e-01  
8.355e-01  4.358e-01  
4.582e-02  1.056e+00  
3.447e-02  1.064e+00  
6.871e-01  6.215e-01  
6.871e-01  6.215e-01  
8.885e-01  3.457e-01  
2.184e-01  1.030e+00  
6.699e-01  6.790e-01  
