5.730e-02  1.087e+00  
1.157e+00  4.643e-02  
6.896e-01  6.527e-01  
9.685e-01  2.798e-01  
3.512e-01  9.788e-01  
8.162e-01  4.625e-01  
5.613e-02  1.086e+00  
5.245e-01  8.399e-01  
1.004e+00  1.565e-01  
1.153e+00  9.514e-02  
6.347e-02  1.078e+00  
8.024e-01  5.075e-01  
8.721e-01  3.947e-01  
4.275e-01  9.640e-01  
6.372e-01  7.362e-01  
9.861e-01  2.037e-01  
2.652e-01  1.065e+00  
5.906e-02  1.085e+00  
8.259e-01  4.352e-01  
9.762e-01  1.981e-01  
5.209e-01  8.435e-01  
7.186e-01  6.364e-01  
6.383e-01  7.126e-01  
1.025e+00  1.310e-01  
8.016e-01  5.072e-01  
1.155e+00  5.660e-02  
3.279e-01  1.002e+00  
6.347e-02  1.078e+00  
5.764e-01  8.227e-01  
6.304e-02  1.069e+00  
9.079e-01  3.743e-01  
9.726e-01  2.746e-01  
3.279e-01  1.002e+00  
9.757e-01  2.622e-01  
1.155e+00  7.409e-02  
6.347e-02  1.078e+00  
4.715e-01  8.917e-01  
5.667e-02  1.093e+00  
5.591e-02  1.081e+00  
8.195e-01  4.546e-01  
6.761e-01  6.916e-01  
8.038e-01  5.119e-01  
5.366e-01  8.372e-01  
4.266e-01  9.668e-01  
5.664e-02  1.080e+00  
9.764e-01  2.647e-01  
8.046e-01  5.302e-01  
1.158e+00  4.996e-02  
7.452e-01  6.282e-01  
3.706e-01  9.671e-01  
6.478e-01  6.909e-01  
5.209e-01  8.435e-01  
6.265e-02  1.090e+00  
8.259e-01  4.352e-01  
6.547e-02  1.072e+00  
6.478e-01  6.909e-01  
8.879e-01  3.912e-01  
1.157e+00  4.643e-02  
3.279e-01  1.002e+00  
1.001e+00  1.516e-01  
9.908e-01  1.712e-01  
5.770e-01  8.220e-01  
9.931e-01  1.751e-01  
9.699e-01  2.442e-01  
5.379e-02  1.082e+00  
9.732e-01  2.156e-01  
7.215e-02  1.089e+00  
9.740e-01  2.837e-01  
7.124e-01  6.376e-01  
7.591e-01  6.226e-01  
9.740e-01  2.837e-01  
3.477e-01  9.806e-01  
8.302e-01  4.325e-01  
4.949e-01  8.553e-01  
6.690e-01  6.666e-01  
6.203e-02  1.080e+00  
5.512e-02  1.082e+00  
9.735e-01  2.308e-01  
8.321e-01  4.452e-01  
1.153e+00  9.514e-02  
8.259e-01  4.352e-01  
4.715e-01  8.917e-01  
6.579e-01  7.048e-01  
8.037e-01  5.279e-01  
6.593e-01  7.048e-01  
8.028e-01  4.935e-01  
5.637e-02  1.067e+00  
6.181e-02  1.082e+00  
6.593e-01  7.048e-01  
8.013e-01  5.255e-01  
3.339e-01  9.789e-01  
9.717e-01  2.424e-01  
1.155e+00  6.475e-02  
6.122e-02  1.074e+00  
9.970e-01  1.763e-01  
4.266e-01  9.668e-01  
6.844e-01  6.904e-01  
8.585e-01  4.067e-01  
4.686e-01  9.062e-01  
6.844e-01  6.904e-01  
6.304e-02  1.069e+00  
2.210e-01  1.052e+00  
8.026e-01  5.077e-01  
6.181e-02  1.082e+00  
8.585e-01  4.067e-01  
9.908e-01  1.712e-01  
6.265e-02  1.090e+00  
6.678e-01  6.670e-01  
8.954e-01  3.793e-01  
9.699e-01  2.442e-01  
5.659e-01  8.264e-01  
3.167e-01  1.000e+00  
4.949e-01  8.553e-01  
5.734e-01  8.278e-01  
4.162e-01  9.646e-01  
1.010e+00  1.406e-01  
5.730e-02  1.087e+00  
9.970e-01  1.763e-01  
6.347e-02  1.078e+00  
1.025e+00  1.310e-01  
1.157e+00  5.039e-02  
3.753e-01  9.746e-01  
1.051e+00  8.010e-02  
3.252e-01  1.023e+00  
9.688e-01  2.430e-01  
6.205e-02  1.087e+00  
1.040e+00  1.136e-01  
5.352e-01  8.353e-01  
1.160e+00  4.758e-02  
5.325e-01  8.350e-01  
1.030e+00  1.281e-01  
6.895e-02  1.078e+00  
5.902e-02  1.076e+00  
6.893e-02  1.077e+00  
1.157e+00  5.039e-02  
9.903e-01  1.700e-01  
1.158e+00  4.996e-02  
4.162e-01  9.646e-01  
9.732e-01  2.156e-01  
3.512e-01  9.788e-01  
6.122e-02  1.074e+00  
9.079e-01  3.743e-01  
9.079e-01  3.743e-01  
4.909e-01  8.578e-01  
6.579e-01  7.048e-01  
6.678e-01  6.670e-01  
3.328e-01  9.984e-01  
8.026e-01  5.077e-01  
5.802e-02  1.083e+00  
3.144e-01  1.008e+00  
4.949e-01  8.553e-01  
9.931e-01  1.751e-01  
5.196e-01  8.419e-01  
6.478e-01  6.909e-01  
3.348e-01  9.981e-01  
8.299e-01  4.368e-01  
1.383e-01  1.081e+00  
3.905e-01  9.671e-01  
7.591e-01  6.226e-01  
8.240e-01  4.603e-01  
8.860e-01  3.879e-01  
4.698e-01  8.922e-01  
8.195e-01  4.546e-01  
5.335e-02  1.081e+00  
6.579e-01  7.048e-01  
5.366e-01  8.372e-01  
6.350e-01  7.367e-01  
8.027e-01  5.111e-01  
1.155e+00  7.739e-02  
8.046e-01  5.302e-01  
6.781e-01  6.630e-01  
8.299e-01  4.368e-01  
6.265e-02  1.090e+00  
8.046e-01  5.302e-01  
7.954e-02  1.081e+00  
8.024e-01  5.075e-01  
6.181e-02  1.082e+00  
6.844e-01  6.904e-01  
5.613e-02  1.086e+00  
7.886e-01  6.186e-01  
9.153e-01  3.731e-01  
4.745e-01  8.883e-01  
6.923e-01  6.498e-01  
6.593e-01  7.048e-01  
9.885e-01  1.683e-01  
9.970e-01  1.763e-01  
3.536e-01  9.789e-01  
6.442e-01  6.980e-01  
8.026e-01  5.077e-01  
5.734e-01  8.278e-01  
7.452e-01  6.282e-01  
8.214e-01  4.941e-01  
6.761e-01  6.916e-01  
6.493e-01  6.914e-01  
1.156e+00  6.624e-02  
9.931e-01  1.751e-01  
5.581e-01  8.278e-01  
9.011e-01  3.781e-01  
5.616e-01  8.266e-01  
5.379e-02  1.082e+00  
8.099e-01  4.716e-01  
4.485e-01  9.633e-01  
6.678e-01  6.670e-01  
9.908e-01  1.712e-01  
4.820e-01  8.651e-01  
8.585e-01  4.067e-01  
8.027e-01  5.111e-01  
6.958e-02  1.087e+00  
9.970e-01  1.763e-01  
5.711e-02  1.084e+00  
1.040e+00  1.136e-01  
8.860e-01  3.879e-01  
8.868e-01  4.286e-01  
3.119e-01  9.913e-01  
7.000e-01  6.441e-01  
1.154e+00  8.693e-02  
9.755e-01  2.810e-01  
9.931e-01  1.751e-01  
9.695e-01  2.694e-01  
5.711e-02  1.084e+00  
3.328e-01  9.984e-01  
3.279e-01  1.002e+00  
5.512e-02  1.082e+00  
9.931e-01  1.751e-01  
1.155e+00  5.660e-02  
3.261e-01  9.986e-01  
5.902e-02  1.076e+00  
6.312e-02  1.070e+00  
3.905e-01  9.671e-01  
6.463e-02  1.079e+00  
1.002e+00  1.711e-01  
1.156e+00  6.624e-02  
5.747e-02  1.068e+00  
5.616e-01  8.266e-01  
9.685e-01  2.798e-01  
9.931e-01  1.751e-01  
5.366e-01  8.372e-01  
6.347e-02  1.078e+00  
6.181e-02  1.082e+00  
8.640e-01  3.996e-01  
6.122e-02  1.074e+00  
5.476e-02  1.085e+00  
1.010e+00  1.216e-01  
3.279e-01  1.002e+00  
9.908e-01  1.712e-01  
9.790e-01  2.013e-01  
5.730e-02  1.087e+00  
1.153e+00  9.514e-02  
4.967e-01  8.517e-01  
6.011e-02  1.074e+00  
9.970e-01  1.763e-01  
1.001e+00  1.516e-01  
6.958e-02  1.087e+00  
9.726e-01  2.746e-01  
1.038e+00  1.188e-01  
1.159e+00  4.190e-02  
1.155e+00  6.561e-02  
1.157e+00  4.643e-02  
4.485e-01  9.633e-01  
1.155e+00  6.022e-02  
9.735e-01  2.925e-01  
9.718e-01  2.866e-01  
9.997e-01  1.774e-01  
5.793e-02  1.065e+00  
6.883e-01  6.531e-01  
1.001e+00  1.516e-01  
9.752e-01  2.229e-01  
9.717e-01  2.424e-01  
5.747e-02  1.068e+00  
4.698e-01  8.922e-01  
5.408e-02  1.071e+00  
3.522e-01  9.783e-01  
7.124e-01  6.376e-01  
5.770e-01  8.220e-01  
5.196e-01  8.419e-01  
9.742e-01  2.313e-01  
6.021e-02  1.072e+00  
3.328e-01  9.984e-01  
9.153e-01  3.731e-01  
6.419e-02  1.082e+00  
6.512e-02  1.073e+00  
3.753e-01  9.746e-01  
8.640e-01  3.996e-01  
9.718e-01  2.866e-01  
3.536e-01  9.789e-01  
5.810e-02  1.087e+00  
1.158e+00  8.351e-02  
5.613e-02  1.086e+00  
6.347e-02  1.078e+00  
5.379e-02  1.082e+00  
8.214e-01  4.941e-01  
7.073e-01  6.457e-01  
6.512e-02  1.073e+00  
8.954e-01  3.793e-01  
8.654e-01  3.977e-01  
6.348e-01  7.344e-01  
6.883e-01  6.531e-01  
3.309e-01  9.954e-01  
8.352e-01  4.416e-01  
6.690e-01  6.666e-01  
5.711e-02  1.084e+00  
6.593e-01  7.048e-01  
8.719e-01  3.942e-01  
8.038e-01  5.119e-01  
6.372e-01  7.362e-01  
8.016e-01  5.072e-01  
5.711e-02  1.084e+00  
6.383e-01  7.393e-01  
8.013e-01  5.255e-01  
6.690e-01  6.666e-01  
5.335e-02  1.081e+00  
3.477e-01  9.806e-01  
7.591e-01  6.226e-01  
9.908e-01  1.712e-01  
5.730e-02  1.087e+00  
7.591e-01  6.226e-01  
8.162e-01  4.625e-01  
8.585e-01  4.067e-01  
3.628e-01  9.717e-01  
8.251e-01  4.846e-01  
8.162e-01  4.625e-01  
8.245e-01  4.439e-01  
3.144e-01  1.008e+00  
1.003e+00  1.777e-01  
4.925e-01  8.597e-01  
5.649e-02  1.087e+00  
1.032e+00  1.219e-01  
8.879e-01  3.912e-01  
9.079e-01  3.743e-01  
6.312e-02  1.070e+00  
7.186e-01  6.364e-01  
6.478e-01  6.909e-01  
6.383e-01  7.393e-01  
6.306e-02  1.092e+00  
3.902e-01  9.658e-01  
5.734e-01  8.278e-01  
8.259e-01  4.352e-01  
1.028e+00  1.375e-01  
6.442e-01  6.980e-01  
3.328e-01  9.984e-01  
9.180e-01  3.782e-01  
3.905e-01  9.671e-01  
7.488e-01  6.340e-01  
8.162e-01  4.625e-01  
3.536e-01  9.789e-01  
9.908e-01  1.712e-01  
5.902e-02  1.076e+00  
8.099e-01  4.716e-01  
3.252e-01  1.023e+00  
6.896e-01  6.527e-01  
8.214e-01  4.941e-01  
3.279e-01  1.002e+00  
3.507e-01  9.789e-01  
9.861e-01  2.037e-01  
5.957e-01  8.207e-01  
5.659e-01  8.264e-01  
8.367e-01  4.319e-01  
5.325e-01  8.350e-01  
5.734e-01  8.278e-01  
6.383e-01  7.393e-01  
6.021e-02  1.072e+00  
6.478e-01  6.909e-01  
6.844e-01  6.904e-01  
6.475e-02  1.075e+00  
6.372e-01  7.362e-01  
5.209e-01  8.435e-01  
9.784e-01  2.046e-01  
8.079e-01  4.769e-01  
8.026e-01  5.077e-01  
8.954e-01  3.793e-01  
5.209e-01  8.435e-01  
4.912e-01  8.542e-01  
5.258e-01  8.346e-01  
8.024e-01  5.075e-01  
8.654e-01  3.977e-01  
8.024e-01  5.075e-01  
9.719e-01  2.225e-01  
3.753e-01  9.746e-01  
1.153e+00  9.514e-02  
6.304e-02  1.069e+00  
8.299e-01  4.368e-01  
8.013e-01  5.255e-01  
5.366e-01  8.372e-01  
8.026e-01  5.077e-01  
5.675e-02  1.083e+00  
7.124e-01  6.376e-01  
5.209e-01  8.435e-01  
8.214e-01  4.941e-01  
1.040e+00  1.136e-01  
9.718e-01  2.866e-01  
8.214e-01  4.941e-01  
5.815e-02  1.072e+00  
5.810e-02  1.087e+00  
4.909e-01  8.578e-01  
9.790e-01  2.027e-01  
6.493e-01  6.914e-01  
9.750e-01  2.282e-01  
5.747e-02  1.068e+00  
1.156e+00  4.844e-02  
8.046e-01  5.302e-01  
4.715e-01  8.917e-01  
9.755e-01  2.810e-01  
5.711e-02  1.084e+00  
9.908e-01  1.712e-01  
9.826e-01  1.911e-01  
6.304e-02  1.069e+00  
4.715e-01  8.917e-01  
6.593e-01  7.048e-01  
6.493e-01  6.914e-01  
1.158e+00  8.351e-02  
9.697e-01  2.361e-01  
5.615e-02  1.083e+00  
9.685e-01  2.798e-01  
9.699e-01  2.482e-01  
5.366e-01  8.372e-01  
7.177e-01  6.384e-01  
4.868e-01  8.607e-01  
6.923e-01  6.498e-01  
8.015e-01  5.297e-01  
3.522e-01  9.783e-01  
9.931e-01  1.751e-01  
3.307e-01  1.006e+00  
1.235e+00  1.292e-01  
5.958e-01  8.186e-01  
6.690e-01  6.666e-01  
6.383e-01  7.393e-01  
5.682e-02  1.082e+00  
3.252e-01  1.023e+00  
8.024e-01  5.075e-01  
8.719e-01  3.942e-01  
9.931e-01  1.751e-01  
5.616e-01  8.266e-01  
9.079e-01  3.743e-01  
9.038e-01  3.865e-01  
5.793e-02  1.065e+00  
9.771e-01  3.364e-01  
1.023e+00  1.305e-01  
5.667e-02  1.093e+00  
5.667e-02  1.093e+00  
5.289e-01  8.351e-01  
6.498e-01  6.888e-01  
3.328e-01  9.984e-01  
2.744e-01  1.148e+00  
6.593e-01  7.048e-01  
4.820e-01  8.651e-01  
7.488e-01  6.340e-01  
9.755e-01  2.810e-01  
5.810e-02  1.082e+00  
9.908e-01  1.712e-01  
6.678e-01  6.670e-01  
6.079e-02  1.080e+00  
2.046e-01  1.051e+00  
9.755e-01  2.810e-01  
4.092e-01  9.664e-01  
5.512e-02  1.082e+00  
5.258e-01  8.346e-01  
1.156e+00  6.624e-02  
1.001e+00  1.516e-01  
4.686e-01  9.062e-01  
1.158e+00  4.996e-02  
8.016e-01  5.072e-01  
5.289e-01  8.351e-01  
1.014e+00  1.556e-01  
3.253e-01  9.925e-01  
6.011e-02  1.074e+00  
1.159e+00  4.411e-02  
3.536e-01  9.789e-01  
5.815e-02  1.072e+00  
9.970e-01  1.763e-01  
1.155e+00  8.261e-02  
9.079e-01  3.743e-01  
9.858e-01  1.767e-01  
1.155e+00  7.409e-02  
6.306e-02  1.092e+00  
5.615e-02  1.083e+00  
9.740e-01  2.837e-01  
8.879e-01  3.912e-01  
1.156e+00  6.624e-02  
8.016e-01  5.072e-01  
9.709e-01  2.865e-01  
9.748e-01  2.353e-01  
1.155e+00  6.022e-02  
1.160e+00  4.758e-02  
5.711e-02  1.084e+00  
5.512e-02  1.082e+00  
9.931e-01  1.751e-01  
6.958e-02  1.087e+00  
9.903e-01  1.700e-01  
3.536e-01  9.789e-01  
6.265e-02  1.090e+00  
5.212e-01  8.416e-01  
6.181e-02  1.082e+00  
3.261e-01  9.986e-01  
6.122e-02  1.074e+00  
9.871e-01  1.643e-01  
1.053e+00  9.143e-02  
1.156e+00  5.897e-02  
5.747e-02  1.068e+00  
5.810e-02  1.087e+00  
1.003e+00  1.777e-01  
6.893e-02  1.077e+00  
1.158e+00  4.996e-02  
1.155e+00  7.739e-02  
1.156e+00  6.624e-02  
5.856e-02  1.079e+00  
1.155e+00  5.660e-02  
6.265e-02  1.090e+00  
1.156e+00  5.897e-02  
1.154e+00  8.693e-02  
6.304e-02  1.069e+00  
9.931e-01  1.751e-01  
1.157e+00  4.856e-02  
5.512e-02  1.082e+00  
1.156e+00  6.624e-02  
1.154e+00  7.893e-02  
9.931e-01  1.751e-01  
6.419e-02  1.082e+00  
1.010e+00  1.216e-01  
1.010e+00  1.216e-01  
1.157e+00  4.856e-02  
1.155e+00  8.261e-02  
5.289e-01  8.351e-01  
5.512e-02  1.082e+00  
1.044e+00  1.150e-01  
6.011e-02  1.074e+00  
5.730e-02  1.087e+00  
6.419e-02  1.082e+00  
9.740e-01  2.837e-01  
9.907e-01  1.801e-01  
6.021e-02  1.072e+00  
9.784e-01  2.046e-01  
1.159e+00  4.411e-02  
4.275e-01  9.640e-01  
3.275e-01  1.127e+00  
5.198e-01  8.421e-01  
8.015e-01  5.110e-01  
1.023e+00  1.305e-01  
6.489e-02  1.087e+00  
3.449e-01  9.826e-01  
1.016e+00  1.157e-01  
9.908e-01  1.712e-01  
5.747e-02  1.068e+00  
1.155e+00  7.739e-02  
8.026e-01  5.077e-01  
6.844e-01  6.904e-01  
1.158e+00  4.521e-02  
9.726e-01  2.746e-01  
1.003e+00  1.777e-01  
5.312e-01  8.364e-01  
4.909e-01  8.578e-01  
5.614e-02  1.083e+00  
6.485e-02  1.071e+00  
3.330e-01  9.792e-01  
3.507e-01  9.789e-01  
7.488e-01  6.340e-01  
8.013e-01  5.255e-01  
6.401e-01  7.426e-01  
9.810e-01  1.880e-01  
5.734e-01  8.278e-01  
8.038e-01  5.119e-01  
1.004e+00  1.565e-01  
6.181e-02  1.082e+00  
9.718e-01  2.866e-01  
4.990e-01  8.489e-01  
5.124e-01  8.445e-01  
1.155e+00  8.261e-02  
6.350e-01  7.306e-01  
6.306e-02  1.092e+00  
4.909e-01  8.578e-01  
5.306e-01  8.391e-01  
8.879e-01  3.912e-01  
1.383e-01  1.081e+00  
6.348e-01  7.344e-01  
1.158e+00  5.087e-02  
9.861e-01  2.037e-01  
4.423e-01  9.645e-01  
1.156e+00  5.956e-02  
5.335e-02  1.081e+00  
8.071e-01  5.080e-01  
6.634e-01  6.679e-01  
5.269e-02  1.077e+00  
8.367e-01  4.319e-01  
1.152e+00  1.107e-01  
1.154e+00  8.693e-02  
6.883e-01  6.531e-01  
6.304e-02  1.069e+00  
6.690e-01  6.666e-01  
4.688e-01  9.010e-01  
5.793e-02  1.065e+00  
5.730e-02  1.087e+00  
8.013e-01  5.255e-01  
9.685e-01  2.798e-01  
8.214e-01  4.941e-01  
5.359e-02  1.080e+00  
5.478e-02  1.081e+00  
7.090e-01  6.411e-01  
7.186e-01  6.364e-01  
9.718e-01  2.866e-01  
5.902e-02  1.076e+00  
6.844e-01  6.904e-01  
