2.731e-02  1.322e+00  
1.337e+00  1.641e-02  
6.203e-01  6.720e-01  
1.072e+00  1.473e-01  
2.449e-01  1.050e+00  
9.954e-01  4.300e-01  
1.805e-01  1.141e+00  
3.492e-01  7.600e-01  
1.083e+00  1.360e-01  
1.126e+00  9.375e-02  
7.964e-02  1.298e+00  
6.512e-01  6.783e-01  
1.017e+00  4.443e-01  
3.515e-01  7.551e-01  
5.371e-01  7.318e-01  
1.129e+00  3.160e-01  
1.689e-01  1.057e+00  
2.056e-01  1.053e+00  
9.994e-01  4.824e-01  
1.084e+00  1.394e-01  
3.780e-01  7.186e-01  
7.383e-01  6.916e-01  
5.013e-01  7.154e-01  
1.053e+00  9.222e-02  
6.895e-01  6.752e-01  
1.296e+00  5.151e-02  
3.596e-01  7.454e-01  
3.305e-02  1.297e+00  
4.722e-01  7.184e-01  
1.215e-01  1.204e+00  
1.006e+00  3.914e-01  
1.044e+00  1.363e-01  
2.904e-01  1.051e+00  
1.037e+00  2.326e-01  
1.094e+00  7.104e-02  
4.406e-02  1.296e+00  
3.596e-01  7.454e-01  
2.038e-01  1.061e+00  
1.088e-01  1.261e+00  
9.927e-01  4.781e-01  
5.756e-01  7.628e-01  
9.984e-01  5.859e-01  
4.988e-01  8.990e-01  
3.474e-01  7.264e-01  
2.244e-01  1.049e+00  
1.118e+00  3.201e-01  
6.521e-01  6.708e-01  
1.144e+00  1.135e-01  
7.077e-01  6.746e-01  
3.541e-01  9.731e-01  
4.939e-01  6.909e-01  
3.713e-01  7.375e-01  
2.020e-02  1.339e+00  
1.024e+00  4.799e-01  
8.486e-02  1.280e+00  
6.501e-01  6.993e-01  
1.003e+00  4.352e-01  
1.295e+00  3.297e-02  
2.904e-01  1.051e+00  
1.086e+00  8.137e-02  
1.045e+00  1.277e-01  
5.371e-01  7.318e-01  
1.166e+00  2.276e-01  
1.072e+00  1.473e-01  
2.185e-01  1.054e+00  
1.032e+00  1.778e-01  
1.009e-01  1.149e+00  
9.953e-01  3.991e-01  
6.611e-01  6.744e-01  
6.895e-01  6.752e-01  
1.051e+00  2.477e-01  
2.747e-01  1.058e+00  
1.024e+00  4.799e-01  
3.860e-01  7.524e-01  
6.441e-01  7.166e-01  
2.099e-01  1.050e+00  
1.835e-01  1.056e+00  
1.081e+00  2.177e-01  
1.006e+00  4.987e-01  
1.073e+00  7.410e-02  
9.884e-01  4.598e-01  
3.596e-01  7.454e-01  
5.410e-01  7.205e-01  
9.944e-01  5.332e-01  
4.939e-01  6.909e-01  
9.815e-01  4.839e-01  
2.271e-01  1.053e+00  
2.731e-02  1.322e+00  
4.099e-01  7.086e-01  
6.521e-01  6.708e-01  
3.474e-01  7.147e-01  
1.030e+00  3.711e-01  
1.170e+00  4.714e-02  
6.040e-02  1.289e+00  
1.236e+00  1.728e-01  
3.554e-01  7.521e-01  
5.897e-01  7.130e-01  
9.909e-01  4.383e-01  
3.474e-01  7.147e-01  
6.036e-01  6.716e-01  
8.121e-02  1.231e+00  
1.038e-01  1.108e+00  
6.521e-01  6.708e-01  
1.079e-01  1.150e+00  
1.006e+00  4.290e-01  
1.072e+00  1.473e-01  
4.771e-02  1.394e+00  
6.547e-01  6.731e-01  
1.006e+00  3.914e-01  
1.074e+00  3.295e-01  
4.099e-01  7.086e-01  
2.412e-01  1.047e+00  
3.606e-01  7.462e-01  
4.778e-01  7.180e-01  
3.606e-01  7.462e-01  
1.083e+00  1.360e-01  
2.056e-01  1.053e+00  
1.076e+00  1.518e-01  
4.978e-02  1.325e+00  
1.084e+00  1.394e-01  
1.240e+00  3.860e-02  
3.709e-01  1.032e+00  
1.041e+00  9.500e-02  
2.807e-01  1.047e+00  
1.054e+00  3.351e-01  
2.562e-02  1.342e+00  
1.163e+00  8.625e-02  
4.421e-01  7.532e-01  
1.312e+00  4.332e-02  
4.346e-01  7.138e-01  
1.086e+00  8.137e-02  
1.868e-01  1.064e+00  
1.343e-01  1.129e+00  
1.315e-01  1.093e+00  
1.292e+00  2.758e-02  
1.076e+00  1.518e-01  
1.277e+00  1.972e-02  
3.536e-01  7.909e-01  
1.044e+00  1.359e-01  
3.491e-01  7.192e-01  
3.719e-02  1.292e+00  
9.850e-01  4.521e-01  
1.009e+00  3.845e-01  
4.127e-01  7.303e-01  
4.309e-01  6.915e-01  
6.296e-01  6.737e-01  
2.643e-01  1.047e+00  
6.296e-01  6.737e-01  
1.609e-01  1.222e+00  
3.547e-01  7.852e-01  
3.901e-01  7.042e-01  
1.041e+00  2.732e-01  
4.675e-01  6.896e-01  
6.895e-01  6.752e-01  
1.923e-01  1.050e+00  
9.927e-01  4.781e-01  
2.185e-01  1.054e+00  
3.970e-01  8.121e-01  
6.838e-01  6.867e-01  
1.008e+00  3.891e-01  
9.953e-01  3.991e-01  
3.970e-01  8.121e-01  
1.007e+00  5.194e-01  
1.923e-01  1.050e+00  
5.733e-01  7.021e-01  
4.851e-01  7.504e-01  
5.756e-01  7.628e-01  
9.863e-01  6.059e-01  
1.243e+00  5.363e-02  
9.851e-01  5.370e-01  
6.611e-01  6.856e-01  
9.860e-01  5.113e-01  
2.443e-02  1.351e+00  
6.036e-01  6.716e-01  
3.719e-02  1.292e+00  
9.822e-01  5.243e-01  
1.009e-01  1.149e+00  
6.736e-01  7.168e-01  
1.609e-01  1.222e+00  
7.077e-01  6.746e-01  
1.089e+00  4.135e-01  
3.486e-01  7.128e-01  
6.421e-01  7.161e-01  
4.110e-01  7.195e-01  
1.112e+00  1.956e-01  
1.089e+00  2.911e-01  
3.474e-01  7.264e-01  
4.939e-01  6.909e-01  
6.512e-01  6.783e-01  
4.722e-01  7.184e-01  
6.036e-01  6.716e-01  
9.806e-01  6.079e-01  
7.463e-01  6.895e-01  
5.748e-01  7.002e-01  
1.094e+00  7.104e-02  
1.037e+00  2.326e-01  
5.239e-01  7.113e-01  
1.029e+00  4.093e-01  
3.901e-01  7.042e-01  
1.689e-01  1.057e+00  
9.997e-01  5.150e-01  
3.489e-01  7.263e-01  
6.895e-01  6.752e-01  
1.037e+00  1.164e-01  
3.814e-01  7.428e-01  
1.038e+00  4.779e-01  
6.521e-01  6.708e-01  
1.017e-01  1.136e+00  
1.222e+00  1.523e-01  
3.613e-02  1.304e+00  
1.144e+00  1.135e-01  
1.029e+00  4.093e-01  
9.979e-01  4.663e-01  
2.412e-01  1.047e+00  
7.383e-01  6.916e-01  
1.086e+00  8.137e-02  
1.041e+00  2.890e-01  
1.044e+00  3.435e-01  
1.051e+00  2.477e-01  
6.114e-02  1.324e+00  
3.474e-01  7.264e-01  
1.923e-01  1.050e+00  
2.083e-01  1.050e+00  
1.027e+00  3.102e-01  
1.294e+00  4.595e-02  
2.412e-01  1.047e+00  
2.038e-01  1.061e+00  
2.077e-01  1.054e+00  
3.860e-01  7.524e-01  
1.009e-01  1.149e+00  
1.064e+00  1.120e-01  
1.076e+00  1.518e-01  
2.357e-02  1.311e+00  
4.380e-01  8.169e-01  
1.054e+00  3.351e-01  
1.037e+00  2.326e-01  
4.309e-01  6.915e-01  
7.964e-02  1.298e+00  
1.017e-01  1.136e+00  
1.038e+00  4.779e-01  
3.305e-02  1.297e+00  
1.009e-01  1.149e+00  
1.083e+00  1.360e-01  
2.378e-01  1.157e+00  
1.084e+00  1.394e-01  
1.166e+00  2.276e-01  
3.541e-01  9.731e-01  
1.053e+00  9.222e-02  
3.596e-01  7.454e-01  
4.406e-02  1.296e+00  
1.045e+00  1.277e-01  
1.082e+00  1.534e-01  
5.217e-02  1.294e+00  
1.074e+00  3.295e-01  
1.041e+00  9.500e-02  
1.304e+00  2.971e-02  
1.190e+00  4.971e-02  
1.292e+00  2.758e-02  
3.479e-01  7.125e-01  
1.243e+00  5.363e-02  
1.074e+00  3.295e-01  
1.071e+00  3.122e-01  
1.236e+00  1.728e-01  
2.020e-02  1.339e+00  
7.228e-01  6.922e-01  
1.082e+00  1.534e-01  
1.076e+00  1.518e-01  
1.032e+00  1.778e-01  
6.114e-02  1.324e+00  
3.602e-01  7.369e-01  
1.009e-01  1.149e+00  
2.807e-01  1.047e+00  
7.463e-01  6.895e-01  
4.831e-01  7.127e-01  
4.309e-01  6.915e-01  
1.065e+00  1.247e-01  
1.343e-01  1.129e+00  
1.923e-01  1.050e+00  
1.029e+00  4.093e-01  
4.978e-02  1.325e+00  
6.114e-02  1.324e+00  
3.491e-01  7.192e-01  
9.850e-01  4.521e-01  
1.072e+00  1.473e-01  
3.575e-01  7.459e-01  
2.515e-02  1.324e+00  
1.037e+00  1.164e-01  
1.835e-01  1.056e+00  
3.719e-02  1.292e+00  
1.017e-01  1.136e+00  
9.841e-01  4.338e-01  
7.077e-01  6.746e-01  
9.321e-02  1.124e+00  
9.953e-01  3.991e-01  
9.944e-01  5.332e-01  
5.735e-01  7.166e-01  
5.329e-01  6.966e-01  
3.970e-01  8.121e-01  
1.012e+00  4.382e-01  
6.501e-01  6.993e-01  
2.357e-02  1.311e+00  
4.802e-01  7.146e-01  
9.938e-01  3.948e-01  
7.077e-01  6.746e-01  
6.069e-01  7.177e-01  
6.924e-01  6.777e-01  
4.978e-02  1.325e+00  
5.410e-01  7.205e-01  
6.638e-01  6.749e-01  
6.455e-01  6.970e-01  
2.185e-01  1.054e+00  
3.596e-01  7.454e-01  
6.611e-01  6.856e-01  
1.101e+00  2.653e-01  
1.343e-01  1.129e+00  
7.313e-01  6.730e-01  
1.038e+00  4.779e-01  
9.990e-01  4.342e-01  
3.575e-01  7.459e-01  
9.944e-01  5.332e-01  
9.850e-01  4.692e-01  
9.944e-01  5.332e-01  
3.588e-01  7.502e-01  
1.194e+00  8.413e-02  
3.780e-01  7.186e-01  
9.321e-02  1.124e+00  
1.200e+00  7.251e-02  
1.006e+00  3.914e-01  
1.118e+00  3.201e-01  
1.835e-01  1.056e+00  
6.547e-01  6.731e-01  
6.455e-01  6.970e-01  
5.297e-01  6.981e-01  
2.218e-01  1.053e+00  
3.814e-01  7.428e-01  
4.675e-01  6.896e-01  
1.007e+00  5.194e-01  
1.144e+00  1.135e-01  
4.939e-01  6.909e-01  
3.474e-01  7.147e-01  
1.027e+00  3.102e-01  
3.547e-01  7.852e-01  
7.077e-01  6.746e-01  
9.850e-01  4.521e-01  
4.505e-01  7.185e-01  
1.166e+00  2.276e-01  
2.083e-01  1.050e+00  
9.851e-01  5.370e-01  
2.982e-01  1.045e+00  
6.772e-01  6.736e-01  
6.451e-01  6.749e-01  
2.747e-01  1.058e+00  
3.504e-01  7.234e-01  
1.045e+00  1.277e-01  
5.013e-01  7.154e-01  
4.939e-01  6.909e-01  
1.006e+00  3.914e-01  
4.739e-01  7.434e-01  
5.371e-01  7.318e-01  
6.069e-01  7.177e-01  
1.221e-01  1.225e+00  
6.736e-01  7.168e-01  
6.720e-01  6.803e-01  
6.040e-02  1.289e+00  
4.675e-01  6.896e-01  
3.970e-01  8.121e-01  
1.052e+00  9.218e-02  
9.802e-01  4.589e-01  
9.859e-01  5.402e-01  
9.953e-01  3.991e-01  
5.756e-01  7.628e-01  
4.127e-01  7.303e-01  
3.860e-01  7.524e-01  
7.070e-01  6.730e-01  
1.009e+00  3.845e-01  
9.944e-01  5.332e-01  
1.101e+00  2.653e-01  
3.472e-01  7.217e-01  
1.091e+00  7.568e-02  
1.017e-01  1.136e+00  
9.909e-01  4.383e-01  
6.036e-01  6.716e-01  
4.739e-01  7.434e-01  
6.518e-01  6.746e-01  
1.079e-01  1.150e+00  
6.547e-01  6.731e-01  
4.939e-01  6.909e-01  
6.521e-01  6.708e-01  
1.274e+00  1.162e-01  
1.118e+00  3.201e-01  
9.997e-01  5.150e-01  
2.077e-01  1.054e+00  
2.562e-02  1.342e+00  
3.645e-01  7.464e-01  
1.052e+00  9.218e-02  
4.675e-01  6.896e-01  
1.084e+00  1.394e-01  
2.020e-02  1.339e+00  
1.302e+00  3.837e-02  
9.828e-01  4.954e-01  
3.486e-01  7.128e-01  
1.051e+00  2.477e-01  
6.114e-02  1.324e+00  
1.200e+00  7.251e-02  
1.166e+00  2.276e-01  
1.210e-01  1.295e+00  
5.087e-01  7.721e-01  
4.802e-01  7.146e-01  
5.329e-01  6.966e-01  
1.088e+00  1.382e-01  
1.044e+00  1.363e-01  
2.185e-01  1.054e+00  
1.101e+00  2.653e-01  
1.019e+00  3.186e-01  
4.309e-01  6.915e-01  
7.463e-01  6.895e-01  
3.547e-01  7.291e-01  
6.611e-01  6.856e-01  
6.158e-01  6.715e-01  
3.474e-01  7.147e-01  
1.037e+00  2.326e-01  
3.541e-01  9.731e-01  
1.168e+00  7.850e-02  
3.606e-01  7.462e-01  
7.383e-01  6.916e-01  
5.329e-01  6.966e-01  
2.510e-01  1.046e+00  
2.449e-01  1.050e+00  
6.521e-01  6.708e-01  
1.005e+00  3.842e-01  
1.129e+00  3.160e-01  
4.534e-01  7.560e-01  
1.017e+00  4.443e-01  
1.017e+00  4.443e-01  
7.649e-02  1.307e+00  
1.072e+00  1.473e-01  
1.037e+00  1.164e-01  
2.412e-01  1.047e+00  
2.248e-01  1.048e+00  
4.421e-01  7.532e-01  
6.501e-01  6.993e-01  
2.643e-01  1.047e+00  
2.878e-01  1.056e+00  
4.127e-01  7.303e-01  
4.380e-01  8.169e-01  
6.521e-01  6.708e-01  
1.074e+00  3.295e-01  
7.133e-02  1.339e+00  
1.074e+00  3.295e-01  
6.441e-01  7.166e-01  
9.321e-02  1.124e+00  
1.038e-01  1.108e+00  
1.054e+00  3.351e-01  
3.547e-01  7.291e-01  
1.689e-01  1.057e+00  
3.814e-01  7.428e-01  
1.170e+00  4.714e-02  
1.037e+00  1.164e-01  
3.606e-01  7.462e-01  
1.323e+00  6.206e-02  
9.997e-01  5.150e-01  
3.474e-01  7.264e-01  
1.071e+00  8.375e-02  
2.412e-01  1.047e+00  
4.649e-02  1.305e+00  
1.304e+00  2.971e-02  
1.923e-01  1.050e+00  
1.835e-01  1.056e+00  
1.076e+00  2.836e-01  
1.171e+00  7.850e-02  
1.025e+00  3.630e-01  
1.032e+00  1.778e-01  
1.170e+00  4.714e-02  
2.643e-01  1.047e+00  
2.185e-01  1.054e+00  
1.027e+00  3.102e-01  
9.979e-01  4.663e-01  
1.170e+00  4.714e-02  
6.895e-01  6.752e-01  
1.030e+00  3.329e-01  
1.072e+00  1.473e-01  
1.107e+00  7.391e-02  
1.323e+00  6.206e-02  
9.947e-02  1.254e+00  
2.056e-01  1.053e+00  
1.098e+00  2.879e-01  
1.009e-01  1.149e+00  
1.082e+00  1.534e-01  
3.491e-01  7.192e-01  
2.731e-02  1.322e+00  
4.739e-01  7.434e-01  
1.038e-01  1.108e+00  
2.747e-01  1.058e+00  
4.978e-02  1.325e+00  
1.073e+00  1.247e-01  
1.168e+00  7.850e-02  
1.304e+00  2.971e-02  
1.009e-01  1.149e+00  
2.357e-02  1.311e+00  
1.139e+00  2.924e-01  
1.038e-01  1.108e+00  
1.296e+00  5.151e-02  
1.118e+00  4.504e-02  
1.200e+00  7.251e-02  
4.649e-02  1.305e+00  
1.240e+00  3.860e-02  
3.161e-02  1.318e+00  
1.296e+00  5.151e-02  
1.107e+00  6.421e-02  
1.503e-01  1.126e+00  
1.139e+00  2.924e-01  
1.332e+00  2.090e-02  
1.009e-01  1.149e+00  
1.243e+00  5.363e-02  
1.200e+00  7.251e-02  
1.166e+00  2.276e-01  
4.649e-02  1.305e+00  
1.083e+00  1.360e-01  
1.200e+00  7.251e-02  
1.312e+00  4.332e-02  
1.200e+00  7.251e-02  
4.309e-01  6.915e-01  
1.343e-01  1.129e+00  
1.168e+00  7.850e-02  
8.121e-02  1.231e+00  
1.835e-01  1.056e+00  
7.660e-02  1.304e+00  
1.006e+00  3.914e-01  
1.037e+00  1.164e-01  
1.503e-01  1.126e+00  
1.051e+00  2.477e-01  
1.277e+00  1.972e-02  
3.606e-01  7.462e-01  
3.536e-01  7.909e-01  
3.876e-01  7.019e-01  
9.997e-01  5.150e-01  
1.144e+00  1.135e-01  
2.854e-02  1.360e+00  
2.747e-01  1.058e+00  
1.144e+00  1.135e-01  
1.074e+00  3.295e-01  
1.079e-01  1.150e+00  
1.279e+00  4.576e-02  
9.984e-01  5.859e-01  
4.309e-01  6.915e-01  
1.330e+00  3.832e-02  
1.071e+00  3.122e-01  
1.050e+00  2.885e-01  
4.421e-01  7.532e-01  
3.588e-01  7.502e-01  
1.079e-01  1.150e+00  
3.571e-02  1.309e+00  
2.922e-01  1.051e+00  
3.709e-01  1.032e+00  
6.874e-01  6.766e-01  
9.994e-01  4.824e-01  
5.756e-01  7.628e-01  
1.076e+00  1.518e-01  
5.371e-01  7.318e-01  
6.602e-01  6.719e-01  
1.053e+00  9.222e-02  
1.343e-01  1.129e+00  
1.018e+00  3.009e-01  
3.780e-01  7.186e-01  
3.645e-01  7.464e-01  
1.243e+00  5.363e-02  
5.756e-01  7.628e-01  
2.218e-01  1.053e+00  
3.970e-01  8.121e-01  
3.547e-01  7.291e-01  
1.007e+00  5.194e-01  
2.185e-01  1.054e+00  
4.675e-01  6.896e-01  
1.296e+00  5.151e-02  
1.076e+00  2.836e-01  
3.596e-01  7.454e-01  
1.279e+00  4.576e-02  
1.689e-01  1.057e+00  
9.984e-01  5.859e-01  
6.736e-01  7.168e-01  
2.077e-01  1.054e+00  
9.953e-01  3.991e-01  
1.194e+00  8.413e-02  
1.076e+00  7.229e-02  
6.924e-01  6.777e-01  
6.114e-02  1.324e+00  
7.070e-01  6.730e-01  
3.645e-01  7.464e-01  
4.978e-02  1.325e+00  
1.009e-01  1.149e+00  
6.521e-01  6.708e-01  
1.053e+00  3.176e-01  
6.036e-01  6.716e-01  
2.020e-02  1.339e+00  
4.978e-02  1.325e+00  
6.501e-01  6.993e-01  
7.077e-01  6.746e-01  
1.016e+00  3.828e-01  
2.271e-01  1.053e+00  
6.538e-01  6.751e-01  
