7.853e-02  1.039e+00  
1.069e+00  4.871e-02  
6.928e-01  6.697e-01  
9.301e-01  3.272e-01  
3.629e-01  9.722e-01  
8.387e-01  4.863e-01  
6.836e-02  1.048e+00  
5.268e-01  8.346e-01  
1.043e+00  1.016e-01  
1.057e+00  6.624e-02  
7.278e-02  1.035e+00  
7.903e-01  5.789e-01  
8.763e-01  3.912e-01  
4.197e-01  9.302e-01  
5.839e-01  7.890e-01  
9.923e-01  2.412e-01  
2.468e-01  1.025e+00  
2.323e-01  1.040e+00  
8.486e-01  4.568e-01  
1.020e+00  1.774e-01  
5.050e-01  8.865e-01  
7.129e-01  6.357e-01  
6.833e-01  6.942e-01  
1.018e+00  1.774e-01  
8.305e-01  5.787e-01  
1.055e+00  5.588e-02  
3.936e-01  9.441e-01  
6.487e-02  1.035e+00  
5.494e-01  8.169e-01  
7.303e-02  1.037e+00  
8.958e-01  3.686e-01  
1.060e+00  6.262e-02  
2.658e-01  1.021e+00  
1.077e+00  9.065e-02  
1.051e+00  7.912e-02  
6.836e-02  1.048e+00  
4.126e-01  9.324e-01  
5.944e-02  1.034e+00  
6.961e-02  1.039e+00  
8.388e-01  4.785e-01  
6.364e-01  7.745e-01  
8.520e-01  4.675e-01  
5.395e-01  8.210e-01  
4.122e-01  9.211e-01  
2.441e-01  1.027e+00  
9.987e-01  3.303e-01  
7.838e-01  5.697e-01  
1.052e+00  6.806e-02  
7.233e-01  6.267e-01  
3.629e-01  9.722e-01  
6.978e-01  6.512e-01  
5.050e-01  8.865e-01  
8.837e-02  1.037e+00  
8.763e-01  3.912e-01  
8.871e-02  1.035e+00  
6.931e-01  6.484e-01  
8.830e-01  3.999e-01  
1.080e+00  5.532e-02  
2.541e-01  1.024e+00  
1.031e+00  1.402e-01  
1.034e+00  1.370e-01  
5.647e-01  8.030e-01  
1.034e+00  1.370e-01  
9.552e-01  3.119e-01  
2.468e-01  1.025e+00  
1.012e+00  1.980e-01  
7.600e-02  1.034e+00  
9.054e-01  3.533e-01  
7.087e-01  6.302e-01  
7.333e-01  6.003e-01  
1.014e+00  2.522e-01  
2.541e-01  1.024e+00  
8.763e-01  3.912e-01  
5.549e-01  8.060e-01  
6.850e-01  6.961e-01  
2.366e-01  1.027e+00  
7.586e-02  1.034e+00  
1.134e+00  2.294e-01  
8.418e-01  4.928e-01  
1.052e+00  6.806e-02  
8.465e-01  4.563e-01  
4.334e-01  9.305e-01  
6.452e-01  7.704e-01  
8.205e-01  5.526e-01  
6.357e-01  7.750e-01  
8.387e-01  4.863e-01  
2.366e-01  1.027e+00  
6.986e-02  1.040e+00  
5.516e-01  8.082e-01  
7.903e-01  5.789e-01  
3.629e-01  9.722e-01  
9.987e-01  3.303e-01  
1.051e+00  6.744e-02  
6.067e-02  1.034e+00  
1.018e+00  1.774e-01  
4.111e-01  9.303e-01  
6.821e-01  6.843e-01  
8.590e-01  4.259e-01  
5.805e-01  7.889e-01  
7.271e-01  6.171e-01  
7.303e-02  1.037e+00  
6.402e-02  1.034e+00  
7.731e-01  5.876e-01  
7.597e-02  1.036e+00  
8.521e-01  4.609e-01  
1.016e+00  1.779e-01  
6.664e-02  1.074e+00  
7.051e-01  6.494e-01  
8.486e-01  4.568e-01  
9.447e-01  3.179e-01  
5.849e-01  7.879e-01  
2.541e-01  1.024e+00  
5.025e-01  8.836e-01  
5.729e-01  7.942e-01  
3.936e-01  9.441e-01  
1.043e+00  1.016e-01  
5.944e-02  1.034e+00  
1.006e+00  2.007e-01  
7.853e-02  1.039e+00  
1.021e+00  1.454e-01  
1.095e+00  5.394e-02  
3.506e-01  9.844e-01  
1.018e+00  1.774e-01  
2.366e-01  1.027e+00  
8.830e-01  3.999e-01  
6.999e-02  1.038e+00  
1.078e+00  6.248e-02  
5.424e-01  8.232e-01  
1.090e+00  5.888e-02  
5.319e-01  8.374e-01  
1.018e+00  1.774e-01  
6.007e-02  1.034e+00  
1.057e-01  1.042e+00  
7.261e-02  1.037e+00  
1.061e+00  8.180e-02  
1.036e+00  1.280e-01  
1.065e+00  4.798e-02  
3.936e-01  9.441e-01  
1.014e+00  2.522e-01  
2.541e-01  1.024e+00  
6.522e-02  1.037e+00  
8.768e-01  4.113e-01  
8.763e-01  3.912e-01  
5.805e-01  7.889e-01  
5.494e-01  8.169e-01  
7.210e-01  6.231e-01  
3.358e-01  1.016e+00  
7.903e-01  5.789e-01  
1.057e-01  1.042e+00  
3.845e-01  9.511e-01  
5.176e-01  8.523e-01  
1.060e+00  6.262e-02  
5.202e-01  8.463e-01  
7.163e-01  6.206e-01  
7.034e-02  1.037e+00  
8.590e-01  4.259e-01  
7.597e-02  1.036e+00  
8.837e-02  1.037e+00  
7.553e-01  5.986e-01  
8.388e-01  4.785e-01  
8.707e-01  4.062e-01  
4.646e-01  9.153e-01  
8.521e-01  4.609e-01  
2.392e-01  1.028e+00  
6.619e-01  7.649e-01  
5.505e-01  8.138e-01  
6.452e-01  7.704e-01  
8.399e-01  5.681e-01  
1.051e+00  6.744e-02  
8.590e-01  4.259e-01  
6.905e-01  6.740e-01  
8.521e-01  4.609e-01  
7.303e-02  1.037e+00  
7.903e-01  5.789e-01  
9.881e-02  1.041e+00  
8.356e-01  4.998e-01  
7.600e-02  1.034e+00  
6.978e-01  6.512e-01  
7.224e-02  1.038e+00  
7.731e-01  5.876e-01  
9.987e-01  3.303e-01  
4.334e-01  9.305e-01  
6.610e-01  7.398e-01  
6.563e-01  7.707e-01  
1.012e+00  1.564e-01  
9.923e-01  2.412e-01  
3.629e-01  9.722e-01  
5.647e-01  8.030e-01  
7.731e-01  5.876e-01  
5.494e-01  8.169e-01  
7.104e-01  6.281e-01  
8.388e-01  4.785e-01  
7.051e-01  6.494e-01  
6.610e-01  7.398e-01  
1.090e+00  5.888e-02  
1.010e+00  1.694e-01  
5.485e-01  8.143e-01  
9.059e-01  3.609e-01  
5.712e-01  7.957e-01  
6.175e-02  1.034e+00  
8.424e-01  4.982e-01  
3.845e-01  9.511e-01  
7.051e-01  6.494e-01  
1.021e+00  1.454e-01  
5.002e-01  8.998e-01  
8.746e-01  3.805e-01  
7.573e-01  5.802e-01  
6.402e-02  1.034e+00  
9.970e-01  2.089e-01  
6.067e-02  1.034e+00  
1.079e+00  4.912e-02  
8.838e-01  3.895e-01  
8.590e-01  4.259e-01  
2.339e-01  1.027e+00  
7.051e-01  6.494e-01  
1.052e+00  6.806e-02  
1.010e+00  1.694e-01  
9.310e-01  3.236e-01  
9.059e-01  3.609e-01  
6.836e-02  1.048e+00  
6.836e-02  1.048e+00  
2.339e-01  1.027e+00  
2.406e-01  1.029e+00  
9.023e-01  3.671e-01  
1.079e+00  4.912e-02  
3.358e-01  1.016e+00  
2.441e-01  1.027e+00  
2.454e-01  1.021e+00  
5.052e-01  8.742e-01  
6.961e-02  1.039e+00  
1.066e+00  6.786e-02  
1.074e+00  5.429e-02  
6.999e-02  1.038e+00  
5.532e-01  8.130e-01  
9.642e-01  3.005e-01  
1.066e+00  6.786e-02  
5.354e-01  8.227e-01  
7.303e-02  1.037e+00  
7.586e-02  1.034e+00  
8.707e-01  4.062e-01  
6.067e-02  1.034e+00  
7.586e-02  1.034e+00  
1.036e+00  1.280e-01  
8.837e-02  1.037e+00  
1.018e+00  1.774e-01  
1.077e+00  9.065e-02  
4.163e-01  9.586e-01  
1.057e+00  6.778e-02  
4.163e-01  9.586e-01  
6.000e-02  1.034e+00  
1.005e+00  1.727e-01  
1.034e+00  1.370e-01  
6.487e-02  1.035e+00  
9.912e-01  3.250e-01  
1.043e+00  1.016e-01  
1.078e+00  4.916e-02  
1.052e+00  6.806e-02  
1.083e+00  5.349e-02  
4.163e-01  9.586e-01  
1.052e+00  6.806e-02  
9.528e-01  3.153e-01  
1.077e+00  9.065e-02  
1.012e+00  1.980e-01  
7.303e-02  1.037e+00  
6.978e-01  6.512e-01  
1.033e+00  1.414e-01  
1.066e+00  6.786e-02  
1.077e+00  9.065e-02  
6.522e-02  1.037e+00  
3.633e-01  9.660e-01  
6.961e-02  1.039e+00  
8.192e-02  1.037e+00  
7.092e-01  6.343e-01  
5.549e-01  8.060e-01  
5.202e-01  8.463e-01  
9.923e-01  2.412e-01  
6.504e-02  1.034e+00  
2.454e-01  1.021e+00  
8.958e-01  3.686e-01  
7.278e-02  1.035e+00  
6.062e-02  1.034e+00  
4.111e-01  9.303e-01  
9.023e-01  3.671e-01  
9.161e-01  3.510e-01  
3.767e-01  9.534e-01  
8.837e-02  1.037e+00  
1.036e+00  1.280e-01  
9.852e-02  1.036e+00  
6.796e-02  1.035e+00  
9.852e-02  1.036e+00  
8.424e-01  4.982e-01  
7.333e-01  6.003e-01  
9.852e-02  1.036e+00  
8.783e-01  4.052e-01  
8.570e-01  4.348e-01  
6.563e-01  7.707e-01  
6.794e-01  6.845e-01  
4.178e-01  9.294e-01  
8.675e-01  4.210e-01  
6.983e-01  6.581e-01  
7.853e-02  1.039e+00  
5.914e-01  7.854e-01  
8.746e-01  3.805e-01  
7.233e-01  6.267e-01  
6.452e-01  7.704e-01  
7.662e-01  5.786e-01  
7.701e-02  1.039e+00  
5.839e-01  7.890e-01  
8.205e-01  5.526e-01  
6.850e-01  6.961e-01  
2.323e-01  1.040e+00  
4.143e-01  9.404e-01  
7.333e-01  6.003e-01  
9.949e-01  1.994e-01  
5.944e-02  1.034e+00  
7.333e-01  6.003e-01  
8.548e-01  4.756e-01  
8.565e-01  4.296e-01  
4.122e-01  9.211e-01  
8.205e-01  5.526e-01  
8.736e-01  4.181e-01  
8.464e-01  4.825e-01  
4.451e-01  9.189e-01  
1.077e+00  9.065e-02  
5.052e-01  8.742e-01  
9.852e-02  1.036e+00  
1.034e+00  1.233e-01  
8.880e-01  3.890e-01  
9.023e-01  3.671e-01  
6.402e-02  1.034e+00  
7.087e-01  6.302e-01  
7.051e-01  6.494e-01  
6.850e-01  6.961e-01  
2.366e-01  1.027e+00  
3.977e-01  9.305e-01  
5.839e-01  7.890e-01  
8.702e-01  4.337e-01  
1.032e+00  1.450e-01  
6.452e-01  7.704e-01  
3.845e-01  9.511e-01  
9.264e-01  3.384e-01  
4.197e-01  9.302e-01  
7.333e-01  6.003e-01  
8.521e-01  4.609e-01  
3.845e-01  9.511e-01  
1.013e+00  2.058e-01  
2.377e-01  1.029e+00  
8.388e-01  4.785e-01  
2.454e-01  1.021e+00  
6.928e-01  6.697e-01  
7.954e-01  5.797e-01  
2.441e-01  1.027e+00  
8.192e-02  1.037e+00  
1.010e+00  1.694e-01  
5.494e-01  8.169e-01  
5.532e-01  8.130e-01  
8.570e-01  4.348e-01  
5.647e-01  8.030e-01  
5.532e-01  8.130e-01  
6.675e-01  7.656e-01  
9.852e-02  1.036e+00  
7.087e-01  6.302e-01  
6.809e-01  6.775e-01  
6.522e-02  1.037e+00  
6.452e-01  7.704e-01  
5.176e-01  8.523e-01  
1.013e+00  2.058e-01  
8.388e-01  4.785e-01  
8.388e-01  4.785e-01  
8.736e-01  4.181e-01  
5.494e-01  8.169e-01  
5.052e-01  8.742e-01  
3.936e-01  9.441e-01  
7.954e-01  5.797e-01  
8.830e-01  3.999e-01  
8.312e-01  5.020e-01  
9.923e-01  2.412e-01  
3.629e-01  9.722e-01  
1.047e+00  1.019e-01  
8.226e-02  1.034e+00  
8.486e-01  4.568e-01  
8.095e-01  5.741e-01  
5.485e-01  8.143e-01  
7.333e-01  6.003e-01  
1.057e-01  1.042e+00  
7.271e-01  6.171e-01  
5.729e-01  7.942e-01  
7.903e-01  5.789e-01  
1.036e+00  1.210e-01  
9.214e-01  3.392e-01  
8.486e-01  4.568e-01  
2.337e-01  1.022e+00  
6.708e-02  1.035e+00  
5.485e-01  8.143e-01  
1.014e+00  1.976e-01  
5.647e-01  8.030e-01  
1.034e+00  1.370e-01  
6.961e-02  1.039e+00  
1.079e+00  4.912e-02  
8.387e-01  4.863e-01  
4.270e-01  9.236e-01  
9.912e-01  3.250e-01  
7.853e-02  1.039e+00  
1.020e+00  1.774e-01  
1.020e+00  1.774e-01  
9.749e-02  1.037e+00  
5.052e-01  8.742e-01  
6.364e-01  7.745e-01  
6.983e-01  6.581e-01  
1.033e+00  1.411e-01  
1.035e+00  1.389e-01  
2.468e-01  1.025e+00  
1.013e+00  2.677e-01  
9.987e-01  3.303e-01  
5.202e-01  8.463e-01  
7.094e-01  6.264e-01  
3.936e-01  9.441e-01  
6.993e-01  6.573e-01  
8.095e-01  5.741e-01  
3.629e-01  9.722e-01  
1.019e+00  1.873e-01  
3.479e-01  1.039e+00  
1.047e+00  1.019e-01  
5.212e-01  8.453e-01  
7.069e-01  6.323e-01  
6.342e-01  7.732e-01  
2.238e-01  1.023e+00  
2.468e-01  1.025e+00  
7.589e-01  5.928e-01  
8.583e-01  4.200e-01  
1.134e+00  2.294e-01  
5.532e-01  8.130e-01  
8.570e-01  4.348e-01  
9.023e-01  3.671e-01  
9.749e-02  1.037e+00  
9.264e-01  3.384e-01  
1.036e+00  1.280e-01  
2.441e-01  1.027e+00  
2.238e-01  1.023e+00  
5.482e-01  8.122e-01  
6.850e-01  6.961e-01  
3.479e-01  1.039e+00  
2.541e-01  1.024e+00  
5.482e-01  8.122e-01  
5.052e-01  8.742e-01  
7.087e-01  6.302e-01  
9.978e-01  4.363e-01  
6.402e-02  1.034e+00  
1.016e+00  1.779e-01  
6.850e-01  6.961e-01  
7.278e-02  1.035e+00  
5.906e-02  1.034e+00  
9.442e-01  3.292e-01  
4.334e-01  9.305e-01  
5.944e-02  1.034e+00  
3.936e-01  9.441e-01  
1.071e+00  6.051e-02  
1.033e+00  1.411e-01  
5.176e-01  8.523e-01  
1.090e+00  5.888e-02  
7.903e-01  5.789e-01  
5.805e-01  7.889e-01  
1.034e+00  1.370e-01  
6.961e-02  1.039e+00  
7.278e-02  1.035e+00  
1.074e+00  5.429e-02  
3.479e-01  1.039e+00  
5.875e-02  1.034e+00  
1.013e+00  2.058e-01  
1.059e+00  7.199e-02  
8.763e-01  3.912e-01  
1.035e+00  1.389e-01  
1.052e+00  6.806e-02  
2.323e-01  1.040e+00  
5.944e-02  1.034e+00  
9.023e-01  3.671e-01  
8.691e-01  3.993e-01  
1.083e+00  5.022e-02  
8.736e-01  4.181e-01  
9.347e-01  3.460e-01  
9.889e-01  2.186e-01  
1.061e+00  8.180e-02  
1.085e+00  5.557e-02  
7.278e-02  1.035e+00  
2.292e-01  1.028e+00  
9.552e-01  3.119e-01  
6.961e-02  1.039e+00  
1.016e+00  1.779e-01  
4.178e-01  9.294e-01  
9.749e-02  1.037e+00  
5.532e-01  8.130e-01  
7.224e-02  1.038e+00  
2.541e-01  1.024e+00  
6.708e-02  1.035e+00  
1.043e+00  1.016e-01  
1.078e+00  6.248e-02  
1.078e+00  6.248e-02  
6.836e-02  1.048e+00  
7.278e-02  1.035e+00  
1.018e+00  1.774e-01  
9.749e-02  1.037e+00  
1.090e+00  5.888e-02  
1.065e+00  6.001e-02  
1.090e+00  5.888e-02  
6.708e-02  1.035e+00  
1.078e+00  6.248e-02  
6.590e-02  1.038e+00  
1.078e+00  6.248e-02  
1.043e+00  1.016e-01  
9.749e-02  1.037e+00  
1.060e+00  6.262e-02  
1.079e+00  4.912e-02  
9.852e-02  1.036e+00  
1.068e+00  5.834e-02  
1.047e+00  1.019e-01  
9.889e-01  2.186e-01  
6.067e-02  1.034e+00  
1.047e+00  1.019e-01  
1.047e+00  1.019e-01  
1.080e+00  5.532e-02  
1.068e+00  5.834e-02  
5.381e-01  8.236e-01  
5.827e-02  1.034e+00  
1.047e+00  1.019e-01  
8.396e-02  1.035e+00  
7.586e-02  1.034e+00  
6.999e-02  1.038e+00  
8.763e-01  3.912e-01  
1.005e+00  1.727e-01  
6.175e-02  1.034e+00  
1.060e+00  6.262e-02  
1.071e+00  4.732e-02  
4.122e-01  9.211e-01  
4.163e-01  9.586e-01  
5.532e-01  8.130e-01  
8.424e-01  4.982e-01  
1.074e+00  5.429e-02  
6.425e-02  1.065e+00  
2.339e-01  1.027e+00  
1.078e+00  6.248e-02  
9.969e-01  2.504e-01  
5.960e-02  1.035e+00  
1.090e+00  5.888e-02  
8.381e-01  5.230e-01  
5.839e-01  7.890e-01  
1.068e+00  5.834e-02  
1.066e+00  6.786e-02  
1.060e+00  6.262e-02  
5.253e-01  8.345e-01  
4.334e-01  9.305e-01  
6.836e-02  1.048e+00  
6.487e-02  1.035e+00  
2.366e-01  1.027e+00  
8.837e-02  1.037e+00  
7.254e-01  5.928e-01  
8.312e-01  5.020e-01  
5.494e-01  8.169e-01  
1.016e+00  1.779e-01  
5.647e-01  8.030e-01  
7.733e-01  5.838e-01  
1.034e+00  1.370e-01  
7.600e-02  1.034e+00  
1.066e+00  6.786e-02  
5.052e-01  8.742e-01  
5.202e-01  8.463e-01  
1.056e+00  7.352e-02  
5.647e-01  8.030e-01  
2.377e-01  1.029e+00  
5.066e-01  8.837e-01  
5.131e-01  8.641e-01  
8.590e-01  4.259e-01  
2.441e-01  1.027e+00  
6.342e-01  7.732e-01  
1.079e+00  4.912e-02  
1.013e+00  2.058e-01  
4.122e-01  9.211e-01  
1.073e+00  5.512e-02  
5.944e-02  1.034e+00  
8.548e-01  4.756e-01  
6.610e-01  7.398e-01  
1.057e-01  1.042e+00  
8.521e-01  4.609e-01  
1.083e+00  5.022e-02  
1.057e+00  6.624e-02  
6.894e-01  6.691e-01  
6.504e-02  1.034e+00  
7.087e-01  6.302e-01  
4.996e-01  8.873e-01  
6.590e-02  1.038e+00  
6.461e-02  1.034e+00  
7.761e-01  5.768e-01  
9.023e-01  3.671e-01  
8.486e-01  4.568e-01  
6.590e-02  1.038e+00  
6.721e-02  1.040e+00  
7.092e-01  6.343e-01  
7.037e-01  6.346e-01  
9.161e-01  3.510e-01  
2.238e-01  1.023e+00  
7.087e-01  6.302e-01  
