4.867e-02  1.057e+00  
1.055e+00  4.423e-02  
7.118e-01  5.968e-01  
8.994e-01  3.188e-01  
4.143e-01  9.036e-01  
8.609e-01  5.674e-01  
8.027e-02  1.040e+00  
5.385e-01  8.374e-01  
1.030e+00  1.446e-01  
1.042e+00  8.538e-02  
5.653e-02  1.041e+00  
7.515e-01  5.397e-01  
8.718e-01  3.924e-01  
4.148e-01  9.000e-01  
6.132e-01  7.401e-01  
9.962e-01  2.553e-01  
2.614e-01  9.942e-01  
2.388e-01  1.003e+00  
8.627e-01  4.270e-01  
1.033e+00  1.103e-01  
4.342e-01  8.958e-01  
7.078e-01  6.157e-01  
6.338e-01  7.285e-01  
1.031e+00  1.250e-01  
7.583e-01  5.368e-01  
1.048e+00  5.484e-02  
2.875e-01  9.909e-01  
6.733e-02  1.037e+00  
5.596e-01  7.639e-01  
8.024e-02  1.037e+00  
8.855e-01  3.407e-01  
9.277e-01  2.838e-01  
3.003e-01  9.910e-01  
9.508e-01  2.691e-01  
1.052e+00  6.342e-02  
8.024e-02  1.037e+00  
4.268e-01  9.001e-01  
5.317e-02  1.036e+00  
6.960e-02  1.034e+00  
8.692e-01  4.958e-01  
6.043e-01  7.384e-01  
7.875e-01  5.331e-01  
5.409e-01  8.137e-01  
4.143e-01  9.036e-01  
5.928e-02  1.034e+00  
9.277e-01  2.838e-01  
7.509e-01  5.473e-01  
1.035e+00  9.282e-02  
7.118e-01  5.968e-01  
2.614e-01  9.942e-01  
6.671e-01  7.332e-01  
4.716e-01  8.889e-01  
5.124e-02  1.056e+00  
8.845e-01  3.726e-01  
7.504e-02  1.033e+00  
7.078e-01  6.157e-01  
8.744e-01  3.756e-01  
1.054e+00  5.007e-02  
2.765e-01  9.934e-01  
1.031e+00  1.546e-01  
1.032e+00  1.415e-01  
5.610e-01  7.640e-01  
1.043e+00  2.489e-01  
9.137e-01  2.961e-01  
2.550e-01  9.958e-01  
1.023e+00  2.469e-01  
5.059e-02  1.043e+00  
8.793e-01  4.426e-01  
7.078e-01  6.156e-01  
7.292e-01  5.737e-01  
9.338e-01  2.763e-01  
2.988e-01  9.932e-01  
8.705e-01  3.972e-01  
4.917e-01  8.896e-01  
7.082e-01  6.573e-01  
7.439e-02  1.032e+00  
7.778e-02  1.037e+00  
9.732e-01  2.635e-01  
8.753e-01  3.706e-01  
1.038e+00  9.362e-02  
8.628e-01  4.645e-01  
4.126e-01  9.027e-01  
6.312e-01  7.336e-01  
7.801e-01  5.321e-01  
5.413e-01  8.472e-01  
7.801e-01  5.321e-01  
2.388e-01  1.003e+00  
6.715e-02  1.036e+00  
5.305e-01  8.372e-01  
7.507e-01  5.410e-01  
3.973e-01  9.149e-01  
8.994e-01  3.188e-01  
1.068e+00  5.085e-02  
5.059e-02  1.043e+00  
1.030e+00  1.446e-01  
3.945e-01  9.221e-01  
5.986e-01  7.445e-01  
8.694e-01  4.122e-01  
4.425e-01  8.928e-01  
7.146e-01  5.909e-01  
7.998e-02  1.034e+00  
9.495e-02  1.047e+00  
7.333e-01  5.604e-01  
7.910e-02  1.034e+00  
8.718e-01  3.924e-01  
1.041e+00  6.368e-02  
5.520e-02  1.042e+00  
6.990e-01  6.949e-01  
8.845e-01  3.726e-01  
1.043e+00  2.489e-01  
5.673e-01  7.630e-01  
2.750e-01  9.937e-01  
4.716e-01  8.889e-01  
5.305e-01  8.372e-01  
3.973e-01  9.149e-01  
1.032e+00  1.293e-01  
2.550e-01  9.958e-01  
1.027e+00  1.925e-01  
5.899e-02  1.063e+00  
1.027e+00  1.623e-01  
1.052e+00  6.342e-02  
2.850e-01  9.920e-01  
1.035e+00  9.282e-02  
2.675e-01  9.948e-01  
9.056e-01  3.065e-01  
5.899e-02  1.063e+00  
1.036e+00  1.125e-01  
5.420e-01  8.218e-01  
1.057e+00  4.796e-02  
5.305e-01  8.372e-01  
1.033e+00  1.103e-01  
5.317e-02  1.036e+00  
7.439e-02  1.032e+00  
8.922e-02  1.038e+00  
1.048e+00  5.252e-02  
1.032e+00  1.293e-01  
1.060e+00  4.907e-02  
3.836e-01  9.355e-01  
9.780e-01  2.560e-01  
2.829e-01  9.934e-01  
8.024e-02  1.037e+00  
8.751e-01  3.575e-01  
8.868e-01  3.447e-01  
4.906e-01  8.909e-01  
5.871e-01  7.481e-01  
7.515e-01  5.397e-01  
2.850e-01  9.920e-01  
7.680e-01  5.362e-01  
9.695e-02  1.038e+00  
4.268e-01  9.001e-01  
4.917e-01  8.896e-01  
9.062e-01  3.064e-01  
5.384e-01  8.234e-01  
7.292e-01  5.737e-01  
2.750e-01  9.937e-01  
8.793e-01  3.447e-01  
2.410e-01  9.980e-01  
2.675e-01  9.948e-01  
7.170e-01  5.955e-01  
8.692e-01  4.958e-01  
8.753e-01  3.706e-01  
4.357e-01  8.923e-01  
8.692e-01  4.958e-01  
2.418e-01  1.001e+00  
7.049e-01  6.453e-01  
5.411e-01  7.984e-01  
5.829e-01  7.499e-01  
7.801e-01  5.321e-01  
1.047e+00  7.146e-02  
7.885e-01  5.276e-01  
7.042e-01  6.475e-01  
8.845e-01  3.726e-01  
5.256e-02  1.058e+00  
7.441e-01  5.533e-01  
6.733e-02  1.037e+00  
7.873e-01  5.198e-01  
5.502e-02  1.038e+00  
6.990e-01  6.949e-01  
8.027e-02  1.040e+00  
7.292e-01  5.737e-01  
9.137e-01  2.961e-01  
4.339e-01  8.958e-01  
6.990e-01  6.949e-01  
6.043e-01  7.384e-01  
1.025e+00  2.053e-01  
9.962e-01  2.553e-01  
2.875e-01  9.909e-01  
5.385e-01  8.374e-01  
7.477e-01  5.482e-01  
5.619e-01  7.932e-01  
7.148e-01  5.966e-01  
7.509e-01  5.473e-01  
7.023e-01  6.717e-01  
6.990e-01  6.949e-01  
1.045e+00  7.256e-02  
9.357e-01  2.767e-01  
5.870e-01  7.484e-01  
8.822e-01  3.647e-01  
5.673e-01  7.630e-01  
1.395e-01  1.044e+00  
8.692e-01  4.958e-01  
4.148e-01  9.000e-01  
7.148e-01  5.966e-01  
1.035e+00  1.282e-01  
4.655e-01  8.892e-01  
8.820e-01  3.608e-01  
7.333e-01  5.604e-01  
7.178e-02  1.035e+00  
1.027e+00  1.925e-01  
7.512e-02  1.035e+00  
1.033e+00  1.023e-01  
8.718e-01  3.924e-01  
8.820e-01  3.608e-01  
2.750e-01  9.937e-01  
7.049e-01  6.453e-01  
1.038e+00  9.362e-02  
9.425e-01  2.773e-01  
8.744e-01  3.756e-01  
9.075e-01  3.017e-01  
9.695e-02  1.038e+00  
2.741e-01  9.921e-01  
2.875e-01  9.909e-01  
2.388e-01  1.003e+00  
8.969e-01  3.214e-01  
1.067e+00  4.914e-02  
2.988e-01  9.932e-01  
2.550e-01  9.958e-01  
2.750e-01  9.937e-01  
4.680e-01  8.921e-01  
5.502e-02  1.038e+00  
1.030e+00  1.446e-01  
1.032e+00  1.293e-01  
5.653e-02  1.041e+00  
5.619e-01  7.932e-01  
8.937e-01  3.241e-01  
9.277e-01  2.838e-01  
5.409e-01  8.137e-01  
7.969e-02  1.034e+00  
4.862e-02  1.038e+00  
8.718e-01  3.924e-01  
5.600e-02  1.074e+00  
7.998e-02  1.034e+00  
1.034e+00  1.426e-01  
2.737e-01  9.919e-01  
1.028e+00  1.593e-01  
1.027e+00  2.173e-01  
3.973e-01  9.149e-01  
1.038e+00  9.362e-02  
4.211e-01  8.973e-01  
5.402e-02  1.075e+00  
1.027e+00  1.922e-01  
1.031e+00  1.546e-01  
5.600e-02  1.074e+00  
9.097e-01  2.983e-01  
1.035e+00  1.221e-01  
1.068e+00  5.085e-02  
1.051e+00  6.058e-02  
1.067e+00  4.914e-02  
4.342e-01  8.958e-01  
1.051e+00  6.150e-02  
9.492e-01  2.671e-01  
9.357e-01  2.767e-01  
1.031e+00  1.546e-01  
5.303e-02  1.044e+00  
7.042e-01  6.439e-01  
1.031e+00  1.546e-01  
1.026e+00  2.087e-01  
9.404e-01  2.622e-01  
5.899e-02  1.063e+00  
4.083e-01  9.012e-01  
6.228e-02  1.045e+00  
2.988e-01  9.932e-01  
7.053e-01  6.256e-01  
5.385e-01  8.374e-01  
5.355e-01  8.275e-01  
1.009e+00  2.409e-01  
5.317e-02  1.036e+00  
2.875e-01  9.909e-01  
8.820e-01  3.608e-01  
5.899e-02  1.063e+00  
8.024e-02  1.037e+00  
3.772e-01  9.689e-01  
8.831e-01  3.816e-01  
9.596e-01  2.664e-01  
2.914e-01  9.910e-01  
5.600e-02  1.074e+00  
1.030e+00  1.446e-01  
7.439e-02  1.032e+00  
7.969e-02  1.034e+00  
5.317e-02  1.036e+00  
8.609e-01  5.674e-01  
7.509e-01  5.473e-01  
5.188e-02  1.041e+00  
8.765e-01  3.715e-01  
8.609e-01  5.674e-01  
6.990e-01  6.949e-01  
6.121e-01  7.416e-01  
4.143e-01  9.036e-01  
8.793e-01  4.426e-01  
7.118e-01  5.968e-01  
4.867e-02  1.057e+00  
5.409e-01  8.137e-01  
8.820e-01  3.534e-01  
7.227e-01  5.836e-01  
5.305e-01  8.372e-01  
7.509e-01  5.473e-01  
6.228e-02  1.045e+00  
5.892e-01  7.573e-01  
7.496e-01  5.469e-01  
7.042e-01  6.452e-01  
2.388e-01  1.003e+00  
3.973e-01  9.149e-01  
7.166e-01  5.919e-01  
9.062e-01  3.064e-01  
8.954e-02  1.037e+00  
7.515e-01  5.397e-01  
8.683e-01  4.612e-01  
8.718e-01  3.924e-01  
4.268e-01  9.001e-01  
7.947e-01  5.213e-01  
7.956e-01  5.252e-01  
8.570e-01  4.588e-01  
4.339e-01  8.958e-01  
1.029e+00  1.721e-01  
5.036e-01  8.953e-01  
4.855e-02  1.038e+00  
1.036e+00  1.125e-01  
8.753e-01  3.706e-01  
9.008e-01  3.111e-01  
5.297e-02  1.039e+00  
7.078e-01  6.157e-01  
6.990e-01  6.949e-01  
7.042e-01  6.862e-01  
2.389e-01  1.001e+00  
3.927e-01  9.294e-01  
5.848e-01  7.726e-01  
8.793e-01  4.426e-01  
1.034e+00  1.444e-01  
6.121e-01  7.416e-01  
3.836e-01  9.355e-01  
8.863e-01  3.522e-01  
4.268e-01  9.001e-01  
7.148e-01  5.966e-01  
8.632e-01  4.493e-01  
2.875e-01  9.909e-01  
1.027e+00  2.095e-01  
2.455e-01  9.977e-01  
7.875e-01  5.331e-01  
2.831e-01  9.915e-01  
7.008e-01  6.586e-01  
7.331e-01  5.629e-01  
3.003e-01  9.910e-01  
2.720e-01  9.927e-01  
1.025e+00  1.976e-01  
5.305e-01  8.372e-01  
5.638e-01  7.621e-01  
8.793e-01  4.426e-01  
5.305e-01  8.372e-01  
5.673e-01  7.630e-01  
7.118e-01  5.968e-01  
8.027e-02  1.040e+00  
7.023e-01  6.717e-01  
7.042e-01  6.439e-01  
7.969e-02  1.034e+00  
5.972e-01  7.386e-01  
4.917e-01  8.896e-01  
9.962e-01  2.553e-01  
8.692e-01  4.958e-01  
8.570e-01  4.588e-01  
8.863e-01  3.522e-01  
5.409e-01  8.137e-01  
4.917e-01  8.896e-01  
4.526e-01  8.926e-01  
7.477e-01  5.482e-01  
8.890e-01  3.390e-01  
7.507e-01  5.410e-01  
9.357e-01  2.767e-01  
3.067e-01  9.913e-01  
1.032e+00  1.125e-01  
6.590e-02  1.039e+00  
8.793e-01  4.426e-01  
7.875e-01  5.331e-01  
5.421e-01  8.066e-01  
7.680e-01  5.362e-01  
5.317e-02  1.036e+00  
7.292e-01  5.737e-01  
5.596e-01  7.639e-01  
7.366e-01  5.592e-01  
1.035e+00  9.282e-02  
8.861e-01  3.409e-01  
8.632e-01  4.493e-01  
5.297e-02  1.039e+00  
5.227e-02  1.048e+00  
4.906e-01  8.909e-01  
1.027e+00  2.095e-01  
5.896e-01  7.481e-01  
1.026e+00  2.087e-01  
5.256e-02  1.058e+00  
1.049e+00  6.139e-02  
7.509e-01  5.473e-01  
2.675e-01  9.948e-01  
9.137e-01  2.961e-01  
5.899e-02  1.063e+00  
1.027e+00  1.623e-01  
1.029e+00  1.687e-01  
7.998e-02  1.034e+00  
4.174e-01  9.081e-01  
6.252e-01  7.321e-01  
7.060e-01  6.360e-01  
1.036e+00  1.125e-01  
9.780e-01  2.560e-01  
2.673e-01  9.955e-01  
9.277e-01  2.838e-01  
9.049e-01  3.014e-01  
5.384e-01  8.234e-01  
7.078e-01  6.157e-01  
4.662e-01  8.897e-01  
7.292e-01  5.737e-01  
7.477e-01  5.482e-01  
3.067e-01  9.913e-01  
9.062e-01  3.064e-01  
3.772e-01  9.689e-01  
1.033e+00  1.023e-01  
5.392e-01  8.220e-01  
7.078e-01  6.475e-01  
5.673e-01  7.630e-01  
2.741e-01  9.921e-01  
2.750e-01  9.937e-01  
7.321e-01  5.623e-01  
8.899e-01  3.341e-01  
8.991e-01  3.233e-01  
5.619e-01  7.932e-01  
8.705e-01  3.972e-01  
8.863e-01  3.522e-01  
8.024e-02  1.037e+00  
9.277e-01  2.838e-01  
1.032e+00  1.293e-01  
2.750e-01  9.937e-01  
2.388e-01  1.003e+00  
5.384e-01  8.234e-01  
6.671e-01  7.332e-01  
3.003e-01  9.910e-01  
2.675e-01  9.948e-01  
6.043e-01  7.384e-01  
4.906e-01  8.909e-01  
7.148e-01  5.966e-01  
8.994e-01  3.188e-01  
7.769e-02  1.035e+00  
9.062e-01  3.064e-01  
7.023e-01  6.717e-01  
6.590e-02  1.039e+00  
5.954e-02  1.039e+00  
9.378e-01  2.859e-01  
3.927e-01  9.294e-01  
2.614e-01  9.942e-01  
5.036e-01  8.953e-01  
1.052e+00  6.342e-02  
1.028e+00  1.593e-01  
3.623e-01  9.710e-01  
1.054e+00  6.752e-02  
7.873e-01  5.198e-01  
4.143e-01  9.036e-01  
1.031e+00  1.546e-01  
2.941e-01  9.912e-01  
7.512e-02  1.035e+00  
1.051e+00  6.150e-02  
2.905e-01  9.914e-01  
4.862e-02  1.038e+00  
9.357e-01  2.767e-01  
1.054e+00  6.752e-02  
8.820e-01  3.608e-01  
1.027e+00  1.922e-01  
1.038e+00  9.362e-02  
2.621e-01  9.938e-01  
2.691e-01  9.936e-01  
9.137e-01  2.961e-01  
8.627e-01  4.270e-01  
1.049e+00  6.139e-02  
8.609e-01  5.674e-01  
9.137e-01  2.961e-01  
1.023e+00  2.469e-01  
1.041e+00  8.877e-02  
1.051e+00  6.150e-02  
6.930e-02  1.039e+00  
2.673e-01  9.955e-01  
9.174e-01  2.885e-01  
5.059e-02  1.043e+00  
1.030e+00  1.446e-01  
4.174e-01  9.081e-01  
6.996e-02  1.038e+00  
5.409e-01  8.137e-01  
8.954e-02  1.037e+00  
2.621e-01  9.938e-01  
6.733e-02  1.037e+00  
1.029e+00  1.687e-01  
1.054e+00  6.752e-02  
1.048e+00  6.159e-02  
7.610e-02  1.034e+00  
5.899e-02  1.063e+00  
1.041e+00  6.368e-02  
8.954e-02  1.037e+00  
1.038e+00  9.362e-02  
1.051e+00  6.150e-02  
1.035e+00  9.282e-02  
6.996e-02  1.038e+00  
1.054e+00  6.674e-02  
5.600e-02  1.074e+00  
1.054e+00  6.674e-02  
1.033e+00  1.023e-01  
8.027e-02  1.040e+00  
9.596e-01  2.664e-01  
1.067e+00  4.914e-02  
5.101e-02  1.038e+00  
1.048e+00  5.669e-02  
1.052e+00  6.342e-02  
1.023e+00  2.469e-01  
6.733e-02  1.037e+00  
1.037e+00  1.147e-01  
1.054e+00  6.752e-02  
1.068e+00  5.085e-02  
1.051e+00  6.058e-02  
5.384e-01  8.234e-01  
5.101e-02  1.038e+00  
1.038e+00  9.362e-02  
8.927e-02  1.038e+00  
4.862e-02  1.038e+00  
5.256e-02  1.058e+00  
8.994e-01  3.188e-01  
1.030e+00  1.446e-01  
5.954e-02  1.039e+00  
1.039e+00  7.499e-02  
1.058e+00  4.794e-02  
4.342e-01  8.958e-01  
4.143e-01  9.036e-01  
5.402e-01  8.133e-01  
7.801e-01  5.321e-01  
1.030e+00  1.193e-01  
6.228e-02  1.045e+00  
2.675e-01  9.948e-01  
1.036e+00  1.125e-01  
1.032e+00  1.415e-01  
5.502e-02  1.038e+00  
1.051e+00  6.150e-02  
8.692e-01  4.958e-01  
5.722e-01  7.565e-01  
1.057e+00  4.796e-02  
9.277e-01  2.838e-01  
9.062e-01  3.064e-01  
5.355e-01  8.275e-01  
4.342e-01  8.958e-01  
9.495e-02  1.047e+00  
7.512e-02  1.035e+00  
2.675e-01  9.948e-01  
3.044e-01  9.909e-01  
7.292e-01  5.737e-01  
7.880e-01  5.241e-01  
6.043e-01  7.384e-01  
1.033e+00  1.023e-01  
5.673e-01  7.630e-01  
7.477e-01  5.482e-01  
1.032e+00  1.293e-01  
9.189e-02  1.032e+00  
9.425e-01  2.773e-01  
5.036e-01  8.953e-01  
4.917e-01  8.896e-01  
1.051e+00  6.058e-02  
5.986e-01  7.445e-01  
5.101e-02  1.038e+00  
4.906e-01  8.909e-01  
4.917e-01  8.896e-01  
8.793e-01  4.426e-01  
5.317e-02  1.036e+00  
5.829e-01  7.499e-01  
1.055e+00  4.423e-02  
9.555e-01  2.696e-01  
4.268e-01  9.001e-01  
1.051e+00  6.058e-02  
1.395e-01  1.044e+00  
7.956e-01  5.252e-01  
7.049e-01  6.453e-01  
1.395e-01  1.044e+00  
8.753e-01  3.706e-01  
1.049e+00  6.139e-02  
1.040e+00  8.480e-02  
7.008e-01  6.586e-01  
7.998e-02  1.034e+00  
7.100e-01  6.198e-01  
4.268e-01  9.001e-01  
5.502e-02  1.039e+00  
5.928e-02  1.034e+00  
7.801e-01  5.321e-01  
8.991e-01  3.233e-01  
8.609e-01  5.674e-01  
5.330e-02  1.060e+00  
4.867e-02  1.057e+00  
7.089e-01  6.113e-01  
7.042e-01  6.439e-01  
8.899e-01  3.341e-01  
2.621e-01  9.938e-01  
7.515e-01  5.397e-01  
