2.466e-02  1.027e+00  
9.960e-01  2.261e-02  
3.840e-01  4.494e-01  
6.571e-01  2.003e-01  
1.742e-01  6.126e-01  
5.007e-01  3.446e-01  
6.796e-02  7.894e-01  
2.795e-01  5.048e-01  
9.814e-01  1.358e-01  
9.868e-01  6.157e-02  
6.125e-02  8.875e-01  
4.946e-01  4.056e-01  
6.559e-01  2.155e-01  
2.191e-01  6.110e-01  
3.847e-01  5.005e-01  
6.978e-01  2.034e-01  
1.516e-01  6.435e-01  
1.305e-01  6.994e-01  
5.073e-01  3.421e-01  
9.813e-01  8.529e-02  
2.685e-01  5.102e-01  
4.594e-01  4.194e-01  
3.980e-01  4.677e-01  
9.868e-01  6.157e-02  
5.301e-01  3.545e-01  
9.910e-01  2.982e-02  
2.248e-01  5.749e-01  
2.466e-02  1.027e+00  
3.188e-01  4.775e-01  
6.762e-02  7.519e-01  
6.560e-01  2.033e-01  
6.778e-01  1.995e-01  
1.722e-01  6.523e-01  
6.862e-01  1.982e-01  
9.904e-01  5.317e-02  
4.454e-02  8.249e-01  
2.585e-01  5.556e-01  
1.197e-01  7.246e-01  
9.317e-02  7.162e-01  
5.447e-01  3.223e-01  
3.487e-01  4.577e-01  
5.411e-01  3.494e-01  
3.980e-01  4.677e-01  
2.489e-01  5.865e-01  
1.384e-01  6.666e-01  
6.703e-01  2.089e-01  
4.924e-01  3.668e-01  
9.824e-01  5.328e-02  
4.911e-01  3.547e-01  
1.957e-01  5.974e-01  
4.035e-01  4.542e-01  
2.760e-01  5.201e-01  
3.781e-02  8.439e-01  
7.248e-01  2.872e-01  
6.060e-02  7.748e-01  
4.492e-01  4.241e-01  
6.506e-01  2.269e-01  
1.029e+00  2.548e-02  
1.233e-01  6.978e-01  
9.864e-01  7.433e-02  
6.843e-01  2.194e-01  
3.344e-01  4.697e-01  
6.781e-01  2.044e-01  
6.704e-01  2.051e-01  
1.559e-01  6.510e-01  
6.843e-01  2.194e-01  
6.060e-02  7.748e-01  
6.559e-01  2.155e-01  
4.456e-01  4.193e-01  
4.806e-01  3.701e-01  
6.560e-01  2.033e-01  
1.692e-01  6.178e-01  
6.644e-01  2.159e-01  
3.074e-01  5.312e-01  
3.840e-01  4.494e-01  
1.208e-01  6.833e-01  
1.166e-01  8.126e-01  
6.843e-01  2.194e-01  
5.301e-01  3.545e-01  
9.838e-01  5.616e-02  
5.320e-01  3.290e-01  
2.552e-01  5.482e-01  
3.627e-01  4.653e-01  
5.073e-01  3.421e-01  
3.487e-01  4.577e-01  
5.160e-01  3.200e-01  
1.384e-01  6.666e-01  
5.218e-02  8.173e-01  
3.209e-01  4.702e-01  
4.868e-01  3.594e-01  
2.258e-01  6.449e-01  
6.578e-01  2.283e-01  
1.004e+00  4.437e-02  
2.357e-02  9.342e-01  
9.823e-01  1.160e-01  
2.241e-01  6.010e-01  
4.035e-01  4.542e-01  
6.600e-01  2.118e-01  
2.506e-01  5.811e-01  
4.714e-01  4.169e-01  
6.063e-02  7.848e-01  
1.339e-01  6.876e-01  
5.095e-01  3.711e-01  
9.167e-02  7.780e-01  
6.644e-01  2.159e-01  
1.082e+00  1.191e-01  
2.357e-02  9.342e-01  
4.456e-01  4.193e-01  
6.521e-01  2.086e-01  
6.735e-01  2.148e-01  
3.344e-01  4.697e-01  
1.722e-01  6.523e-01  
2.885e-01  5.170e-01  
3.513e-01  4.600e-01  
1.233e-01  6.978e-01  
9.936e-01  8.381e-02  
1.330e-01  6.627e-01  
1.082e+00  1.191e-01  
6.060e-02  7.748e-01  
9.813e-01  8.529e-02  
9.954e-01  1.759e-02  
2.178e-01  6.118e-01  
1.002e+00  6.972e-02  
1.384e-01  6.780e-01  
6.584e-01  2.188e-01  
1.296e-02  9.500e-01  
9.886e-01  8.963e-02  
3.084e-01  4.950e-01  
9.952e-01  2.107e-02  
2.805e-01  4.974e-01  
9.813e-01  6.582e-02  
1.208e-01  6.833e-01  
1.329e-01  6.821e-01  
6.762e-02  7.519e-01  
9.954e-01  1.759e-02  
9.841e-01  6.860e-02  
1.011e+00  1.799e-02  
2.248e-01  5.749e-01  
7.047e-01  2.050e-01  
1.992e-01  5.864e-01  
3.781e-02  8.439e-01  
5.270e-01  3.300e-01  
6.523e-01  2.019e-01  
2.997e-01  4.991e-01  
3.513e-01  4.600e-01  
4.035e-01  4.542e-01  
2.025e-01  5.796e-01  
4.882e-01  3.539e-01  
1.104e-01  7.331e-01  
2.025e-01  5.796e-01  
2.885e-01  5.170e-01  
6.560e-01  2.033e-01  
3.010e-01  5.234e-01  
4.456e-01  4.193e-01  
1.940e-01  6.267e-01  
5.318e-01  3.188e-01  
1.483e-01  6.731e-01  
2.248e-01  5.749e-01  
4.731e-01  3.575e-01  
5.073e-01  3.421e-01  
6.560e-01  2.033e-01  
2.191e-01  6.110e-01  
6.066e-01  3.478e-01  
1.346e-01  6.629e-01  
3.574e-01  4.554e-01  
3.808e-01  4.505e-01  
3.487e-01  4.577e-01  
5.301e-01  3.545e-01  
9.866e-01  3.350e-02  
4.990e-01  3.273e-01  
4.492e-01  4.241e-01  
5.007e-01  3.446e-01  
1.296e-02  9.500e-01  
5.095e-01  3.711e-01  
3.880e-02  8.528e-01  
5.073e-01  3.421e-01  
1.084e-01  7.512e-01  
3.808e-01  4.505e-01  
8.169e-02  8.149e-01  
4.806e-01  3.701e-01  
6.600e-01  2.118e-01  
2.568e-01  6.168e-01  
3.820e-01  4.298e-01  
3.627e-01  4.653e-01  
9.832e-01  1.421e-01  
6.810e-01  2.238e-01  
2.191e-01  5.900e-01  
3.730e-01  4.613e-01  
4.824e-01  3.585e-01  
3.305e-01  4.708e-01  
5.095e-01  3.711e-01  
5.007e-01  3.446e-01  
4.038e-01  4.106e-01  
3.847e-01  5.005e-01  
9.869e-01  4.094e-02  
6.700e-01  1.953e-01  
3.227e-01  4.736e-01  
6.506e-01  2.269e-01  
3.268e-01  4.895e-01  
1.104e-01  7.331e-01  
4.824e-01  3.585e-01  
1.754e-01  6.228e-01  
4.223e-01  4.159e-01  
9.841e-01  8.562e-02  
2.929e-01  5.574e-01  
6.506e-01  2.269e-01  
4.911e-01  3.547e-01  
4.655e-02  8.998e-01  
6.750e-01  1.970e-01  
2.819e-02  1.012e+00  
9.824e-01  5.328e-02  
6.600e-01  2.118e-01  
6.600e-01  2.118e-01  
1.692e-01  6.178e-01  
4.718e-01  4.316e-01  
9.824e-01  5.328e-02  
6.810e-01  2.238e-01  
6.560e-01  2.033e-01  
6.523e-01  2.019e-01  
8.272e-02  7.254e-01  
1.754e-01  6.228e-01  
1.384e-01  6.780e-01  
1.346e-01  6.629e-01  
6.781e-01  2.044e-01  
1.004e+00  4.437e-02  
1.722e-01  6.376e-01  
1.559e-01  6.510e-01  
1.479e-01  6.389e-01  
2.896e-01  5.489e-01  
8.682e-02  8.196e-01  
9.814e-01  1.358e-01  
9.936e-01  8.381e-02  
2.513e-02  9.051e-01  
3.808e-01  4.505e-01  
6.542e-01  2.065e-01  
6.784e-01  1.960e-01  
3.980e-01  4.677e-01  
6.125e-02  8.875e-01  
8.776e-02  8.436e-01  
6.545e-01  1.983e-01  
8.682e-02  8.196e-01  
6.762e-02  7.519e-01  
9.813e-01  6.582e-02  
1.722e-01  6.376e-01  
9.842e-01  6.937e-02  
6.704e-01  2.051e-01  
2.289e-01  5.919e-01  
9.896e-01  5.802e-02  
2.502e-01  5.838e-01  
3.570e-02  1.056e+00  
9.832e-01  1.421e-01  
9.815e-01  5.785e-02  
4.454e-02  8.249e-01  
6.703e-01  2.089e-01  
9.788e-01  9.344e-02  
1.007e+00  2.137e-02  
1.004e+00  4.437e-02  
1.008e+00  1.839e-02  
2.585e-01  5.556e-01  
1.004e+00  4.437e-02  
6.560e-01  2.033e-01  
6.784e-01  1.960e-01  
9.813e-01  6.582e-02  
1.922e-02  9.744e-01  
4.336e-01  4.810e-01  
9.974e-01  1.310e-01  
6.797e-01  1.995e-01  
6.781e-01  2.044e-01  
3.960e-02  8.939e-01  
3.010e-01  5.234e-01  
4.655e-02  8.998e-01  
2.032e-01  6.414e-01  
4.718e-01  4.316e-01  
3.209e-01  4.702e-01  
3.311e-01  5.191e-01  
6.735e-01  2.148e-01  
8.272e-02  7.254e-01  
1.844e-01  6.449e-01  
6.523e-01  2.019e-01  
6.796e-02  7.894e-01  
6.060e-02  7.748e-01  
1.992e-01  5.864e-01  
6.650e-01  2.204e-01  
6.790e-01  2.179e-01  
2.032e-01  6.414e-01  
1.296e-02  9.500e-01  
9.841e-01  8.562e-02  
1.084e-01  7.512e-01  
4.867e-02  8.803e-01  
1.330e-01  6.626e-01  
5.411e-01  3.494e-01  
4.223e-01  4.159e-01  
9.313e-02  7.310e-01  
6.542e-01  2.065e-01  
5.447e-01  3.223e-01  
3.685e-01  4.525e-01  
3.808e-01  4.505e-01  
2.568e-01  6.168e-01  
6.790e-01  2.179e-01  
3.847e-01  5.005e-01  
2.819e-02  1.012e+00  
3.730e-01  4.613e-01  
6.506e-01  2.269e-01  
4.946e-01  4.056e-01  
3.840e-01  4.494e-01  
5.111e-01  3.736e-01  
4.454e-02  8.249e-01  
3.513e-01  4.600e-01  
4.882e-01  3.539e-01  
3.487e-01  4.577e-01  
1.346e-01  6.629e-01  
1.233e-01  6.978e-01  
4.223e-01  4.159e-01  
6.978e-01  2.034e-01  
1.084e-01  7.512e-01  
4.873e-01  4.005e-01  
5.270e-01  3.300e-01  
5.007e-01  3.446e-01  
2.310e-01  5.770e-01  
5.073e-01  3.421e-01  
4.990e-01  3.273e-01  
5.587e-01  3.183e-01  
1.979e-01  6.343e-01  
9.823e-01  7.690e-02  
2.795e-01  5.048e-01  
1.329e-01  6.821e-01  
9.850e-01  5.622e-02  
6.523e-01  2.019e-01  
6.559e-01  2.155e-01  
9.996e-02  7.059e-01  
4.408e-01  3.940e-01  
3.840e-01  4.494e-01  
4.035e-01  4.542e-01  
1.326e-01  6.605e-01  
2.241e-01  6.010e-01  
3.427e-01  4.596e-01  
5.320e-01  3.290e-01  
9.904e-01  5.317e-02  
3.840e-01  4.494e-01  
2.178e-01  6.118e-01  
6.585e-01  2.176e-01  
2.248e-01  5.749e-01  
4.839e-01  3.494e-01  
5.411e-01  3.494e-01  
2.248e-01  5.749e-01  
9.814e-01  1.358e-01  
1.483e-01  6.731e-01  
5.095e-01  3.711e-01  
1.716e-01  6.340e-01  
4.718e-01  4.316e-01  
5.095e-01  3.711e-01  
1.233e-01  6.978e-01  
2.163e-01  6.207e-01  
9.832e-01  1.421e-01  
3.574e-01  4.554e-01  
3.305e-01  4.708e-01  
6.559e-01  2.155e-01  
3.487e-01  4.577e-01  
3.401e-01  4.856e-01  
3.443e-01  4.515e-01  
9.167e-02  7.780e-01  
4.486e-01  4.317e-01  
4.314e-01  4.398e-01  
4.655e-02  8.998e-01  
3.569e-01  4.550e-01  
3.074e-01  5.312e-01  
6.818e-01  2.076e-01  
4.990e-01  3.273e-01  
5.411e-01  3.494e-01  
6.790e-01  2.179e-01  
3.513e-01  4.600e-01  
2.897e-01  4.981e-01  
2.241e-01  6.010e-01  
5.007e-01  3.856e-01  
6.600e-01  2.118e-01  
5.447e-01  3.223e-01  
6.843e-01  2.194e-01  
2.178e-01  6.118e-01  
9.868e-01  6.157e-02  
4.655e-02  8.998e-01  
5.587e-01  3.183e-01  
5.095e-01  3.711e-01  
3.074e-01  5.312e-01  
5.301e-01  3.545e-01  
9.701e-02  7.423e-01  
4.347e-01  3.907e-01  
3.177e-01  4.928e-01  
4.813e-01  3.717e-01  
9.868e-01  6.157e-02  
6.820e-01  2.415e-01  
5.007e-01  3.446e-01  
1.384e-01  6.780e-01  
1.633e-02  1.059e+00  
3.311e-01  5.191e-01  
9.841e-01  6.860e-02  
3.808e-01  4.505e-01  
9.832e-01  1.421e-01  
6.463e-03  1.000e+00  
9.954e-01  1.759e-02  
5.447e-01  3.223e-01  
1.754e-01  6.228e-01  
6.729e-01  2.157e-01  
4.454e-02  8.249e-01  
9.936e-01  8.381e-02  
6.784e-01  1.960e-01  
6.420e-02  8.421e-01  
2.241e-01  6.010e-01  
3.730e-01  4.613e-01  
4.043e-01  4.245e-01  
9.864e-01  7.433e-02  
6.781e-01  2.044e-01  
1.384e-01  6.780e-01  
6.822e-01  1.959e-01  
6.560e-01  2.033e-01  
3.311e-01  5.191e-01  
4.951e-01  3.978e-01  
2.796e-01  5.377e-01  
4.336e-01  4.810e-01  
5.141e-01  3.546e-01  
2.163e-01  6.207e-01  
6.700e-01  1.953e-01  
2.178e-01  6.118e-01  
9.936e-01  8.381e-02  
3.084e-01  4.950e-01  
4.718e-01  4.316e-01  
3.305e-01  4.708e-01  
1.559e-01  6.510e-01  
1.692e-01  6.178e-01  
4.806e-01  3.701e-01  
6.807e-01  2.404e-01  
6.506e-01  2.269e-01  
3.231e-01  4.890e-01  
6.565e-01  2.011e-01  
6.506e-01  2.269e-01  
4.439e-02  8.099e-01  
6.578e-01  2.283e-01  
9.886e-01  8.963e-02  
1.722e-01  6.523e-01  
1.384e-01  6.666e-01  
3.209e-01  4.702e-01  
3.840e-01  4.494e-01  
1.844e-01  6.449e-01  
1.692e-01  6.178e-01  
3.084e-01  4.950e-01  
3.513e-01  4.600e-01  
5.301e-01  3.545e-01  
6.729e-01  2.157e-01  
3.781e-02  8.439e-01  
6.700e-01  1.953e-01  
4.456e-01  4.193e-01  
8.682e-02  8.196e-01  
1.208e-01  6.833e-01  
6.545e-01  1.983e-01  
2.295e-01  5.741e-01  
1.346e-01  6.629e-01  
2.905e-01  5.874e-01  
9.824e-01  5.328e-02  
9.788e-01  1.128e-01  
2.191e-01  6.110e-01  
9.954e-01  1.759e-02  
5.141e-01  3.546e-01  
2.629e-01  5.621e-01  
9.813e-01  8.529e-02  
1.754e-01  6.228e-01  
3.781e-02  8.439e-01  
1.007e+00  2.137e-02  
1.384e-01  6.780e-01  
1.084e-01  7.512e-01  
6.700e-01  1.953e-01  
9.883e-01  6.157e-02  
6.578e-01  2.283e-01  
9.841e-01  6.860e-02  
9.911e-01  5.054e-02  
1.384e-01  6.780e-01  
1.233e-01  6.978e-01  
6.560e-01  2.033e-01  
6.565e-01  2.011e-01  
1.008e+00  1.839e-02  
5.073e-01  3.421e-01  
6.584e-01  2.188e-01  
6.843e-01  2.194e-01  
9.815e-01  5.785e-02  
1.035e+00  2.553e-02  
5.735e-02  8.282e-01  
1.346e-01  6.629e-01  
6.523e-01  2.019e-01  
5.735e-02  8.282e-01  
9.832e-01  1.421e-01  
2.241e-01  6.010e-01  
5.218e-02  8.173e-01  
3.074e-01  5.312e-01  
1.024e-01  7.238e-01  
2.032e-01  6.414e-01  
1.922e-02  9.744e-01  
9.814e-01  1.358e-01  
9.838e-01  5.616e-02  
9.948e-01  2.275e-02  
4.454e-02  8.249e-01  
1.633e-02  1.059e+00  
9.908e-01  8.825e-02  
1.084e-01  7.512e-01  
1.004e+00  4.437e-02  
9.881e-01  4.151e-02  
1.008e+00  1.839e-02  
2.513e-02  9.051e-01  
1.008e+00  1.839e-02  
1.536e-02  9.718e-01  
1.004e+00  4.437e-02  
9.904e-01  5.317e-02  
1.084e-01  7.512e-01  
7.445e-01  2.104e-01  
9.952e-01  2.107e-02  
1.008e-01  7.285e-01  
9.910e-01  2.982e-02  
9.815e-01  5.785e-02  
6.700e-01  1.953e-01  
2.678e-02  8.827e-01  
9.813e-01  8.529e-02  
9.838e-01  5.616e-02  
1.007e+00  2.137e-02  
9.838e-01  5.616e-02  
3.098e-01  4.993e-01  
6.424e-02  8.050e-01  
9.841e-01  6.860e-02  
4.655e-02  8.998e-01  
1.208e-01  6.833e-01  
5.099e-02  7.948e-01  
6.521e-01  2.086e-01  
9.795e-01  8.366e-02  
1.019e-01  7.089e-01  
6.784e-01  1.960e-01  
1.008e+00  1.839e-02  
2.568e-01  6.168e-01  
2.179e-01  5.708e-01  
2.883e-01  5.419e-01  
4.868e-01  3.594e-01  
9.861e-01  6.165e-02  
2.513e-02  9.051e-01  
2.032e-01  6.414e-01  
9.904e-01  5.317e-02  
6.784e-01  1.960e-01  
8.169e-02  8.149e-01  
9.932e-01  3.484e-02  
5.411e-01  3.494e-01  
3.427e-01  4.596e-01  
1.058e+00  3.357e-02  
6.523e-01  2.019e-01  
6.752e-01  1.964e-01  
3.154e-01  5.002e-01  
2.489e-01  5.865e-01  
9.167e-02  7.780e-01  
4.655e-02  8.998e-01  
1.882e-01  6.231e-01  
1.974e-01  6.024e-01  
4.820e-01  3.527e-01  
5.301e-01  3.545e-01  
3.488e-01  4.608e-01  
9.814e-01  1.358e-01  
3.227e-01  4.736e-01  
4.868e-01  3.594e-01  
9.832e-01  1.421e-01  
9.701e-02  7.423e-01  
6.700e-01  1.953e-01  
2.191e-01  6.110e-01  
3.730e-01  4.613e-01  
9.910e-01  2.982e-02  
3.569e-01  4.550e-01  
1.346e-01  6.629e-01  
2.883e-01  5.419e-01  
2.883e-01  5.419e-01  
4.932e-01  3.438e-01  
1.559e-01  6.510e-01  
3.307e-01  4.645e-01  
9.971e-01  2.179e-02  
6.784e-01  1.960e-01  
2.248e-01  5.749e-01  
1.008e+00  1.839e-02  
9.996e-02  7.059e-01  
5.411e-01  3.494e-01  
3.980e-01  4.677e-01  
1.384e-01  6.666e-01  
6.565e-01  2.011e-01  
9.932e-01  3.484e-02  
9.896e-01  3.754e-02  
4.456e-01  4.193e-01  
8.169e-02  8.149e-01  
4.043e-01  4.245e-01  
2.837e-01  4.954e-01  
2.037e-02  1.003e+00  
9.317e-02  7.162e-01  
4.882e-01  3.539e-01  
6.584e-01  2.188e-01  
4.932e-01  3.438e-01  
1.060e-02  9.729e-01  
1.536e-02  9.718e-01  
4.492e-01  4.241e-01  
4.347e-01  3.907e-01  
6.584e-01  2.188e-01  
1.339e-01  6.876e-01  
4.492e-01  4.241e-01  
