6.764e-02  1.068e+00  
1.094e+00  8.656e-02  
6.719e-01  6.710e-01  
9.777e-01  2.353e-01  
3.109e-01  1.007e+00  
8.165e-01  4.796e-01  
1.954e-01  1.048e+00  
5.234e-01  8.337e-01  
1.002e+00  1.728e-01  
1.064e+00  8.420e-02  
7.221e-02  1.063e+00  
8.089e-01  6.184e-01  
8.607e-01  4.101e-01  
4.702e-01  9.125e-01  
6.301e-01  8.022e-01  
9.734e-01  2.379e-01  
2.060e-01  1.036e+00  
2.183e-01  1.036e+00  
8.388e-01  4.620e-01  
9.864e-01  2.110e-01  
4.863e-01  9.056e-01  
7.076e-01  6.400e-01  
6.468e-01  7.258e-01  
1.038e+00  1.328e-01  
7.698e-01  6.113e-01  
1.082e+00  7.835e-02  
3.932e-01  9.584e-01  
6.429e-02  1.065e+00  
5.708e-01  8.166e-01  
5.644e-02  1.065e+00  
8.901e-01  3.824e-01  
9.700e-01  2.988e-01  
3.036e-01  1.056e+00  
9.990e-01  1.855e-01  
1.079e+00  8.566e-02  
6.429e-02  1.065e+00  
4.863e-01  9.056e-01  
2.042e-01  1.037e+00  
1.513e-01  1.057e+00  
8.154e-01  4.793e-01  
6.566e-01  7.062e-01  
9.184e-01  3.784e-01  
5.429e-01  8.234e-01  
3.549e-01  9.770e-01  
1.401e-01  1.071e+00  
9.903e-01  1.770e-01  
8.023e-01  5.573e-01  
1.079e+00  8.566e-02  
7.381e-01  6.287e-01  
3.184e-01  9.909e-01  
6.529e-01  7.157e-01  
5.124e-01  8.429e-01  
7.447e-02  1.067e+00  
8.565e-01  4.384e-01  
7.447e-02  1.067e+00  
6.906e-01  6.513e-01  
8.389e-01  4.510e-01  
1.085e+00  7.234e-02  
3.216e-01  9.928e-01  
1.008e+00  1.442e-01  
9.849e-01  2.167e-01  
5.741e-01  8.134e-01  
1.051e+00  1.234e-01  
9.799e-01  2.430e-01  
2.192e-01  1.035e+00  
9.726e-01  2.414e-01  
1.513e-01  1.057e+00  
9.456e-01  3.538e-01  
6.956e-01  6.491e-01  
7.119e-01  6.522e-01  
9.719e-01  2.500e-01  
3.284e-01  9.828e-01  
8.319e-01  4.515e-01  
5.076e-01  8.597e-01  
6.746e-01  6.728e-01  
2.000e-01  1.036e+00  
1.829e-01  1.042e+00  
9.990e-01  1.855e-01  
8.189e-01  4.697e-01  
1.029e+00  1.353e-01  
9.184e-01  3.784e-01  
4.853e-01  9.113e-01  
6.406e-01  7.424e-01  
8.062e-01  5.304e-01  
6.480e-01  7.209e-01  
8.673e-01  4.256e-01  
2.074e-01  1.036e+00  
5.728e-02  1.066e+00  
5.572e-01  8.195e-01  
8.129e-01  4.884e-01  
3.698e-01  9.648e-01  
9.749e-01  3.017e-01  
1.079e+00  8.566e-02  
5.644e-02  1.065e+00  
1.000e+00  1.620e-01  
4.688e-01  9.570e-01  
6.553e-01  7.122e-01  
8.492e-01  4.427e-01  
4.001e-01  9.577e-01  
6.719e-01  6.710e-01  
7.171e-02  1.067e+00  
1.997e-01  1.036e+00  
8.089e-01  6.184e-01  
1.709e-01  1.047e+00  
8.724e-01  4.081e-01  
1.005e+00  1.621e-01  
6.680e-02  1.066e+00  
6.830e-01  6.583e-01  
9.202e-01  3.681e-01  
9.719e-01  2.500e-01  
6.251e-01  8.048e-01  
3.109e-01  1.007e+00  
5.561e-01  8.179e-01  
5.741e-01  8.134e-01  
3.932e-01  9.584e-01  
1.029e+00  1.353e-01  
2.191e-01  1.036e+00  
9.874e-01  1.954e-01  
5.728e-02  1.066e+00  
1.000e+00  1.708e-01  
1.086e+00  7.422e-02  
3.184e-01  9.909e-01  
1.049e+00  9.948e-02  
2.191e-01  1.036e+00  
9.749e-01  3.017e-01  
5.644e-02  1.065e+00  
1.025e+00  1.373e-01  
5.561e-01  8.179e-01  
1.095e+00  7.968e-02  
4.928e-01  8.770e-01  
1.015e+00  1.534e-01  
2.059e-01  1.037e+00  
2.074e-01  1.036e+00  
1.349e-01  1.083e+00  
1.097e+00  7.849e-02  
1.000e+00  1.819e-01  
1.052e+00  1.137e-01  
3.394e-01  9.847e-01  
9.849e-01  2.167e-01  
3.511e-01  9.716e-01  
7.376e-02  1.066e+00  
8.389e-01  4.510e-01  
9.202e-01  3.681e-01  
5.933e-01  8.080e-01  
6.265e-01  8.062e-01  
6.746e-01  6.728e-01  
3.247e-01  1.051e+00  
8.151e-01  5.940e-01  
1.470e-01  1.117e+00  
4.090e-01  9.566e-01  
4.928e-01  8.770e-01  
9.732e-01  2.446e-01  
5.234e-01  8.337e-01  
6.529e-01  7.157e-01  
3.177e-01  9.965e-01  
8.492e-01  4.427e-01  
2.169e-01  1.035e+00  
3.394e-01  9.847e-01  
7.559e-01  6.168e-01  
8.212e-01  4.667e-01  
8.607e-01  4.101e-01  
4.853e-01  9.113e-01  
8.388e-01  4.620e-01  
2.074e-01  1.036e+00  
6.480e-01  7.209e-01  
5.652e-01  8.202e-01  
6.301e-01  8.022e-01  
8.153e-01  5.940e-01  
1.075e+00  8.227e-02  
8.340e-01  4.455e-01  
6.455e-01  7.882e-01  
8.212e-01  4.667e-01  
7.674e-02  1.067e+00  
8.121e-01  5.648e-01  
7.376e-02  1.066e+00  
8.189e-01  4.697e-01  
1.829e-01  1.042e+00  
6.745e-01  6.723e-01  
1.543e-01  1.058e+00  
7.559e-01  6.168e-01  
8.927e-01  3.811e-01  
5.561e-01  8.179e-01  
6.480e-01  7.209e-01  
6.406e-01  7.424e-01  
1.000e+00  1.819e-01  
9.787e-01  2.406e-01  
3.412e-01  9.792e-01  
6.406e-01  7.424e-01  
8.098e-01  5.948e-01  
5.741e-01  8.134e-01  
7.753e-01  6.106e-01  
8.224e-01  4.770e-01  
6.922e-01  6.597e-01  
6.505e-01  7.097e-01  
1.083e+00  8.932e-02  
9.749e-01  3.017e-01  
5.917e-01  8.149e-01  
9.246e-01  3.629e-01  
5.708e-01  8.166e-01  
2.051e-01  1.036e+00  
8.123e-01  4.994e-01  
4.338e-01  9.588e-01  
7.076e-01  6.400e-01  
1.005e+00  1.556e-01  
4.928e-01  8.770e-01  
8.589e-01  4.094e-01  
7.559e-01  6.168e-01  
7.328e-02  1.069e+00  
9.749e-01  2.339e-01  
7.312e-02  1.066e+00  
1.054e+00  1.132e-01  
8.738e-01  3.951e-01  
8.476e-01  4.290e-01  
3.165e-01  9.926e-01  
6.867e-01  6.570e-01  
1.075e+00  8.227e-02  
9.700e-01  2.988e-01  
9.246e-01  3.629e-01  
9.749e-01  3.017e-01  
1.470e-01  1.117e+00  
3.656e-01  9.758e-01  
1.979e-01  1.038e+00  
2.194e-01  1.036e+00  
8.729e-01  3.999e-01  
1.097e+00  7.849e-02  
3.216e-01  9.928e-01  
2.187e-01  1.037e+00  
2.183e-01  1.036e+00  
5.094e-01  8.675e-01  
5.728e-02  1.066e+00  
9.874e-01  1.954e-01  
1.008e+00  1.564e-01  
7.440e-02  1.070e+00  
5.590e-01  8.190e-01  
9.903e-01  1.770e-01  
9.733e-01  2.395e-01  
5.195e-01  8.382e-01  
7.171e-02  1.067e+00  
1.738e-01  1.048e+00  
8.924e-01  3.856e-01  
6.047e-02  1.066e+00  
5.644e-02  1.065e+00  
1.052e+00  1.137e-01  
2.110e-01  1.036e+00  
1.004e+00  1.624e-01  
9.991e-01  1.819e-01  
3.698e-01  9.648e-01  
1.029e+00  1.353e-01  
4.667e-01  9.620e-01  
7.213e-02  1.067e+00  
9.874e-01  1.954e-01  
1.005e+00  1.621e-01  
7.447e-02  1.067e+00  
9.801e-01  3.246e-01  
1.031e+00  1.153e-01  
1.088e+00  7.441e-02  
1.061e+00  7.881e-02  
1.094e+00  8.656e-02  
4.027e-01  9.545e-01  
1.095e+00  7.968e-02  
9.733e-01  2.395e-01  
9.732e-01  2.446e-01  
1.022e+00  1.353e-01  
7.171e-02  1.067e+00  
6.661e-01  6.779e-01  
9.849e-01  2.167e-01  
9.849e-01  2.167e-01  
9.777e-01  2.353e-01  
5.922e-02  1.067e+00  
4.688e-01  9.570e-01  
7.171e-02  1.067e+00  
3.412e-01  9.792e-01  
7.698e-01  6.113e-01  
5.590e-01  8.190e-01  
5.094e-01  8.675e-01  
9.777e-01  2.353e-01  
1.742e-01  1.043e+00  
1.979e-01  1.038e+00  
8.924e-01  3.856e-01  
7.376e-02  1.066e+00  
1.349e-01  1.083e+00  
3.549e-01  9.770e-01  
8.388e-01  4.620e-01  
9.777e-01  2.353e-01  
3.549e-01  9.770e-01  
7.171e-02  1.067e+00  
1.038e+00  1.328e-01  
2.060e-01  1.036e+00  
7.370e-02  1.067e+00  
2.183e-01  1.036e+00  
8.169e-01  4.796e-01  
7.698e-01  6.113e-01  
1.373e-01  1.120e+00  
9.184e-01  3.784e-01  
8.388e-01  4.620e-01  
6.406e-01  7.424e-01  
6.587e-01  6.891e-01  
3.932e-01  9.584e-01  
8.431e-01  4.337e-01  
6.661e-01  6.779e-01  
7.447e-02  1.067e+00  
6.251e-01  8.048e-01  
8.496e-01  4.291e-01  
7.698e-01  6.113e-01  
6.437e-01  7.262e-01  
8.098e-01  5.948e-01  
5.728e-02  1.066e+00  
6.251e-01  8.048e-01  
8.153e-01  5.940e-01  
6.746e-01  6.728e-01  
1.709e-01  1.047e+00  
3.766e-01  9.613e-01  
7.331e-01  6.335e-01  
9.787e-01  2.406e-01  
1.483e-01  1.064e+00  
7.119e-01  6.522e-01  
8.247e-01  4.649e-01  
8.440e-01  4.337e-01  
4.090e-01  9.566e-01  
8.174e-01  5.200e-01  
8.169e-01  4.796e-01  
8.189e-01  4.697e-01  
4.702e-01  9.125e-01  
1.023e+00  1.264e-01  
4.953e-01  8.882e-01  
2.192e-01  1.035e+00  
1.031e+00  1.153e-01  
8.924e-01  3.856e-01  
8.673e-01  4.256e-01  
1.709e-01  1.047e+00  
6.746e-01  6.728e-01  
6.505e-01  7.097e-01  
6.468e-01  7.258e-01  
2.183e-01  1.036e+00  
3.698e-01  9.648e-01  
5.708e-01  8.166e-01  
8.340e-01  4.455e-01  
1.005e+00  1.556e-01  
6.410e-01  7.410e-01  
3.659e-01  9.653e-01  
8.607e-01  4.101e-01  
3.549e-01  9.770e-01  
6.661e-01  6.779e-01  
8.673e-01  4.256e-01  
3.656e-01  9.758e-01  
9.865e-01  2.142e-01  
2.192e-01  1.035e+00  
8.592e-01  4.088e-01  
3.109e-01  1.007e+00  
6.661e-01  6.779e-01  
8.089e-01  6.184e-01  
3.177e-01  9.965e-01  
3.548e-01  9.702e-01  
1.022e+00  1.353e-01  
5.708e-01  8.166e-01  
5.741e-01  8.134e-01  
8.389e-01  4.510e-01  
5.539e-01  8.211e-01  
6.529e-01  7.157e-01  
6.410e-01  7.410e-01  
1.470e-01  1.117e+00  
6.719e-01  6.710e-01  
6.529e-01  7.157e-01  
5.728e-02  1.066e+00  
6.424e-01  7.665e-01  
5.094e-01  8.675e-01  
9.711e-01  2.569e-01  
9.184e-01  3.784e-01  
8.212e-01  4.667e-01  
8.729e-01  3.999e-01  
5.590e-01  8.190e-01  
5.024e-01  8.511e-01  
4.761e-01  9.146e-01  
8.061e-01  5.212e-01  
8.927e-01  3.811e-01  
8.153e-01  5.940e-01  
9.777e-01  2.353e-01  
3.656e-01  9.758e-01  
1.045e+00  1.102e-01  
1.513e-01  1.057e+00  
8.417e-01  4.322e-01  
8.121e-01  5.648e-01  
5.094e-01  8.675e-01  
8.146e-01  5.660e-01  
1.833e-01  1.041e+00  
7.753e-01  6.106e-01  
5.652e-01  8.202e-01  
7.753e-01  6.106e-01  
1.079e+00  8.566e-02  
8.924e-01  3.856e-01  
8.165e-01  4.796e-01  
1.483e-01  1.064e+00  
7.674e-02  1.067e+00  
5.008e-01  8.650e-01  
9.849e-01  2.167e-01  
6.265e-01  8.062e-01  
9.733e-01  2.395e-01  
6.047e-02  1.066e+00  
1.088e+00  7.820e-02  
7.698e-01  6.113e-01  
3.932e-01  9.584e-01  
9.719e-01  2.500e-01  
6.576e-02  1.065e+00  
9.991e-01  1.819e-01  
9.849e-01  2.167e-01  
7.356e-02  1.063e+00  
4.775e-01  9.014e-01  
6.480e-01  7.209e-01  
6.505e-01  7.097e-01  
1.012e+00  1.562e-01  
9.733e-01  2.395e-01  
2.187e-01  1.037e+00  
9.787e-01  2.406e-01  
9.719e-01  2.500e-01  
5.342e-01  8.338e-01  
7.132e-01  6.402e-01  
4.905e-01  8.671e-01  
6.529e-01  7.157e-01  
8.121e-01  5.648e-01  
3.036e-01  1.056e+00  
9.732e-01  2.446e-01  
3.659e-01  9.653e-01  
1.021e+00  1.439e-01  
5.195e-01  8.382e-01  
7.095e-01  6.532e-01  
6.358e-01  7.795e-01  
2.042e-01  1.037e+00  
1.979e-01  1.038e+00  
7.698e-01  6.113e-01  
8.389e-01  4.510e-01  
9.498e-01  3.492e-01  
5.561e-01  8.179e-01  
8.643e-01  4.025e-01  
8.607e-01  4.101e-01  
1.470e-01  1.117e+00  
9.749e-01  3.017e-01  
1.015e+00  1.534e-01  
1.768e-01  1.049e+00  
2.192e-01  1.035e+00  
5.234e-01  8.337e-01  
6.529e-01  7.157e-01  
3.109e-01  1.007e+00  
2.191e-01  1.036e+00  
5.652e-01  8.202e-01  
4.928e-01  8.770e-01  
7.559e-01  6.168e-01  
9.990e-01  1.855e-01  
7.406e-02  1.065e+00  
9.874e-01  1.954e-01  
6.669e-01  6.812e-01  
5.728e-02  1.066e+00  
2.051e-01  1.036e+00  
9.903e-01  1.770e-01  
3.754e-01  9.608e-01  
2.169e-01  1.035e+00  
4.875e-01  9.036e-01  
1.064e+00  8.420e-02  
1.012e+00  1.562e-01  
4.338e-01  9.588e-01  
1.095e+00  7.805e-02  
8.123e-01  4.994e-01  
4.688e-01  9.570e-01  
1.003e+00  1.659e-01  
3.109e-01  1.007e+00  
7.376e-02  1.066e+00  
1.061e+00  7.881e-02  
3.549e-01  9.770e-01  
2.187e-01  1.037e+00  
9.787e-01  2.406e-01  
1.052e+00  1.137e-01  
9.202e-01  3.681e-01  
1.005e+00  1.556e-01  
1.087e+00  8.672e-02  
2.192e-01  1.035e+00  
2.191e-01  1.036e+00  
9.738e-01  3.220e-01  
8.431e-01  4.337e-01  
1.079e+00  8.566e-02  
8.189e-01  4.697e-01  
9.801e-01  3.246e-01  
9.783e-01  2.312e-01  
1.051e+00  1.234e-01  
1.094e+00  8.656e-02  
6.429e-02  1.065e+00  
2.191e-01  1.036e+00  
9.719e-01  2.500e-01  
7.234e-02  1.074e+00  
1.000e+00  1.759e-01  
4.029e-01  9.539e-01  
7.213e-02  1.067e+00  
5.195e-01  8.382e-01  
1.470e-01  1.117e+00  
3.234e-01  9.895e-01  
6.429e-02  1.065e+00  
1.005e+00  1.556e-01  
1.005e+00  1.556e-01  
1.052e+00  1.137e-01  
7.447e-02  1.067e+00  
7.440e-02  1.070e+00  
1.015e+00  1.534e-01  
1.742e-01  1.043e+00  
1.038e+00  1.328e-01  
1.068e+00  8.331e-02  
1.073e+00  7.905e-02  
6.429e-02  1.065e+00  
1.073e+00  7.905e-02  
6.315e-02  1.067e+00  
1.094e+00  8.656e-02  
1.075e+00  8.227e-02  
1.349e-01  1.083e+00  
9.717e-01  2.574e-01  
1.095e+00  7.968e-02  
1.829e-01  1.042e+00  
1.061e+00  7.881e-02  
1.025e+00  1.373e-01  
9.786e-01  2.262e-01  
6.429e-02  1.065e+00  
1.004e+00  1.624e-01  
1.051e+00  1.234e-01  
1.052e+00  1.137e-01  
1.021e+00  1.439e-01  
5.234e-01  8.337e-01  
1.931e-01  1.038e+00  
1.094e+00  8.656e-02  
7.581e-02  1.068e+00  
1.987e-01  1.038e+00  
7.674e-02  1.067e+00  
9.456e-01  3.538e-01  
1.008e+00  1.564e-01  
1.829e-01  1.042e+00  
1.000e+00  1.620e-01  
1.071e+00  7.279e-02  
3.698e-01  9.648e-01  
4.338e-01  9.588e-01  
5.933e-01  8.080e-01  
8.165e-01  4.796e-01  
1.015e+00  1.534e-01  
7.447e-02  1.067e+00  
3.412e-01  9.792e-01  
1.029e+00  1.353e-01  
9.786e-01  2.262e-01  
6.737e-02  1.065e+00  
1.068e+00  8.331e-02  
8.592e-01  4.088e-01  
6.251e-01  8.048e-01  
1.095e+00  7.968e-02  
9.738e-01  3.220e-01  
9.749e-01  3.017e-01  
5.429e-01  8.234e-01  
4.702e-01  9.125e-01  
7.318e-02  1.065e+00  
6.730e-02  1.066e+00  
3.199e-01  9.955e-01  
3.247e-01  1.051e+00  
7.381e-01  6.287e-01  
8.023e-01  5.573e-01  
6.251e-01  8.048e-01  
9.961e-01  1.950e-01  
5.561e-01  8.179e-01  
8.023e-01  5.573e-01  
1.015e+00  1.534e-01  
1.470e-01  1.117e+00  
9.732e-01  2.446e-01  
4.928e-01  8.770e-01  
4.953e-01  8.882e-01  
1.079e+00  8.566e-02  
6.301e-01  8.022e-01  
2.059e-01  1.037e+00  
4.928e-01  8.770e-01  
5.195e-01  8.382e-01  
8.389e-01  4.510e-01  
1.709e-01  1.047e+00  
6.389e-01  7.427e-01  
1.071e+00  7.279e-02  
9.777e-01  2.353e-01  
3.412e-01  9.792e-01  
1.085e+00  7.234e-02  
1.709e-01  1.047e+00  
8.673e-01  4.256e-01  
6.587e-01  6.891e-01  
2.060e-01  1.036e+00  
8.673e-01  4.256e-01  
1.049e+00  9.948e-02  
1.087e+00  8.672e-02  
6.830e-01  6.583e-01  
7.209e-02  1.065e+00  
7.119e-01  6.522e-01  
4.866e-01  8.700e-01  
6.059e-02  1.070e+00  
1.709e-01  1.047e+00  
8.089e-01  6.184e-01  
9.700e-01  2.988e-01  
8.274e-01  4.506e-01  
7.376e-02  1.066e+00  
5.830e-02  1.073e+00  
6.867e-01  6.570e-01  
7.076e-01  6.400e-01  
9.990e-01  1.855e-01  
1.401e-01  1.071e+00  
6.830e-01  6.583e-01  
