2.986e-02  9.471e-01  
9.944e-01  1.910e-02  
3.703e-01  4.497e-01  
6.540e-01  2.145e-01  
2.015e-01  5.831e-01  
4.960e-01  3.484e-01  
1.086e-01  7.516e-01  
3.178e-01  4.688e-01  
8.992e-01  1.424e-01  
9.475e-01  7.489e-02  
6.156e-02  8.740e-01  
4.532e-01  3.752e-01  
5.337e-01  3.590e-01  
2.325e-01  5.678e-01  
3.364e-01  4.451e-01  
7.595e-01  1.860e-01  
1.249e-01  7.639e-01  
1.327e-01  7.451e-01  
5.457e-01  3.139e-01  
7.903e-01  1.823e-01  
2.163e-01  5.681e-01  
4.340e-01  4.058e-01  
3.773e-01  4.342e-01  
9.131e-01  9.984e-02  
4.960e-01  3.484e-01  
9.747e-01  5.920e-02  
2.022e-01  5.791e-01  
3.364e-02  9.238e-01  
3.241e-01  4.696e-01  
7.014e-02  8.077e-01  
6.368e-01  2.570e-01  
7.451e-01  2.167e-01  
1.763e-01  6.366e-01  
7.572e-01  1.986e-01  
9.735e-01  3.531e-02  
4.110e-02  9.417e-01  
2.718e-01  5.655e-01  
1.249e-01  7.639e-01  
1.078e-01  7.696e-01  
5.095e-01  3.239e-01  
3.318e-01  4.430e-01  
5.364e-01  3.290e-01  
3.464e-01  4.682e-01  
2.277e-01  5.727e-01  
1.448e-01  6.798e-01  
6.407e-01  2.417e-01  
5.159e-01  3.202e-01  
9.498e-01  6.278e-02  
4.865e-01  3.322e-01  
2.325e-01  5.678e-01  
3.703e-01  4.497e-01  
2.217e-01  5.620e-01  
3.737e-02  1.025e+00  
5.981e-01  2.815e-01  
6.836e-02  8.096e-01  
4.340e-01  4.058e-01  
5.899e-01  2.735e-01  
1.013e+00  2.462e-02  
1.928e-01  6.003e-01  
9.360e-01  1.187e-01  
8.078e-01  1.452e-01  
3.241e-01  4.696e-01  
7.675e-01  1.666e-01  
7.489e-01  1.866e-01  
1.684e-01  6.587e-01  
7.551e-01  1.725e-01  
7.134e-02  8.532e-01  
6.306e-01  2.467e-01  
3.982e-01  4.140e-01  
4.285e-01  4.043e-01  
7.515e-01  1.843e-01  
2.151e-01  5.889e-01  
5.790e-01  3.221e-01  
3.178e-01  4.688e-01  
3.819e-01  4.222e-01  
1.386e-01  6.831e-01  
1.249e-01  7.639e-01  
7.242e-01  1.981e-01  
5.337e-01  3.590e-01  
9.725e-01  5.012e-02  
5.257e-01  3.222e-01  
2.362e-01  5.583e-01  
3.600e-01  4.385e-01  
4.960e-01  3.466e-01  
3.522e-01  4.474e-01  
5.364e-01  3.290e-01  
1.499e-01  6.904e-01  
3.794e-02  8.705e-01  
3.341e-01  4.776e-01  
4.865e-01  3.322e-01  
2.021e-01  5.831e-01  
6.651e-01  2.414e-01  
9.762e-01  4.469e-02  
4.132e-02  9.740e-01  
8.049e-01  1.709e-01  
2.298e-01  5.765e-01  
3.657e-01  4.718e-01  
5.899e-01  2.735e-01  
2.720e-01  5.769e-01  
4.285e-01  4.043e-01  
7.101e-02  8.217e-01  
1.121e-01  7.860e-01  
4.960e-01  3.466e-01  
9.893e-02  7.569e-01  
5.899e-01  2.735e-01  
7.965e-01  1.455e-01  
4.342e-02  9.273e-01  
3.988e-01  4.092e-01  
6.470e-01  2.637e-01  
6.540e-01  2.145e-01  
3.465e-01  4.494e-01  
1.562e-01  6.641e-01  
2.325e-01  5.678e-01  
3.464e-01  4.682e-01  
2.270e-01  5.676e-01  
9.183e-01  9.675e-02  
1.562e-01  6.641e-01  
7.773e-01  1.609e-01  
7.180e-02  8.164e-01  
9.278e-01  1.218e-01  
9.763e-01  3.517e-02  
1.997e-01  5.981e-01  
9.498e-01  6.278e-02  
1.684e-01  6.587e-01  
6.610e-01  2.245e-01  
3.149e-02  9.520e-01  
9.705e-01  7.166e-02  
3.178e-01  4.688e-01  
9.705e-01  7.166e-02  
3.241e-01  4.696e-01  
9.461e-01  9.922e-02  
1.238e-01  7.223e-01  
1.249e-01  7.639e-01  
7.180e-02  8.164e-01  
1.038e+00  3.187e-02  
7.773e-01  1.609e-01  
9.899e-01  2.034e-02  
2.260e-01  6.233e-01  
7.489e-01  1.866e-01  
2.015e-01  5.831e-01  
2.923e-02  9.670e-01  
5.696e-01  2.903e-01  
6.306e-01  2.467e-01  
3.264e-01  5.110e-01  
3.496e-01  4.542e-01  
3.819e-01  4.222e-01  
2.171e-01  6.465e-01  
5.190e-01  3.601e-01  
1.118e-01  7.422e-01  
2.149e-01  5.681e-01  
2.523e-01  5.650e-01  
7.572e-01  1.986e-01  
3.249e-01  4.896e-01  
4.459e-01  3.873e-01  
1.562e-01  6.641e-01  
5.590e-01  3.050e-01  
1.544e-01  6.773e-01  
2.325e-01  5.678e-01  
4.960e-01  3.466e-01  
5.516e-01  3.502e-01  
6.526e-01  2.427e-01  
2.014e-01  5.878e-01  
5.257e-01  3.222e-01  
1.587e-01  6.762e-01  
3.657e-01  4.718e-01  
3.241e-01  4.696e-01  
3.522e-01  4.474e-01  
4.865e-01  3.322e-01  
9.730e-01  5.236e-02  
5.337e-01  3.590e-01  
3.932e-01  4.164e-01  
5.590e-01  3.050e-01  
2.918e-02  9.435e-01  
4.501e-01  4.281e-01  
4.342e-02  9.273e-01  
4.960e-01  3.484e-01  
1.078e-01  7.696e-01  
3.993e-01  4.337e-01  
1.121e-01  7.860e-01  
4.459e-01  3.873e-01  
6.618e-01  2.732e-01  
2.163e-01  5.681e-01  
3.773e-01  4.342e-01  
3.573e-01  4.504e-01  
7.965e-01  1.455e-01  
7.489e-01  1.866e-01  
2.151e-01  5.889e-01  
3.386e-01  4.600e-01  
5.440e-01  3.601e-01  
3.241e-01  4.696e-01  
3.657e-01  4.718e-01  
4.960e-01  3.466e-01  
4.125e-01  4.188e-01  
3.793e-01  4.265e-01  
9.702e-01  4.751e-02  
7.434e-01  2.207e-01  
3.341e-01  4.776e-01  
6.606e-01  2.379e-01  
3.172e-01  4.749e-01  
1.086e-01  7.516e-01  
5.590e-01  3.050e-01  
2.149e-01  5.681e-01  
3.982e-01  4.140e-01  
9.352e-01  1.189e-01  
2.720e-01  5.769e-01  
5.883e-01  2.696e-01  
4.865e-01  3.322e-01  
7.180e-02  8.164e-01  
7.623e-01  1.609e-01  
4.327e-02  9.886e-01  
9.418e-01  7.400e-02  
5.794e-01  2.659e-01  
5.594e-01  3.055e-01  
2.161e-01  6.419e-01  
4.217e-01  4.022e-01  
9.680e-01  6.841e-02  
7.242e-01  1.981e-01  
6.418e-01  2.308e-01  
7.242e-01  1.981e-01  
8.447e-02  7.840e-01  
2.067e-01  5.840e-01  
1.684e-01  6.587e-01  
1.544e-01  6.773e-01  
6.800e-01  2.338e-01  
9.848e-01  3.584e-02  
2.014e-01  5.878e-01  
1.587e-01  6.762e-01  
1.684e-01  6.587e-01  
2.149e-01  5.681e-01  
6.539e-02  9.248e-01  
7.708e-01  1.584e-01  
9.747e-01  5.920e-02  
5.749e-02  8.940e-01  
3.386e-01  4.600e-01  
7.572e-01  1.986e-01  
7.242e-01  1.981e-01  
3.172e-01  4.749e-01  
6.539e-02  9.248e-01  
9.796e-02  7.686e-01  
6.147e-01  2.837e-01  
6.096e-02  9.890e-01  
7.101e-02  8.217e-01  
9.461e-01  9.922e-02  
1.638e-01  6.909e-01  
8.867e-01  1.464e-01  
7.548e-01  1.622e-01  
2.151e-01  5.889e-01  
9.406e-01  7.195e-02  
2.217e-01  5.620e-01  
2.986e-02  9.471e-01  
8.209e-01  1.462e-01  
9.131e-01  9.984e-02  
5.153e-02  8.397e-01  
6.610e-01  2.245e-01  
9.183e-01  9.675e-02  
1.003e+00  1.892e-02  
9.735e-01  3.531e-02  
9.859e-01  2.417e-02  
2.372e-01  5.617e-01  
9.787e-01  3.334e-02  
7.164e-01  2.258e-01  
7.489e-01  1.866e-01  
7.827e-01  1.487e-01  
2.709e-02  8.976e-01  
4.501e-01  4.281e-01  
9.183e-01  9.675e-02  
7.799e-01  1.684e-01  
7.562e-01  2.037e-01  
5.749e-02  8.940e-01  
2.230e-01  5.603e-01  
7.180e-02  8.164e-01  
2.015e-01  5.831e-01  
4.275e-01  4.075e-01  
3.350e-01  4.988e-01  
3.446e-01  4.494e-01  
7.599e-01  1.633e-01  
3.794e-02  8.705e-01  
1.828e-01  6.251e-01  
6.318e-01  2.310e-01  
6.088e-02  8.267e-01  
7.180e-02  8.164e-01  
2.325e-01  5.678e-01  
5.590e-01  3.050e-01  
6.407e-01  2.417e-01  
2.151e-01  5.889e-01  
2.923e-02  9.670e-01  
9.747e-01  5.920e-02  
1.249e-01  7.639e-01  
4.110e-02  9.417e-01  
1.386e-01  6.831e-01  
5.261e-01  3.222e-01  
4.754e-01  3.608e-01  
6.539e-02  9.248e-01  
5.899e-01  2.735e-01  
5.762e-01  2.947e-01  
3.386e-01  4.600e-01  
3.621e-01  4.289e-01  
2.362e-01  5.583e-01  
5.718e-01  2.808e-01  
3.657e-01  4.718e-01  
2.986e-02  9.471e-01  
3.417e-01  4.597e-01  
6.606e-01  2.379e-01  
4.915e-01  3.546e-01  
3.757e-01  4.352e-01  
4.994e-01  3.998e-01  
3.794e-02  8.705e-01  
3.573e-01  4.504e-01  
5.066e-01  3.398e-01  
3.803e-01  4.199e-01  
1.327e-01  7.451e-01  
2.270e-01  5.676e-01  
4.125e-01  4.188e-01  
7.489e-01  1.866e-01  
1.121e-01  7.860e-01  
4.895e-01  3.366e-01  
5.590e-01  3.050e-01  
5.364e-01  3.290e-01  
2.217e-01  5.620e-01  
5.257e-01  3.222e-01  
5.219e-01  3.226e-01  
5.457e-01  3.139e-01  
2.967e-01  5.657e-01  
8.948e-01  1.305e-01  
1.989e-01  6.171e-01  
1.365e-01  7.717e-01  
9.461e-01  9.922e-02  
6.618e-01  2.732e-01  
6.407e-01  2.412e-01  
1.174e-01  7.287e-01  
3.803e-01  4.199e-01  
3.703e-01  4.497e-01  
3.446e-01  4.368e-01  
1.883e-01  7.312e-01  
2.217e-01  5.620e-01  
3.573e-01  4.504e-01  
5.441e-01  3.511e-01  
9.400e-01  1.192e-01  
3.386e-01  4.600e-01  
2.192e-01  5.755e-01  
6.456e-01  2.470e-01  
2.362e-01  5.583e-01  
4.340e-01  4.058e-01  
5.590e-01  3.050e-01  
2.022e-01  5.791e-01  
8.078e-01  1.452e-01  
1.525e-01  6.578e-01  
4.960e-01  3.466e-01  
1.831e-01  6.114e-01  
3.988e-01  4.092e-01  
4.919e-01  3.781e-01  
1.684e-01  6.587e-01  
2.015e-01  5.831e-01  
8.049e-01  1.709e-01  
3.522e-01  4.474e-01  
3.364e-01  4.632e-01  
5.899e-01  2.735e-01  
3.417e-01  4.597e-01  
3.386e-01  4.600e-01  
3.475e-01  4.347e-01  
7.180e-02  8.164e-01  
3.803e-01  4.199e-01  
3.834e-01  4.132e-01  
3.794e-02  8.705e-01  
3.364e-01  4.451e-01  
3.039e-01  4.710e-01  
7.540e-01  1.669e-01  
5.364e-01  3.290e-01  
4.915e-01  3.546e-01  
6.364e-01  2.614e-01  
3.293e-01  4.550e-01  
3.164e-01  5.251e-01  
2.523e-01  5.650e-01  
4.960e-01  3.484e-01  
6.360e-01  2.627e-01  
4.915e-01  3.546e-01  
7.903e-01  1.823e-01  
2.030e-01  5.779e-01  
9.165e-01  8.235e-02  
6.539e-02  9.248e-01  
5.546e-01  2.986e-01  
5.159e-01  3.202e-01  
3.249e-01  4.896e-01  
5.257e-01  3.222e-01  
1.100e-01  7.378e-01  
4.125e-01  4.188e-01  
3.178e-01  4.688e-01  
4.994e-01  3.998e-01  
9.406e-01  7.195e-02  
6.304e-01  2.414e-01  
4.975e-01  3.201e-01  
1.544e-01  6.773e-01  
2.923e-02  9.670e-01  
1.987e-01  5.990e-01  
7.720e-01  1.564e-01  
3.386e-01  4.600e-01  
7.623e-01  1.609e-01  
4.327e-02  9.886e-01  
1.038e+00  3.187e-02  
4.915e-01  3.546e-01  
2.163e-01  5.681e-01  
7.502e-01  2.563e-01  
4.342e-02  9.273e-01  
9.400e-01  1.192e-01  
7.569e-01  1.594e-01  
7.681e-02  7.898e-01  
2.163e-01  5.681e-01  
3.446e-01  4.494e-01  
3.819e-01  4.222e-01  
9.747e-01  5.920e-02  
7.551e-01  1.725e-01  
1.638e-01  6.909e-01  
6.540e-01  2.145e-01  
7.242e-01  1.981e-01  
3.341e-01  4.776e-01  
4.276e-01  3.954e-01  
2.152e-01  5.722e-01  
4.501e-01  4.281e-01  
4.975e-01  3.201e-01  
2.151e-01  5.889e-01  
6.610e-01  2.245e-01  
2.067e-01  5.840e-01  
9.261e-01  8.627e-02  
3.464e-01  4.682e-01  
4.459e-01  3.873e-01  
3.573e-01  4.504e-01  
1.562e-01  6.641e-01  
1.798e-01  6.368e-01  
4.459e-01  3.873e-01  
6.606e-01  2.379e-01  
6.800e-01  2.338e-01  
3.249e-01  4.896e-01  
5.981e-01  2.815e-01  
6.306e-01  2.467e-01  
5.907e-02  8.196e-01  
6.456e-01  2.470e-01  
9.461e-01  9.922e-02  
1.883e-01  7.312e-01  
1.364e-01  6.912e-01  
3.183e-01  5.204e-01  
3.417e-01  4.597e-01  
2.014e-01  5.878e-01  
1.943e-01  6.697e-01  
3.160e-01  4.806e-01  
2.308e-01  5.584e-01  
4.459e-01  3.873e-01  
6.610e-01  2.245e-01  
7.134e-02  8.532e-01  
8.017e-01  1.843e-01  
3.477e-01  4.341e-01  
7.585e-02  8.448e-01  
1.355e-01  6.909e-01  
6.610e-01  2.245e-01  
2.325e-01  5.678e-01  
1.525e-01  6.578e-01  
2.720e-01  5.769e-01  
9.725e-01  5.012e-02  
9.131e-01  9.984e-02  
2.523e-01  5.650e-01  
9.848e-01  3.584e-02  
5.203e-01  3.410e-01  
2.523e-01  5.650e-01  
8.948e-01  1.305e-01  
2.171e-01  6.465e-01  
3.794e-02  8.705e-01  
1.003e+00  1.892e-02  
2.014e-01  5.878e-01  
1.305e-01  7.462e-01  
7.485e-01  2.345e-01  
9.747e-01  5.920e-02  
6.606e-01  2.379e-01  
8.049e-01  1.709e-01  
9.814e-01  4.603e-02  
1.544e-01  6.773e-01  
1.684e-01  6.587e-01  
7.572e-01  1.986e-01  
5.899e-01  2.735e-01  
9.757e-01  4.846e-02  
5.257e-01  3.222e-01  
6.793e-01  2.199e-01  
7.551e-01  1.725e-01  
9.498e-01  6.278e-02  
9.848e-01  3.584e-02  
5.029e-02  8.304e-01  
1.327e-01  7.451e-01  
7.572e-01  1.986e-01  
8.718e-02  8.311e-01  
8.049e-01  1.709e-01  
2.014e-01  5.878e-01  
5.907e-02  8.196e-01  
3.341e-01  4.776e-01  
1.243e-01  8.296e-01  
1.997e-01  5.981e-01  
4.327e-02  9.886e-01  
9.400e-01  1.331e-01  
9.705e-01  7.166e-02  
9.813e-01  3.275e-02  
6.156e-02  8.740e-01  
2.552e-02  9.684e-01  
8.017e-01  1.843e-01  
1.118e-01  7.422e-01  
9.705e-01  7.166e-02  
9.814e-01  4.603e-02  
9.747e-01  5.920e-02  
2.923e-02  9.670e-01  
9.848e-01  3.584e-02  
3.737e-02  1.025e+00  
9.814e-01  4.603e-02  
9.475e-01  7.489e-02  
1.139e-01  7.736e-01  
7.551e-01  1.725e-01  
1.003e+00  1.892e-02  
1.249e-01  7.639e-01  
9.835e-01  4.342e-02  
9.418e-01  7.400e-02  
7.540e-01  1.669e-01  
2.923e-02  9.670e-01  
9.400e-01  1.192e-01  
9.705e-01  7.166e-02  
9.870e-01  2.819e-02  
9.730e-01  5.236e-02  
3.143e-01  4.901e-01  
1.100e-01  7.378e-01  
9.406e-01  7.195e-02  
5.749e-02  8.940e-01  
1.305e-01  7.462e-01  
6.539e-02  9.248e-01  
7.103e-01  2.561e-01  
7.965e-01  1.455e-01  
1.121e-01  7.860e-01  
7.489e-01  1.866e-01  
1.038e+00  3.187e-02  
2.149e-01  5.681e-01  
2.163e-01  5.681e-01  
3.464e-01  4.682e-01  
4.865e-01  3.322e-01  
9.400e-01  1.192e-01  
3.006e-02  8.638e-01  
1.964e-01  6.110e-01  
9.680e-01  6.841e-02  
7.773e-01  1.609e-01  
3.794e-02  8.705e-01  
9.735e-01  3.531e-02  
4.960e-01  3.466e-01  
3.567e-01  4.553e-01  
1.015e+00  2.502e-02  
6.556e-01  2.103e-01  
7.309e-01  2.101e-01  
3.160e-01  4.806e-01  
2.217e-01  5.620e-01  
6.618e-02  8.728e-01  
6.539e-02  9.248e-01  
1.964e-01  6.110e-01  
2.067e-01  5.840e-01  
4.994e-01  3.998e-01  
4.960e-01  3.484e-01  
3.417e-01  4.597e-01  
7.675e-01  1.666e-01  
3.341e-01  4.776e-01  
5.216e-01  3.507e-01  
8.049e-01  1.709e-01  
9.796e-02  7.686e-01  
7.242e-01  1.981e-01  
1.989e-01  6.171e-01  
3.069e-01  5.205e-01  
9.835e-01  4.342e-02  
3.293e-01  4.439e-01  
1.562e-01  6.641e-01  
2.270e-01  5.676e-01  
3.464e-01  4.682e-01  
5.457e-01  3.139e-01  
1.558e-01  6.698e-01  
3.491e-01  4.406e-01  
9.816e-01  3.452e-02  
7.903e-01  1.823e-01  
2.218e-01  5.635e-01  
9.848e-01  3.584e-02  
1.365e-01  6.809e-01  
5.227e-01  3.293e-01  
3.657e-01  4.718e-01  
1.544e-01  6.773e-01  
5.718e-01  2.808e-01  
9.406e-01  7.195e-02  
9.835e-01  4.342e-02  
4.125e-01  4.188e-01  
7.101e-02  8.217e-01  
4.085e-01  4.095e-01  
2.270e-01  5.676e-01  
2.923e-02  9.670e-01  
1.118e-01  7.422e-01  
4.895e-01  3.366e-01  
6.540e-01  2.145e-01  
5.261e-01  3.222e-01  
4.132e-02  9.740e-01  
3.737e-02  1.025e+00  
4.501e-01  4.281e-01  
4.340e-01  4.058e-01  
6.525e-01  2.415e-01  
1.558e-01  6.698e-01  
3.773e-01  4.342e-01  
