1.945e-04  1.409e+00  
1.000e+00  4.054e-13  
4.767e-01  4.687e-01  
6.733e-01  2.194e-01  
1.854e-01  6.327e-01  
5.635e-01  3.423e-01  
1.389e-01  9.482e-01  
3.167e-01  4.871e-01  
9.293e-01  6.595e-02  
9.658e-01  3.534e-02  
4.743e-04  1.000e+00  
5.799e-01  3.249e-01  
6.249e-01  2.589e-01  
2.572e-01  5.502e-01  
3.579e-01  4.846e-01  
7.572e-01  1.687e-01  
1.724e-01  8.435e-01  
1.653e-01  8.553e-01  
5.808e-01  2.979e-01  
8.006e-01  1.345e-01  
2.989e-01  5.380e-01  
4.767e-01  4.687e-01  
3.933e-01  4.523e-01  
9.726e-01  3.850e-02  
5.161e-01  3.407e-01  
9.835e-01  2.402e-02  
2.389e-01  6.105e-01  
4.125e-03  1.000e+00  
3.373e-01  4.686e-01  
2.994e-03  1.000e+00  
6.556e-01  2.719e-01  
7.299e-01  1.932e-01  
1.806e-01  6.634e-01  
7.211e-01  1.846e-01  
1.007e+00  2.409e-02  
1.112e-03  1.000e+00  
2.759e-01  5.890e-01  
3.185e-06  1.000e+00  
3.185e-06  1.000e+00  
5.818e-01  3.290e-01  
3.673e-01  4.910e-01  
5.185e-01  3.306e-01  
3.167e-01  4.871e-01  
2.522e-01  5.962e-01  
1.642e-01  7.775e-01  
6.872e-01  2.441e-01  
5.185e-01  3.306e-01  
9.296e-01  6.892e-02  
4.768e-01  4.085e-01  
1.811e-01  6.419e-01  
4.252e-01  4.742e-01  
3.235e-01  5.577e-01  
1.112e-03  1.000e+00  
5.823e-01  2.865e-01  
2.538e-02  1.000e+00  
4.316e-01  4.348e-01  
6.346e-01  2.530e-01  
9.934e-01  5.042e-03  
1.811e-01  6.419e-01  
9.659e-01  4.895e-02  
8.231e-01  1.306e-01  
3.373e-01  4.686e-01  
8.205e-01  1.586e-01  
7.085e-01  2.123e-01  
1.881e-01  8.008e-01  
7.556e-01  1.608e-01  
4.935e-04  1.000e+00  
7.056e-01  2.516e-01  
4.645e-01  4.112e-01  
5.818e-01  3.290e-01  
6.981e-01  2.014e-01  
1.961e-01  6.600e-01  
5.734e-01  2.819e-01  
2.758e-01  5.188e-01  
3.961e-01  4.520e-01  
1.642e-01  7.775e-01  
8.322e-04  1.000e+00  
7.571e-01  1.818e-01  
5.291e-01  3.053e-01  
9.659e-01  4.895e-02  
5.291e-01  3.053e-01  
2.965e-01  5.312e-01  
4.252e-01  4.742e-01  
5.185e-01  3.306e-01  
3.654e-01  4.554e-01  
5.362e-01  3.402e-01  
1.642e-01  7.775e-01  
6.390e-07  1.000e+00  
3.462e-01  5.299e-01  
5.202e-01  3.437e-01  
1.854e-01  6.327e-01  
7.056e-01  2.516e-01  
9.764e-01  5.283e-02  
3.790e-02  1.000e+00  
8.178e-01  1.176e-01  
2.528e-01  5.668e-01  
4.083e-01  4.521e-01  
5.808e-01  2.979e-01  
2.415e-01  5.597e-01  
4.457e-01  4.003e-01  
2.641e-05  1.000e+00  
1.482e-01  9.038e-01  
4.856e-01  4.031e-01  
2.994e-03  1.000e+00  
6.122e-01  2.726e-01  
8.178e-01  1.176e-01  
4.125e-03  1.000e+00  
4.813e-01  4.088e-01  
6.777e-01  2.534e-01  
7.146e-01  2.117e-01  
3.358e-01  4.717e-01  
2.075e-01  6.606e-01  
2.758e-01  5.188e-01  
3.798e-01  5.967e-01  
2.389e-01  6.105e-01  
9.057e-01  7.975e-02  
1.881e-01  8.008e-01  
8.205e-01  1.586e-01  
3.753e-03  1.000e+00  
9.293e-01  6.595e-02  
1.000e+00  4.054e-13  
1.938e-01  6.770e-01  
9.764e-01  5.283e-02  
1.921e-01  6.877e-01  
7.326e-01  2.021e-01  
6.390e-07  1.000e+00  
9.293e-01  6.595e-02  
3.356e-01  5.419e-01  
1.010e+00  3.057e-15  
3.235e-01  5.577e-01  
9.057e-01  7.975e-02  
1.593e-01  9.384e-01  
1.881e-01  8.008e-01  
4.654e-03  1.000e+00  
9.922e-01  1.403e-02  
8.485e-01  1.262e-01  
9.934e-01  9.325e-03  
2.486e-01  6.149e-01  
7.732e-01  1.621e-01  
2.031e-01  6.632e-01  
3.790e-02  1.000e+00  
5.808e-01  2.979e-01  
6.923e-01  2.520e-01  
2.965e-01  5.312e-01  
3.492e-01  4.691e-01  
4.316e-01  4.348e-01  
1.938e-01  6.770e-01  
5.818e-01  3.290e-01  
2.988e-06  1.000e+00  
2.505e-01  5.865e-01  
2.989e-01  5.380e-01  
7.557e-01  2.076e-01  
3.428e-01  5.767e-01  
4.813e-01  4.088e-01  
2.075e-01  6.606e-01  
5.835e-01  2.888e-01  
1.738e-01  8.277e-01  
2.272e-01  6.221e-01  
5.608e-01  4.562e-01  
5.808e-01  2.979e-01  
6.556e-01  2.719e-01  
2.486e-01  6.149e-01  
5.528e-01  3.038e-01  
1.714e-01  7.755e-01  
3.765e-01  4.489e-01  
2.758e-01  5.188e-01  
3.673e-01  4.910e-01  
5.362e-01  3.402e-01  
9.651e-01  3.626e-02  
5.177e-01  3.437e-01  
4.236e-01  3.973e-01  
6.061e-01  3.068e-01  
6.689e-05  1.000e+00  
5.540e-01  3.976e-01  
2.228e-04  1.000e+00  
5.161e-01  3.407e-01  
1.682e-03  1.000e+00  
4.252e-01  4.742e-01  
4.935e-04  1.000e+00  
5.818e-01  3.290e-01  
7.056e-01  2.516e-01  
2.522e-01  5.962e-01  
3.765e-01  4.489e-01  
3.732e-01  4.636e-01  
8.006e-01  1.345e-01  
8.027e-01  1.446e-01  
2.272e-01  6.221e-01  
3.905e-01  4.752e-01  
5.161e-01  3.407e-01  
3.381e-01  4.688e-01  
4.874e-01  3.897e-01  
5.469e-01  3.379e-01  
4.210e-01  4.066e-01  
3.984e-01  4.626e-01  
9.856e-01  5.157e-02  
7.735e-01  2.123e-01  
3.358e-01  4.717e-01  
6.346e-01  2.530e-01  
3.541e-01  5.059e-01  
1.724e-01  8.435e-01  
5.818e-01  3.290e-01  
2.241e-01  6.707e-01  
4.716e-01  3.864e-01  
9.057e-01  7.975e-02  
3.130e-01  5.439e-01  
6.122e-01  2.726e-01  
5.157e-01  3.842e-01  
4.743e-04  1.000e+00  
7.556e-01  1.608e-01  
2.228e-04  1.000e+00  
9.106e-01  6.852e-02  
6.168e-01  2.581e-01  
6.346e-01  2.530e-01  
1.811e-01  6.419e-01  
4.711e-01  4.032e-01  
9.726e-01  3.850e-02  
7.211e-01  1.846e-01  
6.752e-01  2.157e-01  
7.268e-01  2.231e-01  
2.994e-03  1.000e+00  
1.908e-01  6.194e-01  
1.854e-01  6.327e-01  
1.696e-01  7.757e-01  
6.681e-01  2.174e-01  
9.764e-01  5.283e-02  
2.031e-01  6.632e-01  
1.789e-01  8.012e-01  
1.941e-01  7.344e-01  
2.759e-01  5.890e-01  
2.133e-03  1.000e+00  
7.915e-01  1.319e-01  
9.497e-01  4.849e-02  
2.075e-03  1.000e+00  
3.522e-01  5.175e-01  
7.069e-01  2.207e-01  
7.516e-01  1.741e-01  
3.405e-01  5.450e-01  
3.185e-06  1.000e+00  
9.839e-03  1.000e+00  
6.327e-01  2.828e-01  
3.185e-06  1.000e+00  
9.839e-03  1.000e+00  
9.288e-01  6.738e-02  
1.855e-01  6.689e-01  
8.178e-01  1.176e-01  
7.901e-01  1.565e-01  
2.389e-01  6.105e-01  
9.293e-01  6.595e-02  
2.528e-01  5.668e-01  
2.409e-06  1.000e+00  
8.485e-01  1.262e-01  
8.682e-01  1.166e-01  
5.794e-03  1.000e+00  
7.326e-01  2.021e-01  
9.279e-01  6.323e-02  
1.043e+00  2.790e-14  
9.891e-01  2.675e-02  
1.010e+00  3.057e-15  
2.522e-01  5.962e-01  
9.771e-01  1.702e-02  
7.358e-01  2.150e-01  
7.196e-01  1.924e-01  
8.083e-01  1.245e-01  
4.332e-03  1.000e+00  
4.950e-01  4.203e-01  
9.659e-01  4.895e-02  
7.839e-01  1.450e-01  
7.376e-01  1.939e-01  
5.794e-03  1.000e+00  
2.989e-01  5.380e-01  
9.839e-03  1.000e+00  
2.075e-01  6.606e-01  
4.236e-01  3.973e-01  
3.458e-01  5.097e-01  
3.468e-01  5.202e-01  
7.594e-01  1.667e-01  
2.691e-03  1.000e+00  
1.908e-01  6.194e-01  
7.056e-01  2.516e-01  
9.839e-03  1.000e+00  
2.691e-03  1.000e+00  
2.469e-01  6.023e-01  
6.327e-01  2.828e-01  
6.717e-01  2.528e-01  
2.220e-01  6.291e-01  
4.332e-03  1.000e+00  
9.288e-01  6.738e-02  
1.738e-01  8.277e-01  
2.480e-03  1.000e+00  
1.642e-01  7.775e-01  
5.291e-01  3.053e-01  
4.711e-01  4.032e-01  
4.935e-04  1.000e+00  
5.734e-01  2.819e-01  
5.849e-01  3.000e-01  
3.673e-01  4.910e-01  
4.252e-01  4.742e-01  
2.389e-01  6.105e-01  
5.835e-01  2.888e-01  
4.458e-01  4.681e-01  
2.228e-04  1.000e+00  
3.358e-01  4.717e-01  
6.548e-01  2.484e-01  
4.716e-01  3.864e-01  
3.765e-01  4.489e-01  
5.202e-01  3.437e-01  
5.794e-03  1.000e+00  
3.699e-01  4.932e-01  
5.635e-01  3.423e-01  
4.615e-01  4.381e-01  
1.631e-01  8.298e-01  
2.389e-01  6.105e-01  
4.837e-01  3.537e-01  
7.367e-01  1.824e-01  
1.593e-01  9.384e-01  
4.769e-01  3.900e-01  
5.291e-01  3.053e-01  
5.823e-01  2.865e-01  
2.522e-01  5.962e-01  
5.297e-01  3.518e-01  
5.380e-01  3.347e-01  
5.660e-01  2.995e-01  
2.965e-01  5.312e-01  
8.700e-01  1.374e-01  
2.735e-01  5.855e-01  
1.032e-03  1.002e+00  
9.288e-01  6.738e-02  
6.249e-01  2.589e-01  
7.056e-01  2.516e-01  
1.454e-01  9.039e-01  
4.711e-01  4.032e-01  
4.458e-01  4.681e-01  
3.765e-01  4.489e-01  
1.724e-01  8.435e-01  
2.486e-01  6.149e-01  
3.984e-01  4.626e-01  
5.291e-01  3.053e-01  
9.293e-01  6.595e-02  
3.673e-01  4.910e-01  
2.389e-01  6.105e-01  
6.346e-01  2.530e-01  
2.500e-01  5.716e-01  
4.837e-01  3.537e-01  
5.661e-01  3.049e-01  
2.389e-01  6.105e-01  
8.178e-01  1.176e-01  
1.696e-01  7.757e-01  
5.380e-01  3.347e-01  
1.811e-01  6.419e-01  
4.346e-01  4.296e-01  
5.157e-01  3.842e-01  
1.854e-01  6.327e-01  
2.220e-01  6.291e-01  
8.027e-01  1.446e-01  
3.358e-01  4.717e-01  
3.381e-01  4.688e-01  
5.846e-01  2.983e-01  
3.462e-01  5.299e-01  
3.984e-01  4.626e-01  
3.802e-01  4.509e-01  
3.790e-02  1.000e+00  
4.316e-01  4.348e-01  
4.767e-01  4.687e-01  
3.753e-03  1.000e+00  
3.668e-01  4.681e-01  
2.989e-01  5.380e-01  
8.902e-01  1.824e-01  
5.291e-01  3.053e-01  
5.835e-01  2.888e-01  
6.556e-01  2.719e-01  
3.489e-01  4.506e-01  
3.235e-01  5.577e-01  
2.522e-01  5.962e-01  
5.202e-01  3.437e-01  
6.346e-01  2.530e-01  
5.362e-01  3.402e-01  
7.571e-01  1.818e-01  
2.374e-01  6.573e-01  
9.164e-01  7.039e-02  
4.743e-04  1.000e+00  
6.327e-01  2.828e-01  
4.837e-01  3.537e-01  
3.683e-01  5.334e-01  
5.818e-01  3.290e-01  
2.184e-05  1.141e+00  
4.837e-01  3.537e-01  
3.579e-01  4.846e-01  
4.860e-01  3.615e-01  
9.497e-01  4.849e-02  
6.699e-01  2.420e-01  
5.799e-01  3.249e-01  
1.724e-01  8.435e-01  
4.743e-04  1.000e+00  
3.235e-01  5.577e-01  
7.915e-01  1.319e-01  
3.489e-01  4.506e-01  
8.006e-01  1.345e-01  
2.228e-04  1.000e+00  
9.978e-01  1.641e-02  
5.469e-01  3.379e-01  
2.500e-01  5.716e-01  
6.897e-01  2.028e-01  
1.112e-03  1.000e+00  
8.279e-01  1.273e-01  
8.027e-01  1.446e-01  
8.322e-04  1.000e+00  
2.602e-01  5.777e-01  
3.984e-01  4.626e-01  
3.765e-01  4.489e-01  
9.623e-01  1.099e-01  
7.516e-01  1.741e-01  
1.881e-01  8.008e-01  
7.557e-01  2.076e-01  
7.117e-01  2.217e-01  
3.142e-01  5.435e-01  
4.539e-01  4.044e-01  
2.748e-01  5.735e-01  
4.615e-01  4.381e-01  
5.635e-01  3.423e-01  
2.053e-01  6.611e-01  
7.196e-01  1.924e-01  
2.220e-01  6.291e-01  
8.975e-01  9.128e-02  
3.235e-01  5.577e-01  
4.813e-01  4.088e-01  
3.489e-01  4.506e-01  
1.854e-01  6.327e-01  
2.246e-01  7.332e-01  
4.769e-01  3.900e-01  
6.249e-01  2.589e-01  
7.268e-01  2.231e-01  
3.984e-01  4.626e-01  
6.556e-01  2.719e-01  
6.236e-01  2.793e-01  
9.839e-03  1.000e+00  
6.981e-01  2.014e-01  
9.880e-01  1.081e-01  
1.881e-01  8.008e-01  
1.724e-01  8.435e-01  
3.356e-01  5.419e-01  
4.005e-01  4.509e-01  
1.854e-01  6.327e-01  
1.855e-01  6.689e-01  
3.458e-01  5.097e-01  
2.522e-01  5.962e-01  
4.813e-01  4.088e-01  
7.284e-01  2.405e-01  
4.654e-03  1.000e+00  
8.027e-01  1.446e-01  
3.765e-01  4.489e-01  
4.654e-03  1.000e+00  
1.516e-01  8.322e-01  
7.284e-01  2.405e-01  
2.367e-01  5.915e-01  
1.840e-01  7.843e-01  
2.692e-01  6.038e-01  
9.764e-01  5.283e-02  
8.632e-01  1.103e-01  
2.389e-01  6.105e-01  
9.934e-01  5.042e-03  
5.799e-01  3.249e-01  
2.528e-01  5.668e-01  
9.279e-01  6.323e-02  
2.075e-01  6.606e-01  
3.753e-03  1.000e+00  
1.000e+00  4.054e-13  
2.220e-01  6.291e-01  
1.724e-01  8.435e-01  
7.367e-01  1.824e-01  
9.377e-01  4.695e-02  
7.056e-01  2.516e-01  
8.178e-01  1.176e-01  
1.007e+00  2.409e-02  
2.232e-01  8.198e-01  
1.842e-01  6.993e-01  
6.981e-01  2.014e-01  
5.613e-01  2.813e-01  
9.659e-01  4.895e-02  
5.737e-01  3.320e-01  
7.196e-01  1.924e-01  
7.732e-01  1.621e-01  
9.497e-01  4.849e-02  
1.043e+00  2.790e-14  
9.839e-03  1.000e+00  
1.856e-01  8.211e-01  
7.367e-01  1.824e-01  
8.496e-06  1.000e+00  
8.279e-01  1.273e-01  
2.757e-01  7.191e-01  
3.753e-03  1.000e+00  
2.989e-01  5.380e-01  
1.682e-03  1.000e+00  
2.075e-01  6.606e-01  
1.555e-02  1.000e+00  
8.475e-01  1.173e-01  
9.164e-01  7.039e-02  
9.764e-01  5.283e-02  
1.682e-03  1.000e+00  
1.627e-03  1.000e+00  
8.231e-01  1.306e-01  
2.641e-05  1.000e+00  
9.764e-01  5.283e-02  
1.043e+00  2.790e-14  
9.279e-01  6.323e-02  
1.112e-03  1.000e+00  
9.891e-01  2.675e-02  
2.228e-04  1.000e+00  
9.658e-01  3.534e-02  
9.279e-01  6.323e-02  
4.743e-04  1.000e+00  
7.527e-01  1.811e-01  
1.010e+00  3.057e-15  
1.424e-01  9.125e-01  
9.995e-01  1.018e-03  
9.279e-01  6.323e-02  
8.027e-01  1.446e-01  
4.648e-02  1.000e+00  
8.632e-01  1.103e-01  
9.659e-01  4.895e-02  
9.934e-01  5.042e-03  
9.839e-01  3.469e-02  
3.356e-01  5.419e-01  
1.424e-01  9.125e-01  
9.293e-01  6.595e-02  
4.743e-04  1.000e+00  
1.593e-01  9.384e-01  
4.648e-02  1.000e+00  
6.703e-01  2.397e-01  
8.700e-01  1.374e-01  
4.935e-04  1.000e+00  
7.516e-01  1.741e-01  
1.010e+00  3.057e-15  
2.759e-01  5.890e-01  
2.524e-01  5.638e-01  
3.235e-01  5.577e-01  
5.362e-01  3.402e-01  
9.659e-01  4.895e-02  
2.538e-02  1.000e+00  
2.075e-01  6.606e-01  
9.164e-01  7.039e-02  
8.027e-01  1.446e-01  
4.935e-04  1.000e+00  
1.007e+00  2.409e-02  
5.280e-01  3.405e-01  
3.489e-01  4.506e-01  
9.995e-01  1.018e-03  
7.146e-01  2.117e-01  
7.005e-01  2.020e-01  
3.142e-01  5.435e-01  
2.748e-01  5.735e-01  
8.553e-06  1.000e+00  
3.753e-03  1.000e+00  
1.811e-01  6.419e-01  
2.220e-01  6.291e-01  
4.856e-01  4.031e-01  
5.799e-01  3.249e-01  
3.768e-01  4.754e-01  
8.006e-01  1.345e-01  
3.798e-01  5.967e-01  
5.380e-01  3.347e-01  
8.485e-01  1.262e-01  
2.988e-06  1.000e+00  
6.981e-01  2.014e-01  
2.965e-01  5.312e-01  
3.102e-01  5.497e-01  
9.643e-01  4.226e-02  
3.984e-01  4.626e-01  
1.696e-01  7.757e-01  
2.693e-01  5.325e-01  
2.965e-01  5.312e-01  
6.556e-01  2.719e-01  
1.738e-01  8.277e-01  
3.441e-01  4.571e-01  
1.043e+00  2.790e-14  
7.367e-01  1.824e-01  
2.389e-01  6.105e-01  
9.980e-01  3.768e-03  
1.653e-01  8.553e-01  
5.469e-01  3.379e-01  
3.489e-01  4.506e-01  
1.642e-01  7.775e-01  
5.849e-01  3.000e-01  
9.288e-01  6.738e-02  
1.005e+00  2.472e-02  
4.316e-01  4.348e-01  
1.555e-02  1.000e+00  
4.387e-01  4.104e-01  
2.989e-01  5.380e-01  
4.332e-03  1.000e+00  
1.482e-01  9.038e-01  
5.799e-01  3.249e-01  
6.981e-01  2.014e-01  
5.380e-01  3.347e-01  
1.112e-03  1.000e+00  
3.753e-03  1.000e+00  
4.494e-01  4.082e-01  
4.494e-01  4.082e-01  
6.690e-01  2.507e-01  
1.881e-01  8.008e-01  
4.458e-01  4.681e-01  
