1.559e-02  1.230e+00  
1.000e+00  5.652e-05  
4.164e-01  4.155e-01  
6.790e-01  2.387e-01  
2.220e-01  6.675e-01  
5.828e-01  3.629e-01  
5.678e-02  9.948e-01  
3.387e-01  5.465e-01  
8.634e-01  1.118e-01  
9.334e-01  5.021e-02  
1.010e-02  1.000e+00  
4.757e-01  3.496e-01  
6.044e-01  2.527e-01  
2.727e-01  6.294e-01  
3.766e-01  4.106e-01  
7.278e-01  1.793e-01  
2.220e-01  6.675e-01  
2.220e-01  6.675e-01  
6.179e-01  2.855e-01  
8.404e-01  1.507e-01  
2.557e-01  6.342e-01  
4.248e-01  4.072e-01  
3.782e-01  4.521e-01  
9.334e-01  5.021e-02  
5.349e-01  3.510e-01  
9.879e-01  1.040e-02  
2.547e-01  6.283e-01  
2.338e-02  1.139e+00  
3.352e-01  6.107e-01  
1.016e-01  9.956e-01  
6.038e-01  2.616e-01  
7.358e-01  2.047e-01  
1.763e-01  6.650e-01  
7.820e-01  1.997e-01  
9.480e-01  3.710e-02  
2.421e-02  9.965e-01  
2.076e-01  5.970e-01  
1.566e-01  9.498e-01  
1.010e-02  1.000e+00  
6.044e-01  2.527e-01  
3.727e-01  4.391e-01  
5.531e-01  3.473e-01  
3.412e-01  4.784e-01  
2.413e-01  6.291e-01  
1.915e-01  6.590e-01  
6.516e-01  2.308e-01  
4.689e-01  3.757e-01  
9.135e-01  6.731e-02  
4.298e-01  3.757e-01  
2.161e-01  5.938e-01  
4.240e-01  4.092e-01  
3.289e-01  6.097e-01  
2.297e-02  1.270e+00  
5.907e-01  2.845e-01  
7.550e-02  9.952e-01  
4.130e-01  3.999e-01  
5.924e-01  2.569e-01  
9.997e-01  4.053e-04  
1.931e-01  6.538e-01  
8.651e-01  1.059e-01  
8.519e-01  1.368e-01  
3.397e-01  4.702e-01  
8.730e-01  1.127e-01  
7.254e-01  2.053e-01  
1.667e-01  6.806e-01  
8.213e-01  1.193e-01  
7.550e-02  9.952e-01  
6.858e-01  2.461e-01  
4.248e-01  4.072e-01  
4.692e-01  3.783e-01  
7.358e-01  2.047e-01  
2.005e-01  6.302e-01  
5.840e-01  2.636e-01  
3.412e-01  4.784e-01  
3.909e-01  4.107e-01  
1.586e-01  8.353e-01  
1.491e-01  8.029e-01  
8.300e-01  1.963e-01  
5.623e-01  3.350e-01  
9.495e-01  4.507e-02  
5.533e-01  2.966e-01  
2.241e-01  6.044e-01  
3.925e-01  4.380e-01  
5.478e-01  3.051e-01  
3.766e-01  4.106e-01  
5.201e-01  3.217e-01  
1.677e-01  7.560e-01  
4.863e-02  1.070e+00  
3.582e-01  5.466e-01  
4.989e-01  3.545e-01  
2.165e-01  6.411e-01  
6.633e-01  2.300e-01  
9.536e-01  4.053e-02  
1.022e-03  9.998e-01  
8.464e-01  1.297e-01  
2.616e-01  6.120e-01  
3.967e-01  4.046e-01  
5.954e-01  2.668e-01  
2.347e-01  6.143e-01  
4.859e-01  4.242e-01  
4.205e-02  9.965e-01  
1.584e-01  9.189e-01  
4.859e-01  4.242e-01  
6.431e-02  9.969e-01  
5.954e-01  2.668e-01  
8.406e-01  1.194e-01  
2.573e-02  1.072e+00  
4.017e-01  4.069e-01  
6.038e-01  2.616e-01  
6.833e-01  2.116e-01  
3.361e-01  4.901e-01  
1.822e-01  6.726e-01  
2.499e-01  5.969e-01  
3.361e-01  4.901e-01  
2.561e-01  6.200e-01  
8.979e-01  7.333e-02  
1.915e-01  6.590e-01  
7.960e-01  1.397e-01  
5.212e-02  1.268e+00  
7.960e-01  1.397e-01  
9.997e-01  4.053e-04  
2.547e-01  6.283e-01  
9.334e-01  5.021e-02  
1.915e-01  6.590e-01  
6.738e-01  2.187e-01  
5.969e-03  1.228e+00  
9.384e-01  5.615e-02  
3.436e-01  5.591e-01  
1.077e+00  1.392e-02  
3.397e-01  5.125e-01  
9.239e-01  7.287e-02  
1.491e-01  8.029e-01  
1.491e-01  8.029e-01  
5.869e-02  1.016e+00  
9.784e-01  1.758e-02  
8.213e-01  1.193e-01  
9.997e-01  4.053e-04  
2.297e-01  5.850e-01  
7.325e-01  1.819e-01  
2.160e-01  6.355e-01  
2.529e-02  9.990e-01  
5.351e-01  2.900e-01  
6.201e-01  2.499e-01  
2.122e-01  5.930e-01  
3.387e-01  5.465e-01  
4.194e-01  4.005e-01  
1.931e-01  6.538e-01  
5.071e-01  3.688e-01  
1.491e-01  8.029e-01  
2.529e-01  6.059e-01  
2.297e-01  5.850e-01  
7.390e-01  1.852e-01  
3.375e-01  4.908e-01  
4.248e-01  4.072e-01  
1.762e-01  7.085e-01  
5.907e-01  2.845e-01  
1.763e-01  6.650e-01  
2.547e-01  6.283e-01  
4.476e-01  3.800e-01  
5.476e-01  3.096e-01  
6.858e-01  2.461e-01  
2.616e-01  6.120e-01  
5.425e-01  3.066e-01  
1.688e-01  7.528e-01  
3.909e-01  4.107e-01  
3.505e-01  4.575e-01  
3.773e-01  4.527e-01  
5.349e-01  3.510e-01  
1.038e+00  3.745e-02  
5.349e-01  3.510e-01  
4.291e-01  3.828e-01  
5.907e-01  2.845e-01  
2.297e-02  1.270e+00  
4.459e-01  3.737e-01  
2.529e-02  9.956e-01  
5.201e-01  3.217e-01  
6.431e-02  9.969e-01  
4.164e-01  4.155e-01  
4.961e-02  9.971e-01  
4.240e-01  4.092e-01  
6.044e-01  2.527e-01  
2.635e-01  6.051e-01  
3.410e-01  6.209e-01  
3.766e-01  4.106e-01  
8.404e-01  1.507e-01  
7.849e-01  1.797e-01  
2.156e-01  6.832e-01  
3.655e-01  4.583e-01  
4.757e-01  3.496e-01  
3.931e-01  4.542e-01  
4.692e-01  3.783e-01  
5.437e-01  3.279e-01  
4.017e-01  4.069e-01  
3.829e-01  4.129e-01  
9.536e-01  3.379e-02  
6.983e-01  2.047e-01  
3.773e-01  4.527e-01  
6.240e-01  2.743e-01  
3.505e-01  4.752e-01  
1.536e-01  8.764e-01  
5.536e-01  2.873e-01  
2.616e-01  6.120e-01  
4.368e-01  3.980e-01  
8.691e-01  9.923e-02  
2.076e-01  5.970e-01  
5.954e-01  2.668e-01  
5.071e-01  3.688e-01  
7.664e-02  9.950e-01  
7.918e-01  1.645e-01  
1.010e-02  1.000e+00  
9.454e-01  6.391e-02  
5.946e-01  2.531e-01  
6.044e-01  2.527e-01  
1.688e-01  7.528e-01  
4.214e-01  3.954e-01  
9.357e-01  5.513e-02  
7.325e-01  1.819e-01  
6.240e-01  2.743e-01  
7.390e-01  2.027e-01  
7.767e-02  9.968e-01  
2.557e-01  6.342e-01  
1.763e-01  6.650e-01  
1.491e-01  8.029e-01  
6.353e-01  2.262e-01  
9.940e-01  2.503e-02  
1.742e-01  6.744e-01  
1.742e-01  6.744e-01  
2.097e-01  7.386e-01  
2.635e-01  6.051e-01  
4.601e-02  1.007e+00  
8.332e-01  1.474e-01  
9.103e-01  9.914e-02  
2.297e-02  1.270e+00  
3.387e-01  5.465e-01  
7.136e-01  2.038e-01  
8.404e-01  1.507e-01  
3.466e-01  5.591e-01  
4.605e-02  9.964e-01  
4.605e-02  9.964e-01  
5.954e-01  2.668e-01  
2.297e-02  1.270e+00  
7.550e-02  9.952e-01  
8.700e-01  8.874e-02  
1.854e-01  6.640e-01  
8.425e-01  1.208e-01  
8.084e-01  1.644e-01  
2.076e-01  5.970e-01  
9.234e-01  5.370e-02  
2.122e-01  5.930e-01  
1.010e-02  1.000e+00  
8.343e-01  1.421e-01  
8.315e-01  1.021e-01  
4.094e-02  9.963e-01  
7.390e-01  2.027e-01  
8.979e-01  7.333e-02  
1.077e+00  1.392e-02  
9.548e-01  3.465e-02  
1.077e+00  1.392e-02  
2.805e-01  5.846e-01  
9.997e-01  4.053e-04  
6.983e-01  2.047e-01  
8.404e-01  1.507e-01  
7.960e-01  1.397e-01  
1.301e-02  1.006e+00  
4.670e-01  4.322e-01  
8.550e-01  9.595e-02  
8.168e-01  1.662e-01  
7.820e-01  1.997e-01  
4.863e-02  1.070e+00  
2.635e-01  6.051e-01  
4.794e-02  9.967e-01  
1.688e-01  7.528e-01  
4.240e-01  4.092e-01  
3.352e-01  6.107e-01  
3.439e-01  5.605e-01  
7.824e-01  1.659e-01  
5.678e-02  9.948e-01  
2.029e-01  6.365e-01  
6.858e-01  2.461e-01  
7.550e-02  9.952e-01  
4.863e-02  1.070e+00  
2.557e-01  6.342e-01  
6.179e-01  2.623e-01  
6.858e-01  2.461e-01  
2.005e-01  6.302e-01  
5.969e-03  1.228e+00  
8.550e-01  9.595e-02  
1.677e-01  7.560e-01  
5.082e-02  1.000e+00  
2.097e-01  7.386e-01  
5.531e-01  3.473e-01  
4.822e-01  3.787e-01  
5.869e-02  1.016e+00  
6.240e-01  2.743e-01  
6.163e-01  2.948e-01  
3.727e-01  4.391e-01  
3.909e-01  4.107e-01  
2.158e-01  6.022e-01  
5.799e-01  2.736e-01  
4.017e-01  4.069e-01  
2.755e-02  1.072e+00  
3.773e-01  4.527e-01  
6.240e-01  2.743e-01  
4.692e-01  3.783e-01  
3.829e-01  4.129e-01  
4.298e-01  3.757e-01  
2.755e-02  1.072e+00  
3.361e-01  4.901e-01  
5.149e-01  3.568e-01  
4.240e-01  4.092e-01  
1.639e-01  8.361e-01  
2.557e-01  6.342e-01  
4.436e-01  3.787e-01  
7.656e-01  1.692e-01  
1.566e-01  9.498e-01  
4.692e-01  3.783e-01  
5.351e-01  2.900e-01  
5.954e-01  2.668e-01  
2.204e-01  5.968e-01  
5.351e-01  2.900e-01  
5.351e-01  2.900e-01  
5.954e-01  2.668e-01  
2.557e-01  6.342e-01  
8.213e-01  1.193e-01  
2.204e-01  5.968e-01  
1.510e-01  7.944e-01  
9.068e-01  8.166e-02  
6.202e-01  2.697e-01  
6.044e-01  2.527e-01  
1.505e-01  9.176e-01  
4.667e-01  3.980e-01  
4.248e-01  4.072e-01  
4.248e-01  4.072e-01  
1.586e-01  8.353e-01  
2.282e-01  6.065e-01  
3.436e-01  5.591e-01  
6.095e-01  2.827e-01  
9.357e-01  5.513e-02  
3.632e-01  4.640e-01  
2.161e-01  5.938e-01  
6.571e-01  2.281e-01  
2.076e-01  5.970e-01  
4.476e-01  3.800e-01  
5.432e-01  3.048e-01  
2.547e-01  6.283e-01  
8.404e-01  1.507e-01  
1.677e-01  7.560e-01  
5.478e-01  3.051e-01  
2.005e-01  6.302e-01  
4.130e-01  4.065e-01  
4.298e-01  3.757e-01  
1.915e-01  6.590e-01  
2.417e-01  7.008e-01  
7.762e-01  1.415e-01  
3.505e-01  4.575e-01  
3.875e-01  5.176e-01  
5.799e-01  2.736e-01  
3.436e-01  5.591e-01  
3.361e-01  4.901e-01  
3.925e-01  4.380e-01  
4.961e-02  9.971e-01  
4.130e-01  4.065e-01  
4.130e-01  3.999e-01  
4.205e-02  9.965e-01  
3.632e-01  4.640e-01  
3.387e-01  5.465e-01  
7.390e-01  1.852e-01  
5.623e-01  3.350e-01  
5.770e-01  3.098e-01  
6.069e-01  2.463e-01  
3.531e-01  4.667e-01  
3.141e-01  5.994e-01  
2.534e-01  6.024e-01  
4.976e-01  3.626e-01  
6.193e-01  2.421e-01  
5.349e-01  3.510e-01  
7.390e-01  1.852e-01  
1.742e-01  6.744e-01  
9.135e-01  6.731e-02  
5.430e-02  9.978e-01  
6.193e-01  2.421e-01  
4.792e-01  3.609e-01  
3.436e-01  5.591e-01  
4.757e-01  3.496e-01  
1.413e-01  9.849e-01  
4.298e-01  3.757e-01  
3.782e-01  4.521e-01  
4.689e-01  3.757e-01  
8.979e-01  7.333e-02  
6.745e-01  2.267e-01  
5.437e-01  3.279e-01  
1.821e-01  7.412e-01  
5.969e-03  1.228e+00  
2.297e-01  5.850e-01  
8.481e-01  1.395e-01  
3.632e-01  4.640e-01  
8.168e-01  1.662e-01  
2.297e-02  1.270e+00  
9.879e-01  1.040e-02  
5.349e-01  3.510e-01  
2.571e-01  6.126e-01  
7.032e-01  2.144e-01  
2.975e-02  1.006e+00  
8.213e-01  1.193e-01  
8.730e-01  1.127e-01  
5.678e-02  9.948e-01  
2.616e-01  6.120e-01  
3.505e-01  4.423e-01  
3.925e-01  4.380e-01  
8.700e-01  8.874e-02  
8.300e-01  1.963e-01  
1.688e-01  7.528e-01  
7.390e-01  1.852e-01  
6.193e-01  2.421e-01  
3.387e-01  5.465e-01  
4.298e-01  3.757e-01  
2.919e-01  5.872e-01  
4.248e-01  4.072e-01  
4.689e-01  3.757e-01  
2.547e-01  6.283e-01  
7.390e-01  2.027e-01  
2.616e-01  6.120e-01  
9.536e-01  4.053e-02  
3.436e-01  5.591e-01  
4.291e-01  3.828e-01  
3.818e-01  4.772e-01  
1.915e-01  6.590e-01  
2.005e-01  6.302e-01  
4.674e-01  3.992e-01  
6.179e-01  2.623e-01  
6.738e-01  2.187e-01  
3.397e-01  5.125e-01  
6.044e-01  2.527e-01  
6.179e-01  2.623e-01  
8.100e-03  9.977e-01  
7.011e-01  2.443e-01  
8.700e-01  8.874e-02  
1.755e-01  7.072e-01  
1.742e-01  6.744e-01  
3.412e-01  4.784e-01  
4.240e-01  4.092e-01  
2.159e-01  7.613e-01  
1.854e-01  6.640e-01  
3.474e-01  5.239e-01  
3.289e-01  6.097e-01  
4.459e-01  3.737e-01  
6.738e-01  2.187e-01  
1.010e-02  1.000e+00  
7.960e-01  1.397e-01  
4.164e-01  4.155e-01  
4.794e-02  9.967e-01  
1.536e-01  8.764e-01  
7.358e-01  2.047e-01  
2.413e-01  6.291e-01  
1.688e-01  7.528e-01  
2.805e-01  5.846e-01  
9.730e-01  5.165e-02  
8.993e-01  9.868e-02  
2.651e-01  6.377e-01  
9.879e-01  1.040e-02  
5.270e-01  3.467e-01  
2.733e-01  6.152e-01  
8.634e-01  1.118e-01  
2.156e-01  6.990e-01  
1.862e-02  1.003e+00  
1.000e+00  3.140e-04  
2.055e-01  7.187e-01  
1.536e-01  8.764e-01  
7.358e-01  2.047e-01  
9.730e-01  5.165e-02  
6.858e-01  2.461e-01  
8.213e-01  1.193e-01  
9.480e-01  3.710e-02  
1.907e-01  7.020e-01  
1.491e-01  8.029e-01  
6.839e-01  2.027e-01  
6.179e-01  2.855e-01  
9.536e-01  4.053e-02  
5.828e-01  3.629e-01  
6.858e-01  2.461e-01  
7.960e-01  1.397e-01  
9.296e-01  5.519e-02  
1.455e+00  3.021e-02  
4.094e-02  9.963e-01  
1.688e-01  7.528e-01  
6.983e-01  2.047e-01  
4.094e-02  9.963e-01  
9.357e-01  5.513e-02  
2.557e-01  6.342e-01  
2.755e-02  1.072e+00  
3.352e-01  6.107e-01  
1.413e-01  9.849e-01  
1.931e-01  6.538e-01  
1.611e-02  9.978e-01  
8.316e-01  1.155e-01  
9.117e-01  6.100e-02  
1.077e+00  1.392e-02  
2.529e-02  9.956e-01  
2.297e-02  1.270e+00  
8.343e-01  1.421e-01  
1.197e-01  9.961e-01  
9.997e-01  4.053e-04  
1.077e+00  1.392e-02  
9.357e-01  5.513e-02  
2.755e-02  1.072e+00  
9.940e-01  2.503e-02  
2.174e-02  1.226e+00  
9.940e-01  2.503e-02  
9.334e-01  5.021e-02  
1.010e-02  1.000e+00  
7.251e-01  1.825e-01  
9.997e-01  4.053e-04  
1.530e-01  8.994e-01  
1.077e+00  1.392e-02  
9.301e-01  5.930e-02  
7.960e-01  1.397e-01  
5.788e-03  9.970e-01  
8.343e-01  1.421e-01  
9.384e-01  5.615e-02  
9.913e-01  2.040e-02  
9.334e-01  5.021e-02  
3.439e-01  5.605e-01  
1.413e-01  9.849e-01  
9.448e-01  5.437e-02  
5.082e-02  1.000e+00  
1.510e-01  7.944e-01  
1.611e-02  9.978e-01  
6.790e-01  2.387e-01  
8.188e-01  1.248e-01  
1.016e-01  9.956e-01  
7.325e-01  1.819e-01  
9.879e-01  1.040e-02  
2.297e-01  5.850e-01  
2.727e-01  6.294e-01  
3.387e-01  5.465e-01  
5.201e-01  3.217e-01  
9.384e-01  5.615e-02  
1.239e-02  1.000e+00  
2.029e-01  6.365e-01  
9.135e-01  6.731e-02  
8.033e-01  1.881e-01  
7.550e-02  9.952e-01  
1.038e+00  3.745e-02  
5.071e-01  3.688e-01  
3.505e-01  4.575e-01  
1.000e+00  5.652e-05  
6.983e-01  2.047e-01  
7.358e-01  2.047e-01  
3.352e-01  6.107e-01  
2.076e-01  5.970e-01  
5.869e-02  1.016e+00  
2.755e-02  1.072e+00  
2.029e-01  6.365e-01  
2.220e-01  6.675e-01  
4.822e-01  3.787e-01  
5.270e-01  3.467e-01  
3.766e-01  4.106e-01  
8.343e-01  1.421e-01  
3.736e-01  5.627e-01  
5.075e-01  3.363e-01  
8.550e-01  9.595e-02  
7.767e-02  9.968e-01  
7.390e-01  1.852e-01  
2.076e-01  5.970e-01  
3.436e-01  5.591e-01  
9.524e-01  4.181e-02  
3.361e-01  4.901e-01  
1.915e-01  6.590e-01  
2.241e-01  6.044e-01  
2.204e-01  5.968e-01  
5.905e-01  3.037e-01  
1.907e-01  7.020e-01  
3.632e-01  4.640e-01  
9.879e-01  1.040e-02  
7.136e-01  2.038e-01  
2.687e-01  5.894e-01  
9.748e-01  1.624e-02  
1.624e-01  8.478e-01  
5.201e-01  3.217e-01  
3.916e-01  4.319e-01  
1.677e-01  7.560e-01  
6.095e-01  2.827e-01  
9.357e-01  5.513e-02  
9.730e-01  5.165e-02  
4.017e-01  4.069e-01  
3.383e-02  1.002e+00  
3.909e-01  4.107e-01  
2.616e-01  6.120e-01  
2.174e-02  1.226e+00  
1.413e-01  9.849e-01  
5.828e-01  3.629e-01  
6.738e-01  2.187e-01  
5.349e-01  3.510e-01  
1.069e-02  1.024e+00  
2.174e-02  1.226e+00  
4.240e-01  4.092e-01  
4.436e-01  3.787e-01  
6.738e-01  2.187e-01  
1.748e-01  7.248e-01  
3.766e-01  4.106e-01  
