3.888e-03  1.183e+00  
9.999e-01  6.954e-05  
4.359e-01  3.828e-01  
6.852e-01  2.276e-01  
2.510e-01  7.974e-01  
5.632e-01  3.372e-01  
1.448e-01  1.004e+00  
3.127e-01  5.037e-01  
8.649e-01  1.250e-01  
9.732e-01  4.709e-02  
4.697e-02  9.882e-01  
5.038e-01  3.932e-01  
6.078e-01  2.461e-01  
2.790e-01  6.269e-01  
4.435e-01  5.143e-01  
7.794e-01  1.518e-01  
1.999e-01  8.748e-01  
1.448e-01  1.004e+00  
5.596e-01  3.109e-01  
8.319e-01  1.410e-01  
2.932e-01  6.431e-01  
4.835e-01  4.083e-01  
4.012e-01  4.836e-01  
9.160e-01  7.000e-02  
5.042e-01  3.380e-01  
9.957e-01  3.408e-03  
2.767e-01  5.421e-01  
9.752e-03  1.080e+00  
2.992e-01  5.320e-01  
3.235e-02  9.925e-01  
6.401e-01  2.392e-01  
7.064e-01  1.958e-01  
2.333e-01  8.421e-01  
7.154e-01  1.858e-01  
9.657e-01  4.392e-02  
3.940e-02  9.894e-01  
2.772e-01  5.579e-01  
9.179e-02  9.998e-01  
7.232e-02  9.901e-01  
5.553e-01  3.178e-01  
4.112e-01  4.370e-01  
5.276e-01  3.443e-01  
3.127e-01  5.037e-01  
2.790e-01  6.269e-01  
1.999e-01  8.748e-01  
6.503e-01  2.401e-01  
5.134e-01  3.451e-01  
9.958e-01  7.243e-02  
4.835e-01  4.083e-01  
2.522e-01  7.311e-01  
4.012e-01  4.836e-01  
3.004e-01  5.676e-01  
1.171e-02  1.027e+00  
6.217e-01  3.008e-01  
1.894e-02  9.971e-01  
4.155e-01  4.044e-01  
6.078e-01  2.461e-01  
9.594e-01  4.937e-02  
2.465e-01  8.105e-01  
9.092e-01  1.059e-01  
8.359e-01  1.297e-01  
3.754e-01  5.527e-01  
7.295e-01  1.656e-01  
7.115e-01  2.089e-01  
2.081e-01  8.459e-01  
8.167e-01  1.323e-01  
4.807e-02  1.001e+00  
6.615e-01  2.485e-01  
4.648e-01  4.175e-01  
5.134e-01  3.451e-01  
7.115e-01  2.089e-01  
2.478e-01  8.287e-01  
6.109e-01  3.102e-01  
2.940e-01  5.735e-01  
4.091e-01  4.098e-01  
1.448e-01  1.004e+00  
4.925e-02  1.013e+00  
7.245e-01  1.822e-01  
5.449e-01  3.097e-01  
9.594e-01  4.937e-02  
5.510e-01  2.894e-01  
2.679e-01  6.625e-01  
4.052e-01  4.067e-01  
5.134e-01  3.451e-01  
4.012e-01  4.836e-01  
5.134e-01  3.451e-01  
1.967e-01  8.562e-01  
3.235e-02  9.925e-01  
3.326e-01  4.990e-01  
5.265e-01  3.513e-01  
2.835e-01  6.971e-01  
6.960e-01  2.198e-01  
9.799e-01  3.486e-02  
3.527e-02  1.021e+00  
8.167e-01  1.323e-01  
2.808e-01  6.126e-01  
3.852e-01  4.413e-01  
6.297e-01  2.567e-01  
2.819e-01  6.684e-01  
4.468e-01  3.964e-01  
6.053e-02  9.949e-01  
3.818e-02  9.878e-01  
5.211e-01  4.168e-01  
5.724e-02  9.952e-01  
6.323e-01  2.689e-01  
1.014e+00  6.087e-02  
2.067e-02  1.112e+00  
4.359e-01  3.828e-01  
6.258e-01  2.659e-01  
7.245e-01  1.822e-01  
3.290e-01  5.785e-01  
2.260e-01  8.406e-01  
2.932e-01  6.431e-01  
3.405e-01  4.822e-01  
2.846e-01  6.403e-01  
9.092e-01  1.059e-01  
2.051e-01  8.476e-01  
7.959e-01  1.552e-01  
7.525e-02  1.005e+00  
9.272e-01  1.145e-01  
1.000e+00  1.086e-02  
2.720e-01  7.530e-01  
9.304e-01  5.757e-02  
2.102e-01  8.542e-01  
7.337e-01  2.223e-01  
4.791e-03  1.155e+00  
9.594e-01  4.937e-02  
3.153e-01  5.574e-01  
1.002e+00  1.824e-04  
3.189e-01  5.301e-01  
9.540e-01  8.587e-02  
1.394e-01  1.004e+00  
1.826e-01  1.006e+00  
6.423e-02  1.014e+00  
9.999e-01  1.351e-04  
8.359e-01  1.297e-01  
1.000e+00  4.195e-02  
2.726e-01  6.009e-01  
7.245e-01  1.822e-01  
2.846e-01  6.403e-01  
4.328e-02  9.905e-01  
5.987e-01  2.835e-01  
6.532e-01  2.461e-01  
3.290e-01  5.785e-01  
3.865e-01  5.182e-01  
3.852e-01  4.413e-01  
2.465e-01  8.105e-01  
5.141e-01  3.740e-01  
8.510e-02  9.887e-01  
2.922e-01  6.264e-01  
3.004e-01  5.676e-01  
7.674e-01  1.900e-01  
2.891e-01  5.322e-01  
4.359e-01  3.828e-01  
2.510e-01  7.974e-01  
6.323e-01  2.689e-01  
2.022e-01  8.812e-01  
2.522e-01  7.311e-01  
4.690e-01  3.980e-01  
5.596e-01  3.109e-01  
6.258e-01  2.659e-01  
2.772e-01  5.579e-01  
5.449e-01  3.097e-01  
1.967e-01  8.562e-01  
3.852e-01  4.413e-01  
3.298e-01  4.758e-01  
3.654e-01  4.778e-01  
5.276e-01  3.443e-01  
9.799e-01  3.486e-02  
5.589e-01  3.617e-01  
4.263e-01  4.272e-01  
6.149e-01  2.813e-01  
3.792e-03  1.010e+00  
5.104e-01  3.759e-01  
4.443e-02  9.887e-01  
5.542e-01  3.402e-01  
1.448e-01  1.004e+00  
4.215e-01  4.065e-01  
1.346e-01  1.001e+00  
4.638e-01  3.782e-01  
6.532e-01  2.461e-01  
2.891e-01  5.955e-01  
4.648e-01  4.175e-01  
3.602e-01  4.566e-01  
8.458e-01  1.498e-01  
7.945e-01  1.557e-01  
2.921e-01  5.868e-01  
4.012e-01  4.836e-01  
5.589e-01  3.617e-01  
3.654e-01  4.778e-01  
4.638e-01  3.782e-01  
5.449e-01  3.097e-01  
4.433e-01  4.158e-01  
4.113e-01  4.181e-01  
9.695e-01  4.610e-02  
7.616e-01  2.195e-01  
2.940e-01  5.735e-01  
6.297e-01  2.567e-01  
3.127e-01  5.037e-01  
1.448e-01  1.004e+00  
5.663e-01  2.976e-01  
2.808e-01  6.126e-01  
4.648e-01  4.175e-01  
8.811e-01  9.279e-02  
2.919e-01  5.680e-01  
6.323e-01  2.689e-01  
5.141e-01  3.740e-01  
7.232e-02  9.901e-01  
8.458e-01  1.498e-01  
3.347e-02  1.030e+00  
1.014e+00  6.087e-02  
6.076e-01  2.574e-01  
6.532e-01  2.461e-01  
2.022e-01  8.533e-01  
4.359e-01  3.828e-01  
9.364e-01  5.904e-02  
7.399e-01  1.872e-01  
6.653e-01  2.330e-01  
7.337e-01  2.223e-01  
4.403e-02  9.887e-01  
2.679e-01  6.625e-01  
2.081e-01  8.459e-01  
1.826e-01  1.006e+00  
6.702e-01  2.307e-01  
1.002e+00  5.910e-04  
2.469e-01  8.695e-01  
2.045e-01  8.564e-01  
2.081e-01  8.459e-01  
2.842e-01  5.634e-01  
4.108e-02  1.000e+00  
7.788e-01  1.485e-01  
9.272e-01  1.145e-01  
3.888e-03  1.183e+00  
3.406e-01  5.302e-01  
7.266e-01  2.147e-01  
7.295e-01  1.656e-01  
3.079e-01  5.294e-01  
2.759e-02  1.004e+00  
1.201e-01  9.850e-01  
6.078e-01  2.461e-01  
1.894e-02  9.971e-01  
4.697e-02  9.882e-01  
9.197e-01  7.906e-02  
2.333e-01  8.421e-01  
8.167e-01  1.323e-01  
8.458e-01  1.498e-01  
2.682e-01  5.841e-01  
9.594e-01  4.937e-02  
2.932e-01  6.431e-01  
1.894e-02  9.971e-01  
8.091e-01  1.268e-01  
8.791e-01  1.167e-01  
6.451e-02  1.056e+00  
6.986e-01  2.085e-01  
8.999e-01  7.923e-02  
1.009e+00  7.973e-03  
9.737e-01  3.546e-02  
9.989e-01  6.172e-02  
2.879e-01  6.047e-01  
9.910e-01  8.188e-03  
7.266e-01  2.147e-01  
7.154e-01  1.858e-01  
8.167e-01  1.323e-01  
2.067e-02  1.112e+00  
4.433e-01  4.158e-01  
8.870e-01  1.170e-01  
7.295e-01  1.656e-01  
7.154e-01  1.858e-01  
3.278e-02  1.000e+00  
2.842e-01  5.634e-01  
4.108e-02  1.000e+00  
2.614e-01  8.232e-01  
5.010e-01  4.204e-01  
3.153e-01  5.574e-01  
3.153e-01  5.574e-01  
7.959e-01  1.552e-01  
4.697e-02  9.882e-01  
2.478e-01  8.287e-01  
6.091e-01  2.448e-01  
3.278e-02  1.000e+00  
4.305e-02  1.021e+00  
2.733e-01  6.500e-01  
6.149e-01  2.813e-01  
6.538e-01  2.433e-01  
2.522e-01  7.311e-01  
3.888e-03  1.183e+00  
9.197e-01  7.906e-02  
1.448e-01  1.004e+00  
3.235e-02  9.925e-01  
1.553e-01  9.834e-01  
5.246e-01  3.291e-01  
4.626e-01  3.770e-01  
4.305e-02  1.021e+00  
6.258e-01  2.659e-01  
6.217e-01  3.008e-01  
3.856e-01  4.539e-01  
4.433e-01  4.158e-01  
2.679e-01  6.625e-01  
6.401e-01  2.786e-01  
4.215e-01  4.065e-01  
1.980e-02  1.160e+00  
3.791e-01  4.764e-01  
6.258e-01  2.659e-01  
4.835e-01  4.083e-01  
3.852e-01  4.413e-01  
5.589e-01  3.617e-01  
2.067e-02  1.112e+00  
3.180e-01  4.776e-01  
5.017e-01  3.561e-01  
4.359e-01  3.828e-01  
4.925e-02  1.013e+00  
2.522e-01  7.311e-01  
4.498e-01  3.825e-01  
7.295e-01  1.656e-01  
9.412e-04  1.004e+00  
4.690e-01  3.980e-01  
5.700e-01  3.143e-01  
6.323e-01  2.689e-01  
2.790e-01  6.269e-01  
5.295e-01  3.492e-01  
5.700e-01  3.143e-01  
5.663e-01  2.976e-01  
2.767e-01  5.421e-01  
8.811e-01  9.279e-02  
2.936e-01  5.738e-01  
2.427e-02  9.981e-01  
9.958e-01  7.243e-02  
6.078e-01  2.461e-01  
6.091e-01  2.448e-01  
9.948e-02  9.973e-01  
4.638e-01  3.782e-01  
3.791e-01  4.764e-01  
3.856e-01  4.539e-01  
2.022e-01  8.812e-01  
2.682e-01  5.841e-01  
3.293e-01  5.524e-01  
5.596e-01  3.109e-01  
9.279e-01  8.667e-02  
3.852e-01  4.413e-01  
2.846e-01  6.403e-01  
6.538e-01  2.433e-01  
2.819e-01  6.684e-01  
4.690e-01  3.980e-01  
6.149e-01  2.813e-01  
2.767e-01  5.421e-01  
8.359e-01  1.297e-01  
2.196e-01  8.826e-01  
5.589e-01  3.617e-01  
2.469e-01  8.695e-01  
4.468e-01  3.964e-01  
5.211e-01  4.168e-01  
2.081e-01  8.459e-01  
2.522e-01  7.311e-01  
8.053e-01  1.471e-01  
3.596e-01  5.260e-01  
3.589e-01  4.842e-01  
6.217e-01  3.008e-01  
3.153e-01  5.574e-01  
3.754e-01  5.527e-01  
3.645e-01  4.659e-01  
8.318e-02  1.036e+00  
4.359e-01  3.828e-01  
4.433e-01  4.158e-01  
6.046e-03  9.994e-01  
3.652e-01  4.532e-01  
2.919e-01  5.680e-01  
8.458e-01  1.498e-01  
5.553e-01  3.178e-01  
5.596e-01  3.109e-01  
6.076e-01  2.574e-01  
3.189e-01  5.301e-01  
2.842e-01  5.634e-01  
2.882e-01  5.781e-01  
5.295e-01  3.492e-01  
6.078e-01  2.461e-01  
6.134e-01  3.294e-01  
8.235e-01  1.735e-01  
2.846e-01  6.403e-01  
9.304e-01  5.757e-02  
4.328e-02  9.905e-01  
5.596e-01  3.109e-01  
5.295e-01  3.492e-01  
2.992e-01  5.320e-01  
6.149e-01  2.813e-01  
9.179e-02  9.998e-01  
4.690e-01  3.980e-01  
3.189e-01  5.301e-01  
5.141e-01  3.740e-01  
9.903e-01  1.629e-02  
6.626e-01  2.315e-01  
5.449e-01  3.097e-01  
2.022e-01  8.533e-01  
2.170e-03  1.019e+00  
3.189e-01  5.301e-01  
8.738e-01  1.368e-01  
3.656e-01  4.655e-01  
7.788e-01  1.485e-01  
9.752e-03  1.080e+00  
9.903e-01  1.629e-02  
5.348e-01  3.454e-01  
2.846e-01  6.403e-01  
6.770e-01  2.164e-01  
3.278e-02  1.000e+00  
8.567e-01  1.269e-01  
8.458e-01  1.498e-01  
3.940e-02  9.894e-01  
2.992e-01  5.320e-01  
3.882e-01  4.745e-01  
3.903e-01  4.299e-01  
9.092e-01  1.059e-01  
7.245e-01  1.822e-01  
2.068e-01  8.684e-01  
7.154e-01  1.858e-01  
6.960e-01  2.198e-01  
3.127e-01  5.037e-01  
4.489e-01  4.165e-01  
2.940e-01  5.735e-01  
4.433e-01  4.158e-01  
4.868e-01  3.653e-01  
2.478e-01  8.287e-01  
7.437e-01  2.204e-01  
2.625e-01  6.706e-01  
8.811e-01  9.279e-02  
3.189e-01  5.301e-01  
4.155e-01  4.044e-01  
3.785e-01  4.921e-01  
2.022e-01  8.533e-01  
2.378e-01  8.206e-01  
4.894e-01  3.850e-01  
6.323e-01  2.689e-01  
6.933e-01  2.222e-01  
3.186e-01  5.008e-01  
6.258e-01  2.659e-01  
6.076e-01  2.574e-01  
4.108e-02  1.000e+00  
6.323e-01  2.689e-01  
8.811e-01  9.279e-02  
2.096e-01  8.533e-01  
2.022e-01  8.533e-01  
3.127e-01  5.037e-01  
4.435e-01  5.143e-01  
2.473e-01  7.709e-01  
2.196e-01  8.826e-01  
3.293e-01  5.524e-01  
2.940e-01  5.735e-01  
4.690e-01  3.980e-01  
6.770e-01  2.164e-01  
3.278e-02  1.000e+00  
8.091e-01  1.268e-01  
3.852e-01  4.413e-01  
6.423e-02  1.014e+00  
1.394e-01  1.004e+00  
7.337e-01  2.223e-01  
2.679e-01  6.625e-01  
2.469e-01  8.695e-01  
2.936e-01  5.738e-01  
9.487e-01  5.163e-02  
8.811e-01  9.279e-02  
2.879e-01  6.047e-01  
9.903e-01  1.629e-02  
5.295e-01  3.492e-01  
2.932e-01  6.431e-01  
9.187e-01  1.024e-01  
2.510e-01  7.974e-01  
1.953e-02  1.033e+00  
9.910e-01  8.188e-03  
2.510e-01  7.974e-01  
7.232e-02  9.901e-01  
7.267e-01  1.753e-01  
9.364e-01  5.904e-02  
6.532e-01  2.461e-01  
8.337e-01  1.341e-01  
9.657e-01  4.392e-02  
2.465e-01  8.105e-01  
2.045e-01  8.564e-01  
6.940e-01  1.978e-01  
5.849e-01  2.820e-01  
1.000e+00  1.086e-02  
5.596e-01  3.109e-01  
6.702e-01  2.307e-01  
7.788e-01  1.485e-01  
9.594e-01  4.937e-02  
1.000e+00  1.086e-02  
6.972e-02  9.892e-01  
2.022e-01  8.533e-01  
7.266e-01  2.147e-01  
4.697e-02  9.882e-01  
8.774e-01  1.329e-01  
2.922e-01  6.264e-01  
6.451e-02  1.056e+00  
2.940e-01  5.735e-01  
9.948e-02  9.973e-01  
2.465e-01  8.105e-01  
2.973e-02  1.061e+00  
8.359e-01  1.297e-01  
9.304e-01  5.757e-02  
1.005e+00  1.319e-02  
4.925e-02  1.013e+00  
3.888e-03  1.183e+00  
8.167e-01  1.323e-01  
9.948e-02  9.973e-01  
1.000e+00  1.086e-02  
9.799e-01  3.486e-02  
9.594e-01  4.937e-02  
2.961e-02  1.044e+00  
1.000e+00  1.086e-02  
1.237e-02  1.029e+00  
1.000e+00  4.195e-02  
1.000e+00  1.086e-02  
9.179e-02  9.998e-01  
8.245e-01  1.814e-01  
9.999e-01  6.954e-05  
2.156e-03  1.001e+00  
9.963e-01  2.408e-02  
9.561e-01  6.198e-02  
7.944e-01  1.488e-01  
2.628e-02  9.943e-01  
9.092e-01  1.059e-01  
9.641e-01  8.866e-02  
9.903e-01  1.629e-02  
9.799e-01  3.486e-02  
3.153e-01  5.574e-01  
4.701e-02  1.008e+00  
9.364e-01  5.904e-02  
3.278e-02  1.000e+00  
9.179e-02  9.998e-01  
2.067e-02  1.112e+00  
6.538e-01  2.433e-01  
8.359e-01  1.297e-01  
1.346e-01  1.001e+00  
6.940e-01  1.978e-01  
9.997e-01  1.048e-03  
2.894e-01  5.212e-01  
2.932e-01  6.431e-01  
2.932e-01  6.431e-01  
5.276e-01  3.443e-01  
9.187e-01  1.024e-01  
2.628e-02  9.943e-01  
2.473e-01  7.709e-01  
9.364e-01  5.904e-02  
8.458e-01  1.498e-01  
3.235e-02  9.925e-01  
9.735e-01  3.658e-02  
5.348e-01  3.454e-01  
3.298e-01  4.758e-01  
9.910e-01  8.188e-03  
7.115e-01  2.089e-01  
7.266e-01  2.147e-01  
3.193e-01  4.743e-01  
2.921e-01  5.868e-01  
1.894e-02  9.971e-01  
3.278e-02  1.000e+00  
2.465e-01  8.105e-01  
2.465e-01  8.105e-01  
4.690e-01  3.980e-01  
5.398e-01  3.387e-01  
3.785e-01  4.921e-01  
8.319e-01  1.410e-01  
3.326e-01  4.990e-01  
4.868e-01  3.653e-01  
8.774e-01  1.329e-01  
9.179e-02  9.998e-01  
7.154e-01  1.858e-01  
3.242e-01  5.040e-01  
3.290e-01  5.785e-01  
9.799e-01  3.486e-02  
3.785e-01  4.921e-01  
2.045e-01  8.564e-01  
2.968e-01  5.704e-01  
3.181e-01  5.247e-01  
6.089e-01  2.662e-01  
2.045e-01  8.564e-01  
3.326e-01  4.990e-01  
1.005e+00  1.319e-02  
7.154e-01  1.858e-01  
2.679e-01  6.625e-01  
9.885e-01  1.934e-02  
3.818e-02  9.878e-01  
5.134e-01  3.451e-01  
4.112e-01  4.370e-01  
2.101e-01  9.977e-01  
5.895e-01  2.890e-01  
9.989e-01  6.172e-02  
9.487e-01  5.163e-02  
4.052e-01  4.067e-01  
6.423e-02  1.014e+00  
4.215e-01  4.065e-01  
2.940e-01  5.735e-01  
2.170e-03  1.019e+00  
6.423e-02  1.014e+00  
5.134e-01  3.451e-01  
6.960e-01  2.198e-01  
6.109e-01  3.102e-01  
1.171e-02  1.027e+00  
3.792e-03  1.010e+00  
4.648e-01  4.175e-01  
5.010e-01  4.204e-01  
7.337e-01  2.223e-01  
2.022e-01  8.533e-01  
4.155e-01  4.044e-01  
