2.011e-02  9.954e-01  
1.078e+00  2.910e-02  
3.988e-01  4.300e-01  
7.079e-01  1.844e-01  
2.242e-01  6.468e-01  
5.918e-01  3.119e-01  
1.001e-01  8.022e-01  
3.106e-01  4.923e-01  
8.787e-01  1.279e-01  
9.825e-01  5.482e-02  
4.722e-02  9.437e-01  
4.713e-01  3.407e-01  
5.881e-01  2.435e-01  
2.777e-01  6.105e-01  
3.701e-01  4.424e-01  
7.134e-01  1.689e-01  
1.410e-01  6.841e-01  
1.337e-01  7.290e-01  
5.855e-01  2.593e-01  
8.173e-01  1.451e-01  
3.613e-01  4.793e-01  
4.665e-01  3.756e-01  
3.722e-01  4.177e-01  
9.387e-01  6.474e-02  
4.774e-01  3.266e-01  
1.063e+00  3.037e-02  
2.528e-01  5.667e-01  
2.631e-02  9.064e-01  
3.605e-01  4.611e-01  
8.850e-02  8.262e-01  
6.111e-01  2.375e-01  
6.926e-01  1.952e-01  
1.895e-01  6.794e-01  
7.006e-01  1.833e-01  
9.536e-01  5.522e-02  
2.011e-02  9.954e-01  
2.597e-01  5.656e-01  
1.252e-01  7.381e-01  
6.962e-02  8.686e-01  
5.865e-01  2.704e-01  
3.699e-01  4.447e-01  
4.716e-01  3.375e-01  
3.342e-01  4.688e-01  
2.362e-01  5.532e-01  
1.410e-01  6.841e-01  
6.934e-01  1.930e-01  
4.716e-01  3.375e-01  
9.669e-01  9.277e-02  
4.725e-01  3.824e-01  
2.103e-01  6.361e-01  
3.666e-01  4.307e-01  
2.746e-01  5.364e-01  
1.851e-02  1.071e+00  
5.869e-01  2.794e-01  
6.673e-02  8.648e-01  
4.135e-01  4.257e-01  
5.919e-01  2.583e-01  
1.063e+00  3.037e-02  
2.375e-01  6.485e-01  
8.787e-01  1.279e-01  
8.173e-01  1.451e-01  
3.436e-01  4.725e-01  
7.497e-01  1.728e-01  
6.860e-01  2.010e-01  
1.563e-01  7.137e-01  
7.373e-01  1.730e-01  
3.233e-02  9.285e-01  
6.302e-01  2.555e-01  
4.077e-01  4.115e-01  
4.716e-01  3.375e-01  
7.373e-01  1.730e-01  
1.717e-01  6.409e-01  
5.888e-01  2.620e-01  
3.073e-01  5.490e-01  
3.921e-01  4.384e-01  
1.410e-01  6.841e-01  
1.129e-01  7.644e-01  
6.934e-01  1.930e-01  
4.891e-01  3.317e-01  
9.423e-01  6.242e-02  
5.083e-01  3.260e-01  
2.597e-01  5.656e-01  
3.550e-01  4.348e-01  
4.904e-01  3.248e-01  
3.459e-01  4.439e-01  
4.792e-01  3.198e-01  
1.497e-01  7.113e-01  
2.631e-02  9.064e-01  
3.051e-01  4.924e-01  
4.735e-01  3.309e-01  
2.322e-01  6.007e-01  
6.934e-01  1.930e-01  
1.026e+00  4.467e-02  
3.086e-02  9.422e-01  
8.337e-01  1.347e-01  
2.528e-01  5.667e-01  
3.647e-01  4.386e-01  
5.806e-01  2.580e-01  
2.446e-01  5.881e-01  
4.668e-01  3.711e-01  
6.321e-02  8.588e-01  
1.337e-01  7.290e-01  
4.716e-01  3.375e-01  
9.915e-02  7.576e-01  
5.806e-01  2.580e-01  
8.173e-01  1.451e-01  
1.851e-02  1.071e+00  
3.666e-01  4.307e-01  
5.919e-01  2.583e-01  
7.804e-01  2.290e-01  
3.613e-01  4.793e-01  
1.814e-01  6.372e-01  
2.528e-01  5.667e-01  
3.550e-01  4.348e-01  
2.362e-01  5.532e-01  
9.590e-01  1.173e-01  
1.563e-01  7.137e-01  
7.315e-01  1.653e-01  
4.806e-02  1.083e+00  
8.379e-01  1.205e-01  
1.035e+00  3.281e-02  
2.227e-01  6.159e-01  
9.536e-01  5.522e-02  
1.615e-01  6.816e-01  
6.905e-01  2.249e-01  
1.851e-02  1.071e+00  
9.577e-01  8.595e-02  
3.342e-01  4.688e-01  
1.126e+00  3.266e-02  
3.051e-01  4.924e-01  
9.669e-01  9.277e-02  
1.262e-01  7.316e-01  
1.340e-01  7.271e-01  
8.850e-02  8.262e-01  
1.035e+00  3.281e-02  
8.262e-01  1.270e-01  
1.088e+00  3.001e-02  
2.383e-01  5.884e-01  
7.249e-01  1.849e-01  
2.293e-01  6.569e-01  
3.807e-02  8.713e-01  
5.865e-01  2.704e-01  
5.980e-01  2.888e-01  
2.971e-01  5.328e-01  
3.432e-01  4.459e-01  
4.064e-01  4.512e-01  
1.906e-01  6.547e-01  
5.031e-01  3.470e-01  
1.129e-01  7.644e-01  
2.420e-01  5.732e-01  
2.528e-01  5.667e-01  
7.079e-01  1.844e-01  
3.095e-01  5.227e-01  
5.031e-01  3.470e-01  
1.760e-01  6.630e-01  
5.880e-01  2.772e-01  
1.478e-01  7.048e-01  
2.375e-01  6.485e-01  
4.660e-01  3.414e-01  
5.083e-01  3.260e-01  
6.011e-01  2.576e-01  
2.446e-01  5.881e-01  
5.887e-01  2.485e-01  
1.478e-01  7.048e-01  
3.550e-01  4.348e-01  
3.605e-01  4.611e-01  
3.666e-01  4.307e-01  
4.998e-01  3.557e-01  
9.892e-01  4.636e-02  
4.828e-01  3.224e-01  
3.786e-01  4.256e-01  
5.877e-01  2.860e-01  
2.011e-02  9.954e-01  
4.794e-01  3.463e-01  
3.233e-02  9.285e-01  
4.774e-01  3.266e-01  
1.178e-01  7.554e-01  
3.806e-01  4.252e-01  
1.016e-01  7.899e-01  
4.665e-01  3.352e-01  
5.881e-01  2.435e-01  
2.463e-01  5.480e-01  
3.605e-01  4.611e-01  
3.605e-01  4.611e-01  
7.041e-01  2.017e-01  
6.934e-01  1.930e-01  
2.375e-01  6.485e-01  
3.542e-01  4.353e-01  
4.679e-01  3.350e-01  
3.613e-01  4.793e-01  
4.665e-01  3.756e-01  
5.918e-01  3.119e-01  
3.647e-01  4.386e-01  
3.786e-01  4.256e-01  
9.825e-01  5.482e-02  
6.892e-01  1.901e-01  
2.746e-01  5.364e-01  
5.980e-01  2.888e-01  
3.613e-01  4.793e-01  
1.228e-01  7.233e-01  
5.980e-01  2.888e-01  
2.528e-01  5.667e-01  
4.714e-01  3.932e-01  
9.405e-01  8.473e-02  
2.971e-01  5.328e-01  
6.019e-01  2.825e-01  
4.668e-01  3.711e-01  
7.193e-02  8.475e-01  
7.313e-01  1.625e-01  
3.456e-02  8.829e-01  
9.727e-01  5.418e-02  
6.011e-01  2.576e-01  
5.918e-01  3.119e-01  
1.760e-01  6.630e-01  
3.701e-01  4.424e-01  
9.727e-01  5.418e-02  
6.933e-01  1.930e-01  
5.941e-01  2.488e-01  
6.934e-01  1.930e-01  
9.332e-02  7.974e-01  
2.103e-01  6.361e-01  
1.532e-01  7.174e-01  
1.178e-01  7.554e-01  
6.860e-01  2.010e-01  
1.067e+00  3.892e-02  
1.981e-01  6.563e-01  
1.570e-01  7.799e-01  
1.615e-01  6.816e-01  
2.597e-01  5.656e-01  
6.321e-02  8.588e-01  
8.114e-01  1.563e-01  
8.787e-01  1.279e-01  
2.011e-02  9.954e-01  
3.605e-01  4.611e-01  
6.984e-01  1.921e-01  
6.981e-01  1.855e-01  
3.134e-01  4.718e-01  
5.406e-02  8.458e-01  
1.001e-01  8.022e-01  
5.806e-01  2.580e-01  
2.284e-02  9.610e-01  
5.201e-02  8.571e-01  
9.669e-01  9.277e-02  
1.760e-01  6.630e-01  
8.168e-01  1.395e-01  
7.373e-01  1.730e-01  
2.290e-01  5.809e-01  
9.727e-01  5.418e-02  
2.463e-01  5.480e-01  
2.284e-02  9.610e-01  
8.168e-01  1.395e-01  
8.317e-01  1.195e-01  
5.201e-02  8.571e-01  
7.373e-01  1.730e-01  
9.577e-01  8.595e-02  
1.083e+00  2.760e-02  
9.892e-01  4.636e-02  
1.126e+00  3.266e-02  
2.566e-01  5.554e-01  
1.067e+00  3.892e-02  
6.936e-01  1.997e-01  
6.897e-01  2.022e-01  
8.167e-01  1.395e-01  
2.011e-02  9.954e-01  
3.701e-01  4.424e-01  
8.317e-01  1.195e-01  
7.059e-01  1.758e-01  
7.013e-01  1.827e-01  
5.683e-02  8.762e-01  
2.566e-01  5.554e-01  
6.962e-02  8.686e-01  
1.974e-01  6.398e-01  
4.665e-01  3.756e-01  
3.233e-01  5.317e-01  
2.597e-01  5.217e-01  
7.105e-01  1.669e-01  
1.178e-01  7.554e-01  
2.293e-01  6.569e-01  
6.011e-01  2.576e-01  
5.076e-02  8.502e-01  
6.925e-02  8.566e-01  
2.429e-01  5.686e-01  
5.880e-01  2.630e-01  
5.941e-01  2.488e-01  
1.760e-01  6.630e-01  
1.690e-02  1.075e+00  
9.447e-01  8.292e-02  
1.313e-01  6.958e-01  
3.456e-02  8.829e-01  
1.340e-01  7.271e-01  
4.900e-01  3.213e-01  
4.653e-01  3.474e-01  
1.016e-01  7.899e-01  
5.862e-01  2.521e-01  
5.865e-01  2.704e-01  
3.701e-01  4.424e-01  
3.921e-01  4.384e-01  
2.597e-01  5.656e-01  
5.865e-01  2.704e-01  
3.758e-01  4.133e-01  
1.690e-02  1.075e+00  
3.550e-01  4.348e-01  
5.881e-01  2.435e-01  
5.031e-01  3.470e-01  
3.670e-01  4.310e-01  
4.867e-01  3.261e-01  
4.806e-02  1.083e+00  
3.701e-01  4.424e-01  
4.991e-01  3.558e-01  
4.135e-01  4.257e-01  
1.313e-01  6.958e-01  
2.375e-01  6.485e-01  
4.665e-01  3.756e-01  
7.249e-01  1.849e-01  
1.129e-01  7.644e-01  
4.660e-01  3.414e-01  
5.919e-01  2.583e-01  
5.877e-01  2.860e-01  
2.395e-01  5.876e-01  
4.665e-01  3.756e-01  
5.918e-01  3.119e-01  
4.891e-01  3.317e-01  
2.566e-01  5.554e-01  
8.295e-01  1.350e-01  
2.971e-01  5.328e-01  
1.337e-01  7.290e-01  
9.601e-01  7.252e-02  
5.881e-01  2.435e-01  
5.941e-01  2.488e-01  
1.178e-01  7.554e-01  
4.721e-01  3.602e-01  
3.747e-01  4.186e-01  
3.806e-01  4.252e-01  
1.129e-01  7.644e-01  
2.383e-01  5.884e-01  
3.605e-01  4.611e-01  
5.919e-01  2.583e-01  
8.304e-01  1.234e-01  
3.550e-01  4.348e-01  
2.420e-01  5.732e-01  
5.869e-01  2.794e-01  
2.528e-01  5.667e-01  
4.680e-01  3.346e-01  
5.855e-01  2.593e-01  
2.420e-01  5.732e-01  
8.295e-01  1.350e-01  
1.563e-01  7.137e-01  
4.890e-01  3.713e-01  
1.911e-01  6.787e-01  
4.077e-01  4.115e-01  
4.725e-01  3.824e-01  
1.760e-01  6.630e-01  
2.242e-01  6.468e-01  
8.083e-01  1.453e-01  
3.432e-01  4.459e-01  
3.253e-01  4.490e-01  
5.980e-01  2.888e-01  
3.265e-01  4.866e-01  
3.613e-01  4.793e-01  
3.699e-01  4.447e-01  
9.220e-02  7.746e-01  
4.077e-01  4.115e-01  
3.758e-01  4.133e-01  
3.233e-02  9.285e-01  
3.921e-01  4.384e-01  
3.073e-01  5.490e-01  
8.173e-01  1.451e-01  
4.998e-01  3.557e-01  
5.865e-01  2.704e-01  
5.941e-01  2.488e-01  
3.613e-01  4.793e-01  
3.002e-01  5.381e-01  
2.468e-01  5.662e-01  
4.721e-01  3.602e-01  
5.887e-01  2.485e-01  
5.031e-01  3.470e-01  
7.105e-01  1.669e-01  
2.103e-01  6.361e-01  
9.387e-01  6.474e-02  
5.288e-02  9.095e-01  
5.918e-01  3.119e-01  
4.774e-01  3.266e-01  
3.787e-01  5.101e-01  
4.774e-01  3.266e-01  
1.178e-01  7.554e-01  
4.890e-01  3.713e-01  
3.265e-01  4.866e-01  
4.714e-01  3.932e-01  
9.387e-01  6.474e-02  
5.881e-01  2.435e-01  
6.011e-01  2.576e-01  
1.532e-01  7.174e-01  
1.690e-02  1.075e+00  
2.566e-01  5.554e-01  
8.291e-01  1.334e-01  
3.647e-01  4.386e-01  
7.313e-01  1.625e-01  
1.140e-02  1.033e+00  
1.092e+00  2.915e-02  
4.792e-01  3.198e-01  
2.446e-01  5.881e-01  
6.787e-01  2.197e-01  
3.233e-02  9.285e-01  
8.295e-01  1.350e-01  
8.188e-01  1.423e-01  
6.656e-02  8.355e-01  
2.420e-01  5.732e-01  
3.666e-01  4.307e-01  
3.747e-01  4.186e-01  
9.322e-01  8.845e-02  
7.373e-01  1.730e-01  
1.615e-01  6.816e-01  
6.981e-01  1.855e-01  
6.849e-01  1.947e-01  
3.287e-01  4.839e-01  
4.714e-01  3.932e-01  
3.091e-01  5.242e-01  
3.666e-01  4.307e-01  
4.756e-01  3.335e-01  
2.242e-01  6.468e-01  
6.849e-01  1.947e-01  
2.375e-01  6.485e-01  
9.373e-01  6.867e-02  
2.971e-01  5.328e-01  
3.806e-01  4.252e-01  
3.551e-01  4.694e-01  
1.594e-01  7.078e-01  
1.760e-01  6.630e-01  
4.660e-01  3.414e-01  
6.011e-01  2.576e-01  
6.567e-01  2.311e-01  
3.051e-01  4.924e-01  
6.011e-01  2.576e-01  
6.025e-01  2.923e-01  
3.456e-02  8.829e-01  
6.860e-01  2.010e-01  
9.669e-01  9.277e-02  
1.684e-01  6.810e-01  
1.313e-01  6.958e-01  
3.233e-01  5.317e-01  
3.806e-01  4.252e-01  
1.865e-01  6.515e-01  
1.684e-01  6.810e-01  
2.746e-01  5.364e-01  
2.780e-01  5.239e-01  
4.774e-01  3.266e-01  
6.984e-01  1.921e-01  
5.856e-02  8.110e-01  
7.373e-01  1.730e-01  
3.666e-01  4.307e-01  
7.193e-02  8.475e-01  
1.260e-01  7.112e-01  
6.926e-01  1.952e-01  
2.453e-01  5.813e-01  
1.621e-01  6.857e-01  
2.690e-01  5.174e-01  
9.466e-01  5.541e-02  
8.439e-01  1.214e-01  
2.292e-01  5.639e-01  
1.126e+00  3.266e-02  
4.891e-01  3.317e-01  
2.468e-01  5.662e-01  
8.581e-01  1.226e-01  
1.906e-01  6.547e-01  
3.918e-02  9.211e-01  
1.063e+00  3.037e-02  
2.042e-01  6.297e-01  
1.171e-01  7.162e-01  
6.926e-01  1.952e-01  
9.457e-01  5.750e-02  
5.881e-01  2.435e-01  
7.041e-01  2.017e-01  
9.536e-01  5.522e-02  
1.621e-01  6.857e-01  
1.684e-01  6.810e-01  
6.860e-01  2.010e-01  
5.877e-01  2.860e-01  
9.727e-01  5.418e-02  
5.919e-01  2.583e-01  
6.818e-01  1.998e-01  
7.059e-01  1.758e-01  
9.423e-01  6.242e-02  
1.063e+00  3.037e-02  
3.233e-02  9.285e-01  
1.684e-01  6.810e-01  
6.849e-01  1.947e-01  
1.178e-01  7.554e-01  
8.291e-01  1.334e-01  
2.566e-01  5.554e-01  
3.456e-02  8.829e-01  
2.829e-01  6.049e-01  
9.915e-02  7.576e-01  
1.717e-01  6.409e-01  
2.011e-02  9.954e-01  
8.787e-01  1.279e-01  
9.631e-01  8.301e-02  
1.030e+00  3.586e-02  
7.456e-02  8.152e-01  
1.851e-02  1.071e+00  
8.173e-01  1.451e-01  
1.040e-01  7.670e-01  
1.067e+00  3.892e-02  
1.095e+00  3.859e-02  
9.601e-01  7.252e-02  
3.456e-02  8.829e-01  
1.034e+00  3.281e-02  
1.690e-02  1.075e+00  
1.067e+00  3.892e-02  
9.727e-01  5.418e-02  
1.410e-01  6.841e-01  
7.079e-01  1.844e-01  
1.088e+00  3.001e-02  
9.915e-02  7.576e-01  
1.034e+00  3.281e-02  
9.457e-01  5.750e-02  
7.249e-01  1.849e-01  
3.456e-02  8.829e-01  
8.787e-01  1.279e-01  
9.536e-01  5.522e-02  
1.124e+00  3.308e-02  
9.536e-01  5.522e-02  
2.566e-01  5.554e-01  
1.122e-01  7.443e-01  
9.601e-01  7.252e-02  
5.462e-02  8.795e-01  
1.532e-01  7.174e-01  
5.288e-02  9.095e-01  
6.892e-01  1.901e-01  
8.284e-01  1.372e-01  
1.065e-01  7.847e-01  
6.955e-01  1.825e-01  
1.126e+00  3.266e-02  
2.439e-01  5.616e-01  
2.528e-01  5.667e-01  
3.287e-01  4.839e-01  
4.716e-01  3.375e-01  
8.622e-01  1.188e-01  
4.562e-02  1.108e+00  
1.684e-01  6.810e-01  
9.669e-01  9.277e-02  
7.079e-01  1.844e-01  
6.962e-02  8.686e-01  
1.067e+00  3.892e-02  
4.838e-01  3.252e-01  
3.106e-01  4.923e-01  
1.069e+00  2.943e-02  
6.849e-01  1.947e-01  
6.984e-01  1.921e-01  
2.944e-01  5.136e-01  
2.468e-01  5.662e-01  
8.850e-02  8.262e-01  
3.233e-02  9.285e-01  
1.974e-01  6.398e-01  
1.906e-01  6.547e-01  
4.890e-01  3.713e-01  
4.792e-01  3.198e-01  
3.699e-01  4.447e-01  
8.167e-01  1.395e-01  
3.265e-01  4.866e-01  
5.031e-01  3.470e-01  
8.291e-01  1.334e-01  
9.915e-02  7.576e-01  
6.897e-01  2.022e-01  
2.936e-01  5.227e-01  
3.091e-01  5.242e-01  
9.825e-01  5.482e-02  
3.863e-01  4.942e-01  
1.410e-01  6.841e-01  
2.597e-01  5.217e-01  
3.091e-01  5.242e-01  
5.880e-01  2.772e-01  
1.684e-01  6.810e-01  
3.432e-01  4.459e-01  
1.126e+00  3.266e-02  
6.984e-01  1.921e-01  
2.468e-01  5.662e-01  
1.063e+00  3.037e-02  
1.410e-01  6.841e-01  
4.800e-01  3.209e-01  
3.858e-01  4.313e-01  
1.337e-01  7.290e-01  
5.919e-01  2.583e-01  
9.825e-01  5.482e-02  
9.870e-01  5.552e-02  
3.701e-01  4.424e-01  
5.076e-02  8.502e-01  
3.988e-01  4.300e-01  
2.746e-01  5.364e-01  
1.632e-02  9.513e-01  
9.915e-02  7.576e-01  
4.716e-01  3.375e-01  
6.792e-01  2.156e-01  
5.918e-01  3.119e-01  
1.689e-02  9.922e-01  
2.047e-02  1.018e+00  
4.721e-01  3.602e-01  
4.668e-01  3.711e-01  
5.910e-01  2.455e-01  
1.621e-01  6.857e-01  
3.758e-01  4.133e-01  
