1.649e-02  9.634e-01  
9.596e-01  4.993e-02  
4.417e-01  4.489e-01  
6.260e-01  2.508e-01  
2.090e-01  6.147e-01  
5.027e-01  3.420e-01  
9.964e-02  8.264e-01  
2.145e-01  5.746e-01  
9.145e-01  1.130e-01  
9.315e-01  6.338e-02  
4.781e-02  8.450e-01  
4.459e-01  3.594e-01  
5.792e-01  2.779e-01  
1.859e-01  6.212e-01  
3.350e-01  4.630e-01  
7.049e-01  2.255e-01  
1.506e-01  6.836e-01  
1.196e-01  7.568e-01  
5.504e-01  3.198e-01  
9.161e-01  1.179e-01  
2.703e-01  5.146e-01  
4.320e-01  4.210e-01  
3.416e-01  4.705e-01  
9.264e-01  1.309e-01  
4.657e-01  3.576e-01  
9.315e-01  6.338e-02  
2.057e-01  6.117e-01  
3.005e-02  9.552e-01  
3.280e-01  4.757e-01  
7.100e-02  8.098e-01  
5.900e-01  2.618e-01  
6.699e-01  2.310e-01  
1.773e-01  6.410e-01  
6.868e-01  2.248e-01  
9.254e-01  7.721e-02  
3.633e-02  9.276e-01  
2.592e-01  5.314e-01  
1.196e-01  7.749e-01  
9.438e-02  7.856e-01  
4.721e-01  3.786e-01  
3.575e-01  5.189e-01  
5.182e-01  3.555e-01  
2.878e-01  5.155e-01  
2.339e-01  5.579e-01  
1.433e-01  7.254e-01  
6.051e-01  2.622e-01  
4.630e-01  3.584e-01  
9.179e-01  9.329e-02  
4.390e-01  3.851e-01  
2.040e-01  5.941e-01  
4.166e-01  4.998e-01  
2.383e-01  5.710e-01  
1.735e-02  1.001e+00  
5.695e-01  3.063e-01  
4.781e-02  8.450e-01  
4.724e-01  4.219e-01  
5.920e-01  2.673e-01  
9.596e-01  4.993e-02  
1.851e-01  6.143e-01  
9.190e-01  1.225e-01  
9.166e-01  1.101e-01  
3.212e-01  4.711e-01  
9.177e-01  1.524e-01  
6.142e-01  2.360e-01  
1.548e-01  6.488e-01  
6.844e-01  2.257e-01  
9.438e-02  7.856e-01  
5.900e-01  2.618e-01  
3.676e-01  4.336e-01  
4.357e-01  4.085e-01  
7.754e-01  2.407e-01  
1.595e-01  6.290e-01  
6.266e-01  2.713e-01  
2.974e-01  5.044e-01  
4.320e-01  4.210e-01  
1.433e-01  7.254e-01  
1.047e-01  8.150e-01  
5.966e-01  2.437e-01  
5.097e-01  3.185e-01  
9.250e-01  7.736e-02  
5.336e-01  3.163e-01  
2.339e-01  5.579e-01  
3.350e-01  4.630e-01  
5.312e-01  3.222e-01  
3.443e-01  4.696e-01  
5.312e-01  3.222e-01  
1.433e-01  7.254e-01  
2.866e-02  9.090e-01  
3.159e-01  5.178e-01  
4.762e-01  3.564e-01  
2.040e-01  5.941e-01  
6.297e-01  2.415e-01  
9.371e-01  6.906e-02  
3.656e-02  9.168e-01  
9.149e-01  9.168e-02  
2.383e-01  5.710e-01  
3.002e-01  4.827e-01  
5.279e-01  3.844e-01  
2.456e-01  5.755e-01  
4.234e-01  3.853e-01  
6.790e-02  9.015e-01  
1.260e-01  7.365e-01  
4.500e-01  3.615e-01  
1.047e-01  8.150e-01  
5.880e-01  2.840e-01  
9.161e-01  1.179e-01  
2.441e-02  9.306e-01  
4.187e-01  4.057e-01  
5.808e-01  2.619e-01  
6.645e-01  2.463e-01  
3.327e-01  4.745e-01  
1.722e-01  6.261e-01  
2.703e-01  5.146e-01  
2.944e-01  4.747e-01  
2.178e-01  6.106e-01  
9.162e-01  1.236e-01  
1.487e-01  6.396e-01  
9.265e-01  1.551e-01  
2.866e-02  9.090e-01  
9.120e-01  1.345e-01  
9.494e-01  5.070e-02  
2.057e-01  6.117e-01  
9.319e-01  8.845e-02  
1.678e-01  6.318e-01  
5.900e-01  2.618e-01  
1.590e-02  1.050e+00  
9.319e-01  8.845e-02  
2.955e-01  5.198e-01  
9.549e-01  5.394e-02  
2.824e-01  5.406e-01  
9.735e-01  7.805e-02  
1.196e-01  7.568e-01  
1.328e-01  6.671e-01  
8.015e-02  7.956e-01  
9.703e-01  5.116e-02  
9.246e-01  1.341e-01  
9.638e-01  5.672e-02  
1.634e-01  6.548e-01  
6.699e-01  2.310e-01  
1.883e-01  6.198e-01  
3.633e-02  9.276e-01  
5.504e-01  3.198e-01  
6.025e-01  2.676e-01  
3.112e-01  5.335e-01  
3.412e-01  4.811e-01  
4.320e-01  4.210e-01  
1.851e-01  6.143e-01  
4.795e-01  3.626e-01  
1.147e-01  7.521e-01  
2.057e-01  6.117e-01  
2.668e-01  5.491e-01  
7.295e-01  2.595e-01  
2.703e-01  5.146e-01  
4.471e-01  3.789e-01  
1.883e-01  6.198e-01  
5.312e-01  3.222e-01  
1.407e-01  6.693e-01  
2.206e-01  6.103e-01  
4.339e-01  3.730e-01  
5.132e-01  3.158e-01  
6.004e-01  2.694e-01  
2.145e-01  5.746e-01  
5.210e-01  3.314e-01  
1.499e-01  6.571e-01  
4.166e-01  4.998e-01  
2.955e-01  5.198e-01  
3.452e-01  5.154e-01  
4.772e-01  3.521e-01  
9.319e-01  8.845e-02  
5.027e-01  3.420e-01  
4.270e-01  3.899e-01  
5.596e-01  2.977e-01  
1.346e-02  9.573e-01  
4.721e-01  3.786e-01  
4.791e-02  8.519e-01  
4.762e-01  3.564e-01  
8.836e-02  7.821e-01  
3.338e-01  4.567e-01  
7.100e-02  8.098e-01  
4.555e-01  3.703e-01  
6.051e-01  2.622e-01  
2.231e-01  6.449e-01  
3.412e-01  4.811e-01  
3.002e-01  4.827e-01  
9.161e-01  1.179e-01  
7.441e-01  2.399e-01  
1.899e-01  6.561e-01  
3.141e-01  4.779e-01  
4.762e-01  3.564e-01  
3.280e-01  4.757e-01  
4.270e-01  3.899e-01  
4.795e-01  3.626e-01  
4.320e-01  4.210e-01  
3.570e-01  4.758e-01  
9.368e-01  7.845e-02  
6.868e-01  2.248e-01  
2.957e-01  5.417e-01  
6.025e-01  2.676e-01  
3.137e-01  4.701e-01  
1.047e-01  8.150e-01  
4.890e-01  3.471e-01  
2.383e-01  5.710e-01  
4.234e-01  3.853e-01  
9.222e-01  9.738e-02  
2.653e-01  5.502e-01  
5.809e-01  3.134e-01  
4.762e-01  3.564e-01  
5.834e-02  8.364e-01  
6.844e-01  2.257e-01  
2.307e-02  9.321e-01  
9.254e-01  7.721e-02  
5.808e-01  2.619e-01  
5.546e-01  3.008e-01  
1.487e-01  6.396e-01  
4.417e-01  4.489e-01  
9.319e-01  8.845e-02  
6.260e-01  2.508e-01  
6.297e-01  2.415e-01  
6.260e-01  2.508e-01  
7.675e-02  8.354e-01  
1.634e-01  6.548e-01  
1.638e-01  6.470e-01  
2.090e-01  6.147e-01  
6.338e-01  2.441e-01  
9.371e-01  6.906e-02  
1.859e-01  6.212e-01  
1.499e-01  6.571e-01  
2.090e-01  6.147e-01  
2.668e-01  5.491e-01  
7.675e-02  8.354e-01  
9.265e-01  1.551e-01  
9.145e-01  1.130e-01  
1.513e-02  9.821e-01  
3.231e-01  4.748e-01  
6.051e-01  2.622e-01  
6.260e-01  2.508e-01  
2.995e-01  5.059e-01  
4.781e-02  8.450e-01  
9.753e-02  7.794e-01  
5.855e-01  2.867e-01  
1.971e-02  1.025e+00  
6.182e-02  8.322e-01  
9.162e-01  1.236e-01  
1.631e-01  6.332e-01  
9.146e-01  1.412e-01  
9.181e-01  1.252e-01  
2.145e-01  5.746e-01  
9.204e-01  9.405e-02  
2.645e-01  6.056e-01  
2.340e-02  9.597e-01  
9.239e-01  1.423e-01  
9.177e-01  1.524e-01  
3.333e-02  9.031e-01  
6.025e-01  2.676e-01  
9.166e-01  1.027e-01  
9.535e-01  4.883e-02  
9.382e-01  6.628e-02  
9.766e-01  6.701e-02  
2.402e-01  5.625e-01  
9.382e-01  6.628e-02  
6.868e-01  2.248e-01  
7.441e-01  2.399e-01  
9.290e-01  1.067e-01  
2.340e-02  9.597e-01  
4.137e-01  4.075e-01  
9.264e-01  1.309e-01  
9.214e-01  1.152e-01  
7.295e-01  2.595e-01  
2.866e-02  9.090e-01  
2.638e-01  5.783e-01  
9.753e-02  7.794e-01  
1.679e-01  6.253e-01  
4.320e-01  4.210e-01  
3.141e-01  4.779e-01  
2.703e-01  5.146e-01  
7.935e-01  2.309e-01  
9.753e-02  7.794e-01  
1.692e-01  6.221e-01  
6.025e-01  2.676e-01  
5.510e-02  8.278e-01  
7.675e-02  8.354e-01  
2.231e-01  6.449e-01  
5.880e-01  2.840e-01  
5.870e-01  2.642e-01  
1.851e-01  6.143e-01  
1.971e-02  1.025e+00  
9.161e-01  1.179e-01  
1.196e-01  7.749e-01  
4.791e-02  8.519e-01  
2.090e-01  6.147e-01  
4.795e-01  3.626e-01  
4.270e-01  3.899e-01  
8.015e-02  7.956e-01  
5.546e-01  3.008e-01  
5.641e-01  3.096e-01  
4.012e-01  4.665e-01  
3.570e-01  4.758e-01  
2.595e-01  5.835e-01  
5.374e-01  2.997e-01  
4.339e-01  3.730e-01  
3.633e-02  9.276e-01  
3.231e-01  4.748e-01  
5.752e-01  2.768e-01  
4.357e-01  4.085e-01  
3.350e-01  4.630e-01  
4.620e-01  3.511e-01  
3.333e-02  9.031e-01  
3.280e-01  4.757e-01  
4.795e-01  3.626e-01  
4.166e-01  4.998e-01  
1.364e-01  6.755e-01  
2.145e-01  5.746e-01  
4.472e-01  3.849e-01  
6.931e-01  2.256e-01  
1.196e-01  7.568e-01  
4.471e-01  3.789e-01  
5.596e-01  2.977e-01  
5.736e-01  3.031e-01  
2.339e-01  5.579e-01  
4.721e-01  3.786e-01  
4.500e-01  3.615e-01  
5.246e-01  3.165e-01  
3.112e-01  5.335e-01  
9.323e-01  1.074e-01  
2.799e-01  5.312e-01  
1.047e-01  8.150e-01  
9.145e-01  1.130e-01  
5.759e-01  2.766e-01  
5.808e-01  2.619e-01  
1.166e-01  7.572e-01  
4.339e-01  3.730e-01  
4.166e-01  4.998e-01  
3.676e-01  4.336e-01  
1.357e-01  6.764e-01  
1.883e-01  6.198e-01  
2.949e-01  4.765e-01  
5.504e-01  3.198e-01  
9.128e-01  1.181e-01  
3.085e-01  4.693e-01  
1.899e-01  6.561e-01  
6.297e-01  2.415e-01  
2.626e-01  5.976e-01  
4.890e-01  3.471e-01  
5.312e-01  3.222e-01  
1.883e-01  6.198e-01  
9.145e-01  1.130e-01  
1.328e-01  6.671e-01  
4.890e-01  3.471e-01  
1.679e-01  6.253e-01  
4.107e-01  4.193e-01  
4.339e-01  3.730e-01  
1.661e-01  6.244e-01  
1.883e-01  6.198e-01  
9.239e-01  1.423e-01  
3.280e-01  4.757e-01  
3.002e-01  4.827e-01  
5.808e-01  2.619e-01  
3.005e-01  5.008e-01  
3.280e-01  4.757e-01  
4.012e-01  4.665e-01  
8.836e-02  7.821e-01  
4.165e-01  4.471e-01  
4.234e-01  3.853e-01  
3.394e-02  9.263e-01  
3.141e-01  4.779e-01  
2.845e-01  5.164e-01  
7.049e-01  2.255e-01  
5.097e-01  3.185e-01  
5.852e-01  3.230e-01  
6.103e-01  2.521e-01  
2.944e-01  4.747e-01  
2.383e-01  5.710e-01  
2.592e-01  5.314e-01  
5.312e-01  3.222e-01  
5.976e-01  2.646e-01  
5.027e-01  3.420e-01  
7.935e-01  2.309e-01  
1.634e-01  6.548e-01  
9.166e-01  1.101e-01  
8.015e-02  7.956e-01  
5.504e-01  3.198e-01  
4.620e-01  3.511e-01  
3.159e-01  5.178e-01  
4.762e-01  3.564e-01  
9.438e-02  7.856e-01  
4.357e-01  4.085e-01  
2.949e-01  4.765e-01  
4.762e-01  3.564e-01  
9.703e-01  5.116e-02  
6.103e-01  2.521e-01  
5.312e-01  3.222e-01  
1.311e-01  6.792e-01  
1.590e-02  1.050e+00  
2.949e-01  4.765e-01  
9.264e-01  1.309e-01  
3.116e-01  4.901e-01  
9.239e-01  1.423e-01  
1.145e-02  1.048e+00  
9.815e-01  5.265e-02  
4.657e-01  3.576e-01  
2.595e-01  5.835e-01  
6.103e-01  2.521e-01  
2.866e-02  9.090e-01  
9.165e-01  9.899e-02  
9.161e-01  1.179e-01  
4.781e-02  8.450e-01  
3.089e-01  5.664e-01  
3.570e-01  4.758e-01  
4.077e-01  4.469e-01  
9.181e-01  1.252e-01  
6.620e-01  2.269e-01  
1.524e-01  6.461e-01  
7.441e-01  2.399e-01  
6.477e-01  2.335e-01  
2.759e-01  5.025e-01  
4.619e-01  3.737e-01  
2.799e-01  5.315e-01  
4.417e-01  4.489e-01  
4.500e-01  3.615e-01  
1.692e-01  6.221e-01  
6.753e-01  2.444e-01  
1.859e-01  6.212e-01  
9.188e-01  1.248e-01  
2.638e-01  5.783e-01  
4.347e-01  4.130e-01  
3.005e-01  5.008e-01  
2.090e-01  6.147e-01  
1.634e-01  6.548e-01  
4.459e-01  3.594e-01  
5.870e-01  2.642e-01  
6.103e-01  2.521e-01  
2.949e-01  4.765e-01  
5.808e-01  2.619e-01  
5.855e-01  2.867e-01  
3.333e-02  9.031e-01  
6.004e-01  2.694e-01  
9.188e-01  1.248e-01  
1.506e-01  6.836e-01  
1.531e-01  6.836e-01  
2.995e-01  5.059e-01  
4.166e-01  4.998e-01  
1.531e-01  6.836e-01  
1.506e-01  6.836e-01  
2.995e-01  5.059e-01  
2.668e-01  5.491e-01  
4.270e-01  3.899e-01  
6.465e-01  2.590e-01  
7.675e-02  8.354e-01  
9.333e-01  1.579e-01  
3.672e-01  4.705e-01  
5.546e-02  8.891e-01  
1.166e-01  7.572e-01  
6.297e-01  2.415e-01  
2.339e-01  5.579e-01  
1.506e-01  6.836e-01  
2.668e-01  5.491e-01  
9.250e-01  7.703e-02  
9.145e-01  1.130e-01  
2.377e-01  6.256e-01  
9.766e-01  6.701e-02  
4.795e-01  3.626e-01  
2.530e-01  5.960e-01  
9.264e-01  1.309e-01  
1.859e-01  6.212e-01  
3.394e-02  9.263e-01  
9.766e-01  6.701e-02  
1.634e-01  6.548e-01  
1.166e-01  7.572e-01  
7.754e-01  2.407e-01  
9.334e-01  7.676e-02  
6.051e-01  2.622e-01  
9.239e-01  1.423e-01  
9.250e-01  7.736e-02  
1.773e-01  6.410e-01  
1.531e-01  6.836e-01  
7.295e-01  2.595e-01  
5.596e-01  2.990e-01  
9.728e-01  8.137e-02  
5.008e-01  3.381e-01  
6.260e-01  2.508e-01  
7.049e-01  2.255e-01  
9.291e-01  7.736e-02  
9.371e-01  6.906e-02  
4.545e-02  8.626e-01  
1.506e-01  6.836e-01  
6.753e-01  2.444e-01  
7.100e-02  8.098e-01  
9.323e-01  1.074e-01  
2.383e-01  5.710e-01  
5.546e-02  8.891e-01  
3.089e-01  5.664e-01  
8.836e-02  7.821e-01  
1.773e-01  6.410e-01  
1.346e-02  9.573e-01  
9.166e-01  1.101e-01  
9.232e-01  9.848e-02  
9.703e-01  5.116e-02  
7.675e-02  8.354e-01  
1.145e-02  1.048e+00  
9.166e-01  1.101e-01  
1.024e-01  7.894e-01  
9.766e-01  6.701e-02  
9.255e-01  7.000e-02  
9.703e-01  5.116e-02  
3.333e-02  9.031e-01  
9.416e-01  5.813e-02  
1.971e-02  1.025e+00  
9.549e-01  5.394e-02  
9.222e-01  9.738e-02  
8.015e-02  7.956e-01  
6.868e-01  2.248e-01  
9.552e-01  5.122e-02  
1.147e-01  7.521e-01  
9.309e-01  5.644e-02  
9.222e-01  9.738e-02  
6.844e-01  2.257e-01  
2.866e-02  9.090e-01  
9.165e-01  9.899e-02  
9.368e-01  7.845e-02  
9.549e-01  5.394e-02  
9.368e-01  7.845e-02  
3.112e-01  5.335e-01  
1.147e-01  7.521e-01  
9.728e-01  8.137e-02  
5.546e-02  8.891e-01  
1.147e-01  7.521e-01  
3.333e-02  9.031e-01  
6.103e-01  2.521e-01  
9.162e-01  1.236e-01  
9.753e-02  7.794e-01  
6.699e-01  2.310e-01  
9.815e-01  5.265e-02  
2.645e-01  6.056e-01  
2.383e-01  5.710e-01  
2.831e-01  4.981e-01  
5.182e-01  3.555e-01  
9.264e-01  1.309e-01  
2.441e-02  9.306e-01  
1.883e-01  6.198e-01  
9.132e-01  1.028e-01  
6.465e-01  2.590e-01  
9.753e-02  7.794e-01  
9.371e-01  6.906e-02  
4.620e-01  3.511e-01  
3.284e-01  4.725e-01  
9.766e-01  6.701e-02  
6.699e-01  2.310e-01  
6.753e-01  2.444e-01  
2.896e-01  4.955e-01  
2.530e-01  5.960e-01  
5.981e-02  9.130e-01  
3.633e-02  9.276e-01  
1.899e-01  6.561e-01  
2.090e-01  6.147e-01  
4.619e-01  3.737e-01  
4.522e-01  3.516e-01  
2.949e-01  4.765e-01  
9.203e-01  1.010e-01  
3.005e-01  5.008e-01  
4.795e-01  3.626e-01  
9.264e-01  1.309e-01  
9.753e-02  7.794e-01  
6.051e-01  2.622e-01  
2.690e-01  5.400e-01  
2.145e-01  5.746e-01  
9.371e-01  6.906e-02  
3.350e-01  4.630e-01  
1.520e-01  6.444e-01  
2.592e-01  5.312e-01  
2.668e-01  5.491e-01  
6.266e-01  2.713e-01  
1.623e-01  6.553e-01  
3.280e-01  4.757e-01  
9.703e-01  5.116e-02  
6.051e-01  2.622e-01  
2.626e-01  5.976e-01  
9.355e-01  5.804e-02  
1.257e-01  7.162e-01  
5.336e-01  3.163e-01  
3.952e-01  4.628e-01  
1.433e-01  7.254e-01  
5.596e-01  2.977e-01  
9.204e-01  9.405e-02  
9.766e-01  6.701e-02  
4.270e-01  3.899e-01  
7.100e-02  8.098e-01  
4.721e-01  3.786e-01  
2.592e-01  5.314e-01  
3.333e-02  9.031e-01  
1.047e-01  8.150e-01  
4.500e-01  3.615e-01  
6.260e-01  2.508e-01  
4.721e-01  3.786e-01  
1.971e-02  1.025e+00  
1.590e-02  1.050e+00  
4.357e-01  4.085e-01  
4.357e-01  4.085e-01  
6.103e-01  2.521e-01  
1.518e-01  6.739e-01  
4.012e-01  4.665e-01  
