2.784e-02  1.065e+00  
9.986e-01  3.615e-02  
3.967e-01  4.021e-01  
7.460e-01  2.138e-01  
2.075e-01  5.994e-01  
5.589e-01  3.551e-01  
9.860e-02  7.332e-01  
2.803e-01  5.105e-01  
9.728e-01  8.085e-02  
9.795e-01  6.518e-02  
5.617e-02  8.745e-01  
4.812e-01  3.780e-01  
6.704e-01  3.037e-01  
2.573e-01  5.566e-01  
3.421e-01  4.557e-01  
7.503e-01  2.107e-01  
1.594e-01  7.275e-01  
1.594e-01  7.275e-01  
6.666e-01  3.496e-01  
9.713e-01  1.540e-01  
2.311e-01  5.596e-01  
4.310e-01  3.863e-01  
3.817e-01  4.301e-01  
9.724e-01  5.861e-02  
5.021e-01  3.629e-01  
9.986e-01  3.615e-02  
2.164e-01  5.872e-01  
2.549e-02  9.531e-01  
3.590e-01  4.955e-01  
8.070e-02  7.750e-01  
6.373e-01  2.410e-01  
7.131e-01  1.985e-01  
1.688e-01  6.379e-01  
6.926e-01  2.082e-01  
1.001e+00  4.070e-02  
4.657e-02  8.763e-01  
2.573e-01  5.566e-01  
1.237e-01  9.718e-01  
7.123e-02  8.529e-01  
5.387e-01  3.578e-01  
3.421e-01  4.557e-01  
5.563e-01  3.697e-01  
3.351e-01  5.277e-01  
2.399e-01  5.787e-01  
1.468e-01  6.472e-01  
6.460e-01  2.418e-01  
4.976e-01  3.634e-01  
1.017e+00  5.115e-02  
4.310e-01  3.863e-01  
2.208e-01  5.765e-01  
4.256e-01  4.259e-01  
2.802e-01  5.175e-01  
2.319e-02  1.067e+00  
6.795e-01  2.499e-01  
5.417e-02  8.869e-01  
3.963e-01  4.049e-01  
6.360e-01  2.731e-01  
9.897e-01  2.708e-02  
1.951e-01  6.093e-01  
9.683e-01  9.400e-02  
9.738e-01  8.343e-02  
3.439e-01  4.556e-01  
7.586e-01  2.078e-01  
7.675e-01  2.203e-01  
1.199e-01  6.969e-01  
7.097e-01  1.995e-01  
5.524e-02  8.345e-01  
6.680e-01  2.465e-01  
4.414e-01  4.091e-01  
4.769e-01  3.847e-01  
7.284e-01  2.004e-01  
1.926e-01  6.039e-01  
6.704e-01  3.037e-01  
2.924e-01  5.058e-01  
3.914e-01  4.045e-01  
9.860e-02  7.332e-01  
1.069e-01  7.294e-01  
7.498e-01  2.067e-01  
5.220e-01  3.542e-01  
9.818e-01  5.221e-02  
5.220e-01  3.542e-01  
2.774e-01  5.218e-01  
3.589e-01  4.370e-01  
5.097e-01  3.617e-01  
3.918e-01  4.426e-01  
5.589e-01  3.551e-01  
1.567e-01  7.000e-01  
4.762e-02  8.635e-01  
2.973e-01  5.033e-01  
5.563e-01  3.697e-01  
2.234e-01  6.047e-01  
6.482e-01  2.392e-01  
9.994e-01  4.290e-02  
4.363e-02  9.798e-01  
9.783e-01  1.352e-01  
2.399e-01  5.787e-01  
3.957e-01  4.396e-01  
6.482e-01  2.392e-01  
2.311e-01  5.596e-01  
4.552e-01  3.781e-01  
5.521e-02  8.345e-01  
1.229e-01  6.878e-01  
5.025e-01  3.739e-01  
1.011e-01  7.366e-01  
6.572e-01  2.654e-01  
9.683e-01  9.400e-02  
3.717e-02  1.144e+00  
4.256e-01  4.259e-01  
6.467e-01  2.639e-01  
6.909e-01  2.145e-01  
3.412e-01  4.652e-01  
1.759e-01  6.173e-01  
2.311e-01  5.596e-01  
3.295e-01  4.837e-01  
1.759e-01  6.173e-01  
9.738e-01  8.343e-02  
1.824e-01  6.585e-01  
9.783e-01  1.352e-01  
8.037e-02  9.199e-01  
9.844e-01  1.141e-01  
1.024e+00  3.217e-02  
2.075e-01  5.994e-01  
9.893e-01  3.437e-02  
1.750e-01  7.048e-01  
6.663e-01  2.202e-01  
5.417e-02  8.869e-01  
9.738e-01  8.343e-02  
2.693e-01  5.177e-01  
9.861e-01  2.827e-02  
2.774e-01  5.218e-01  
9.724e-01  5.861e-02  
9.860e-02  7.332e-01  
1.594e-01  7.275e-01  
9.837e-02  8.095e-01  
1.031e+00  3.329e-02  
9.711e-01  1.328e-01  
1.001e+00  2.244e-02  
2.369e-01  5.727e-01  
7.284e-01  2.004e-01  
1.634e-01  6.299e-01  
4.657e-02  8.763e-01  
5.434e-01  3.586e-01  
6.665e-01  2.253e-01  
2.774e-01  5.218e-01  
3.590e-01  4.955e-01  
3.713e-01  4.323e-01  
2.093e-01  6.517e-01  
5.006e-01  3.688e-01  
1.076e-01  7.377e-01  
2.767e-01  5.672e-01  
2.693e-01  5.177e-01  
6.926e-01  2.082e-01  
2.924e-01  5.058e-01  
3.987e-01  3.987e-01  
2.093e-01  6.517e-01  
5.911e-01  3.596e-01  
1.490e-01  6.875e-01  
2.075e-01  5.994e-01  
4.642e-01  3.760e-01  
5.457e-01  3.519e-01  
6.316e-01  2.716e-01  
2.075e-01  5.994e-01  
5.771e-01  3.647e-01  
1.581e-01  6.982e-01  
3.743e-01  4.255e-01  
2.976e-01  5.041e-01  
3.655e-01  4.387e-01  
5.097e-01  3.617e-01  
9.994e-01  4.290e-02  
5.696e-01  3.754e-01  
3.914e-01  4.045e-01  
5.222e-01  3.517e-01  
2.784e-02  1.065e+00  
5.269e-01  3.883e-01  
4.639e-02  9.007e-01  
5.470e-01  3.566e-01  
6.474e-02  9.270e-01  
3.817e-01  4.301e-01  
6.474e-02  9.270e-01  
4.582e-01  3.661e-01  
6.449e-01  2.604e-01  
2.573e-01  5.566e-01  
4.256e-01  4.259e-01  
3.743e-01  4.255e-01  
9.815e-01  4.779e-02  
7.503e-01  2.107e-01  
2.495e-01  6.457e-01  
3.538e-01  4.370e-01  
4.976e-01  3.634e-01  
3.590e-01  4.955e-01  
4.491e-01  3.952e-01  
5.361e-01  3.525e-01  
4.222e-01  4.105e-01  
4.256e-01  4.259e-01  
9.835e-01  5.981e-02  
7.310e-01  2.109e-01  
3.408e-01  4.377e-01  
6.838e-01  2.453e-01  
3.555e-01  5.030e-01  
1.229e-01  6.878e-01  
5.562e-01  3.562e-01  
2.526e-01  5.621e-01  
4.280e-01  4.049e-01  
9.748e-01  1.227e-01  
2.802e-01  5.175e-01  
6.665e-01  2.253e-01  
4.820e-01  3.672e-01  
7.123e-02  8.529e-01  
9.844e-01  1.141e-01  
2.810e-02  9.976e-01  
1.079e+00  9.398e-02  
6.594e-01  2.359e-01  
5.457e-01  3.519e-01  
1.990e-01  5.807e-01  
3.967e-01  4.021e-01  
9.737e-01  4.851e-02  
7.186e-01  1.975e-01  
6.814e-01  2.421e-01  
7.460e-01  2.138e-01  
8.147e-02  7.901e-01  
1.759e-01  6.173e-01  
1.468e-01  6.472e-01  
1.420e-01  7.030e-01  
6.437e-01  2.275e-01  
1.017e+00  5.115e-02  
1.761e-01  6.885e-01  
1.468e-01  6.472e-01  
1.597e-01  6.379e-01  
2.715e-01  5.409e-01  
7.980e-02  8.931e-01  
9.783e-01  1.352e-01  
9.893e-01  3.437e-02  
1.744e-02  1.044e+00  
3.295e-01  4.837e-01  
6.795e-01  2.499e-01  
7.359e-01  2.005e-01  
3.062e-01  5.014e-01  
5.432e-02  8.939e-01  
9.167e-02  7.720e-01  
6.325e-01  2.764e-01  
2.784e-02  1.065e+00  
6.265e-02  8.605e-01  
9.791e-01  8.232e-02  
1.759e-01  6.173e-01  
9.783e-01  8.069e-02  
9.783e-01  8.069e-02  
2.075e-01  5.994e-01  
1.079e+00  9.398e-02  
2.523e-01  5.573e-01  
5.417e-02  8.869e-01  
9.818e-01  1.539e-01  
9.815e-01  4.779e-02  
8.037e-02  9.199e-01  
6.926e-01  2.082e-01  
9.747e-01  5.808e-02  
1.018e+00  3.581e-02  
9.938e-01  3.774e-02  
1.024e+00  3.217e-02  
2.437e-01  5.445e-01  
9.893e-01  3.437e-02  
7.071e-01  2.058e-01  
7.043e-01  2.004e-01  
9.697e-01  8.526e-02  
5.432e-02  8.939e-01  
4.222e-01  4.105e-01  
9.720e-01  9.183e-02  
7.457e-01  2.030e-01  
7.186e-01  1.975e-01  
8.037e-02  9.199e-01  
2.437e-01  5.445e-01  
7.980e-02  8.931e-01  
1.973e-01  6.165e-01  
4.222e-01  4.105e-01  
2.693e-01  5.177e-01  
3.204e-01  5.331e-01  
7.394e-01  2.173e-01  
9.729e-02  7.365e-01  
2.164e-01  5.872e-01  
6.482e-01  2.392e-01  
5.417e-02  8.869e-01  
7.980e-02  8.931e-01  
2.233e-01  5.842e-01  
6.473e-01  2.947e-01  
6.594e-01  2.359e-01  
2.060e-01  6.140e-01  
3.487e-02  1.002e+00  
9.737e-01  4.851e-02  
1.420e-01  7.030e-01  
5.432e-02  8.939e-01  
1.229e-01  6.878e-01  
5.470e-01  3.566e-01  
4.769e-01  3.847e-01  
7.227e-02  7.751e-01  
6.666e-01  3.008e-01  
6.666e-01  3.008e-01  
3.641e-01  4.421e-01  
3.867e-01  4.190e-01  
2.236e-01  5.732e-01  
6.666e-01  3.008e-01  
4.326e-01  4.406e-01  
3.487e-02  1.002e+00  
3.590e-01  4.955e-01  
6.496e-01  2.613e-01  
4.491e-01  3.952e-01  
3.918e-01  4.426e-01  
4.961e-01  3.724e-01  
5.417e-02  8.869e-01  
3.589e-01  4.370e-01  
5.097e-01  3.617e-01  
3.914e-01  4.051e-01  
1.199e-01  6.969e-01  
2.311e-01  5.596e-01  
4.999e-01  4.087e-01  
7.131e-01  1.985e-01  
9.319e-02  7.792e-01  
4.888e-01  3.708e-01  
5.130e-01  3.545e-01  
6.665e-01  2.592e-01  
2.475e-01  5.829e-01  
5.457e-01  3.519e-01  
5.021e-01  3.629e-01  
5.562e-01  3.562e-01  
2.693e-01  5.194e-01  
9.737e-01  4.851e-02  
2.973e-01  5.033e-01  
1.099e-01  7.345e-01  
9.841e-01  1.278e-01  
6.482e-01  2.392e-01  
6.665e-01  2.592e-01  
1.205e-01  6.940e-01  
4.304e-01  3.949e-01  
3.914e-01  4.051e-01  
3.817e-01  4.301e-01  
1.229e-01  6.878e-01  
2.164e-01  5.872e-01  
3.361e-01  4.595e-01  
5.222e-01  3.517e-01  
9.676e-01  6.797e-02  
3.655e-01  4.387e-01  
2.164e-01  5.872e-01  
6.482e-01  2.392e-01  
2.767e-01  5.672e-01  
4.310e-01  3.863e-01  
5.457e-01  3.519e-01  
2.249e-01  6.051e-01  
9.783e-01  1.352e-01  
1.563e-01  7.074e-01  
5.457e-01  3.519e-01  
1.824e-01  6.585e-01  
4.414e-01  4.091e-01  
4.961e-01  3.724e-01  
1.573e-01  6.527e-01  
2.129e-01  6.384e-01  
9.667e-01  8.534e-02  
3.590e-01  4.955e-01  
3.380e-01  4.765e-01  
6.666e-01  3.008e-01  
2.924e-01  5.058e-01  
2.774e-01  5.218e-01  
3.743e-01  4.255e-01  
5.524e-02  8.345e-01  
4.222e-01  4.105e-01  
4.222e-01  4.105e-01  
4.657e-02  8.763e-01  
3.641e-01  4.423e-01  
2.770e-01  5.186e-01  
9.844e-01  1.141e-01  
5.457e-01  3.519e-01  
5.562e-01  3.562e-01  
6.665e-01  2.592e-01  
3.391e-01  4.807e-01  
2.774e-01  5.218e-01  
2.693e-01  5.194e-01  
4.976e-01  3.644e-01  
6.665e-01  2.592e-01  
5.220e-01  3.542e-01  
7.097e-01  1.995e-01  
2.236e-01  5.732e-01  
9.676e-01  6.797e-02  
5.432e-02  8.939e-01  
5.911e-01  3.596e-01  
4.888e-01  3.708e-01  
2.672e-01  5.519e-01  
5.696e-01  3.754e-01  
1.099e-01  7.345e-01  
4.414e-01  4.091e-01  
3.590e-01  4.955e-01  
5.025e-01  3.739e-01  
9.767e-01  7.273e-02  
6.663e-01  2.202e-01  
5.911e-01  3.596e-01  
1.420e-01  7.030e-01  
1.973e-02  1.032e+00  
2.854e-01  5.117e-01  
9.675e-01  1.029e-01  
3.421e-01  4.557e-01  
7.586e-01  2.078e-01  
1.739e-02  1.030e+00  
1.017e+00  5.115e-02  
4.914e-01  3.582e-01  
2.526e-01  5.621e-01  
6.775e-01  2.105e-01  
4.160e-02  8.816e-01  
9.815e-01  4.779e-02  
9.844e-01  1.141e-01  
7.227e-02  7.751e-01  
2.437e-01  5.445e-01  
3.655e-01  4.387e-01  
3.713e-01  4.323e-01  
9.675e-01  1.029e-01  
7.284e-01  2.004e-01  
1.653e-01  6.860e-01  
6.926e-01  2.082e-01  
7.460e-01  2.138e-01  
2.973e-01  5.033e-01  
4.256e-01  4.259e-01  
2.803e-01  5.105e-01  
4.368e-01  4.256e-01  
5.004e-01  3.580e-01  
2.093e-01  6.517e-01  
7.675e-01  2.203e-01  
2.075e-01  5.994e-01  
9.857e-01  5.643e-02  
2.973e-01  5.033e-01  
4.414e-01  4.091e-01  
3.408e-01  5.601e-01  
1.824e-01  6.585e-01  
1.814e-01  6.177e-01  
4.888e-01  3.708e-01  
6.665e-01  2.253e-01  
7.170e-01  2.216e-01  
3.295e-01  4.837e-01  
6.666e-01  3.496e-01  
6.665e-01  2.592e-01  
5.524e-02  8.345e-01  
6.814e-01  2.421e-01  
9.724e-01  5.861e-02  
1.759e-01  6.173e-01  
1.398e-01  6.823e-01  
3.062e-01  5.014e-01  
3.914e-01  4.045e-01  
2.063e-01  5.908e-01  
1.759e-01  6.173e-01  
2.976e-01  5.041e-01  
2.774e-01  5.218e-01  
4.280e-01  4.049e-01  
7.135e-01  2.278e-01  
7.306e-02  8.124e-01  
9.844e-01  1.141e-01  
4.092e-01  4.377e-01  
7.980e-02  8.931e-01  
1.269e-01  7.039e-01  
7.186e-01  1.975e-01  
2.208e-01  5.765e-01  
1.489e-01  6.523e-01  
2.803e-01  5.105e-01  
9.835e-01  5.981e-02  
9.697e-01  8.526e-02  
2.236e-01  5.732e-01  
1.024e+00  3.217e-02  
5.021e-01  3.629e-01  
2.602e-01  5.511e-01  
9.893e-01  3.437e-02  
2.093e-01  6.517e-01  
4.160e-02  8.816e-01  
1.002e+00  2.603e-02  
1.951e-01  6.093e-01  
1.096e-01  7.028e-01  
7.503e-01  2.107e-01  
9.724e-01  5.861e-02  
6.594e-01  2.359e-01  
9.680e-01  8.013e-02  
9.861e-01  2.827e-02  
1.790e-01  6.713e-01  
1.468e-01  6.472e-01  
6.755e-01  2.204e-01  
6.665e-01  2.592e-01  
9.835e-01  5.981e-02  
5.043e-01  3.578e-01  
6.775e-01  2.105e-01  
7.586e-01  2.078e-01  
9.809e-01  5.494e-02  
9.915e-01  5.018e-02  
5.521e-02  8.345e-01  
9.860e-02  7.332e-01  
7.004e-01  2.058e-01  
7.123e-02  8.529e-01  
9.746e-01  1.038e-01  
2.475e-01  5.829e-01  
5.617e-02  8.745e-01  
2.933e-01  4.938e-01  
1.099e-01  7.345e-01  
1.824e-01  6.585e-01  
5.417e-02  8.869e-01  
9.724e-01  5.861e-02  
9.737e-01  4.851e-02  
9.938e-01  3.774e-02  
7.225e-02  8.467e-01  
2.319e-02  1.067e+00  
9.738e-01  8.343e-02  
9.098e-02  7.588e-01  
9.835e-01  5.981e-02  
1.000e+00  3.157e-02  
9.893e-01  3.437e-02  
3.487e-02  1.002e+00  
9.915e-01  5.018e-02  
3.717e-02  1.144e+00  
1.035e+00  4.956e-02  
9.724e-01  5.861e-02  
1.099e-01  7.345e-01  
7.071e-01  2.058e-01  
9.938e-01  3.774e-02  
9.860e-02  7.332e-01  
9.861e-01  2.827e-02  
1.001e+00  4.070e-02  
7.186e-01  1.975e-01  
5.289e-02  1.055e+00  
9.815e-01  4.779e-02  
9.738e-01  8.343e-02  
1.012e+00  2.945e-02  
9.915e-01  5.018e-02  
3.062e-01  5.014e-01  
9.860e-02  7.332e-01  
9.915e-01  5.018e-02  
4.639e-02  9.007e-01  
1.563e-01  7.074e-01  
4.965e-02  8.381e-01  
6.775e-01  2.105e-01  
9.844e-01  1.141e-01  
9.167e-02  7.720e-01  
7.396e-01  1.995e-01  
1.077e+00  3.975e-02  
2.536e-01  5.826e-01  
2.475e-01  5.829e-01  
2.802e-01  5.175e-01  
5.240e-01  3.571e-01  
9.697e-01  8.526e-02  
2.931e-02  1.055e+00  
1.862e-01  6.207e-01  
9.728e-01  8.085e-02  
7.586e-01  2.078e-01  
5.524e-02  8.345e-01  
1.017e+00  5.115e-02  
5.361e-01  3.525e-01  
3.361e-01  4.595e-01  
1.061e+00  4.248e-02  
6.926e-01  2.082e-01  
6.926e-01  2.082e-01  
2.437e-01  5.445e-01  
2.360e-01  5.614e-01  
8.644e-02  7.639e-01  
4.160e-02  8.816e-01  
1.468e-01  6.472e-01  
1.951e-01  6.093e-01  
4.888e-01  3.708e-01  
5.220e-01  3.542e-01  
3.331e-01  4.928e-01  
9.683e-01  9.400e-02  
2.693e-01  5.177e-01  
5.434e-01  3.586e-01  
9.783e-01  1.352e-01  
1.076e-01  7.377e-01  
7.131e-01  1.985e-01  
2.802e-01  5.175e-01  
3.106e-01  4.905e-01  
9.904e-01  5.367e-02  
3.412e-01  4.652e-01  
1.750e-01  7.048e-01  
2.755e-01  5.376e-01  
2.672e-01  5.519e-01  
6.666e-01  3.496e-01  
1.639e-01  6.528e-01  
3.421e-01  4.557e-01  
1.017e+00  5.115e-02  
7.296e-01  1.984e-01  
2.437e-01  5.445e-01  
1.017e+00  5.115e-02  
1.199e-01  6.969e-01  
5.562e-01  3.562e-01  
3.817e-01  4.301e-01  
1.205e-01  6.940e-01  
6.445e-01  3.062e-01  
9.835e-01  5.981e-02  
9.904e-01  5.367e-02  
4.256e-01  4.259e-01  
7.804e-02  7.886e-01  
3.987e-01  3.987e-01  
2.693e-01  5.177e-01  
5.617e-02  8.745e-01  
1.171e-01  7.488e-01  
4.888e-01  3.708e-01  
7.205e-01  2.041e-01  
5.911e-01  3.596e-01  
1.301e-02  1.033e+00  
3.487e-02  1.002e+00  
4.280e-01  4.049e-01  
3.987e-01  3.987e-01  
6.665e-01  2.253e-01  
1.555e-01  6.682e-01  
3.914e-01  4.045e-01  
