4.558e-01  1.061e+00  
1.454e+00  1.776e-01  
1.101e+00  6.992e-01  
1.153e+00  3.887e-01  
5.822e-01  1.048e+00  
1.150e+00  4.311e-01  
5.277e-01  1.070e+00  
9.006e-01  8.552e-01  
1.215e+00  2.403e-01  
1.431e+00  1.510e-01  
4.823e-01  1.026e+00  
1.112e+00  6.968e-01  
1.169e+00  3.906e-01  
7.814e-01  1.028e+00  
9.179e-01  8.416e-01  
1.184e+00  2.253e-01  
6.355e-01  1.056e+00  
5.992e-01  1.111e+00  
1.155e+00  3.692e-01  
1.178e+00  2.671e-01  
8.961e-01  9.200e-01  
1.101e+00  6.593e-01  
9.425e-01  8.475e-01  
1.441e+00  1.505e-01  
1.150e+00  5.762e-01  
1.435e+00  1.484e-01  
6.863e-01  1.048e+00  
4.637e-01  1.203e+00  
9.015e-01  8.504e-01  
5.332e-01  1.102e+00  
1.166e+00  4.079e-01  
1.240e+00  2.730e-01  
5.255e-01  1.027e+00  
1.165e+00  2.835e-01  
1.436e+00  1.792e-01  
4.665e-01  1.139e+00  
7.173e-01  1.032e+00  
5.614e-01  1.043e+00  
4.883e-01  1.092e+00  
1.166e+00  4.417e-01  
9.278e-01  8.384e-01  
1.201e+00  3.988e-01  
9.376e-01  9.406e-01  
7.953e-01  1.034e+00  
5.346e-01  1.058e+00  
1.166e+00  4.079e-01  
1.181e+00  3.089e-01  
1.434e+00  1.978e-01  
1.100e+00  6.434e-01  
7.176e-01  1.020e+00  
1.067e+00  8.447e-01  
8.955e-01  9.435e-01  
4.558e-01  1.061e+00  
1.155e+00  3.823e-01  
4.864e-01  1.063e+00  
1.100e+00  6.772e-01  
1.150e+00  4.311e-01  
1.445e+00  1.551e-01  
6.863e-01  1.048e+00  
1.298e+00  2.580e-01  
1.177e+00  2.104e-01  
9.179e-01  8.416e-01  
1.184e+00  2.253e-01  
1.158e+00  3.585e-01  
6.334e-01  1.028e+00  
1.197e+00  2.279e-01  
4.652e-01  1.155e+00  
1.167e+00  2.706e-01  
1.100e+00  6.772e-01  
1.114e+00  7.360e-01  
1.170e+00  3.296e-01  
6.917e-01  1.067e+00  
1.186e+00  2.842e-01  
9.049e-01  8.793e-01  
1.100e+00  7.895e-01  
5.280e-01  1.046e+00  
4.823e-01  1.026e+00  
1.214e+00  2.546e-01  
1.155e+00  5.499e-01  
1.440e+00  1.502e-01  
1.164e+00  3.993e-01  
8.803e-01  1.031e+00  
9.425e-01  8.475e-01  
1.155e+00  3.823e-01  
9.308e-01  8.585e-01  
1.150e+00  5.762e-01  
4.924e-01  1.086e+00  
4.749e-01  1.102e+00  
9.054e-01  8.505e-01  
1.143e+00  3.016e-01  
6.726e-01  1.049e+00  
1.184e+00  2.253e-01  
1.435e+00  1.584e-01  
4.652e-01  1.155e+00  
1.188e+00  2.265e-01  
7.360e-01  1.023e+00  
9.179e-01  8.416e-01  
1.170e+00  4.397e-01  
8.155e-01  1.061e+00  
1.101e+00  6.593e-01  
4.514e-01  1.073e+00  
4.924e-01  1.086e+00  
1.103e+00  6.457e-01  
5.591e-01  1.096e+00  
1.155e+00  3.692e-01  
1.167e+00  2.527e-01  
4.665e-01  1.139e+00  
1.101e+00  7.144e-01  
1.166e+00  4.079e-01  
1.170e+00  3.296e-01  
9.134e-01  8.583e-01  
6.863e-01  1.048e+00  
8.950e-01  9.705e-01  
9.011e-01  8.677e-01  
7.734e-01  1.029e+00  
1.312e+00  2.464e-01  
5.734e-01  1.112e+00  
1.163e+00  2.412e-01  
4.692e-01  1.177e+00  
1.290e+00  2.283e-01  
1.441e+00  1.505e-01  
7.164e-01  1.046e+00  
1.437e+00  1.682e-01  
6.038e-01  1.026e+00  
1.154e+00  3.221e-01  
4.624e-01  1.435e+00  
1.442e+00  1.971e-01  
9.376e-01  9.406e-01  
1.452e+00  1.547e-01  
9.011e-01  8.677e-01  
1.449e+00  1.715e-01  
5.992e-01  1.111e+00  
5.614e-01  1.043e+00  
5.032e-01  1.238e+00  
1.440e+00  1.502e-01  
1.195e+00  2.231e-01  
1.451e+00  1.688e-01  
7.988e-01  1.031e+00  
1.197e+00  2.279e-01  
5.822e-01  1.048e+00  
4.771e-01  1.139e+00  
1.153e+00  3.648e-01  
1.153e+00  3.583e-01  
9.049e-01  8.793e-01  
9.456e-01  8.687e-01  
1.100e+00  7.895e-01  
5.670e-01  1.030e+00  
1.201e+00  3.988e-01  
5.051e-01  1.106e+00  
6.424e-01  1.067e+00  
8.950e-01  9.705e-01  
1.165e+00  2.835e-01  
9.049e-01  8.793e-01  
1.101e+00  6.992e-01  
6.955e-01  1.075e+00  
1.145e+00  3.867e-01  
5.992e-01  1.111e+00  
7.734e-01  1.029e+00  
1.101e+00  6.727e-01  
1.150e+00  4.590e-01  
1.170e+00  4.397e-01  
1.036e+00  8.588e-01  
1.186e+00  2.842e-01  
5.822e-01  1.048e+00  
9.347e-01  8.382e-01  
9.044e-01  8.627e-01  
9.078e-01  8.396e-01  
1.150e+00  5.762e-01  
1.431e+00  1.573e-01  
1.153e+00  3.648e-01  
1.100e+00  7.895e-01  
1.154e+00  3.406e-01  
4.550e-01  1.380e+00  
1.153e+00  6.330e-01  
4.665e-01  1.139e+00  
1.150e+00  5.762e-01  
5.277e-01  1.070e+00  
1.101e+00  6.593e-01  
5.277e-01  1.070e+00  
1.107e+00  6.424e-01  
1.177e+00  3.386e-01  
7.193e-01  1.031e+00  
1.067e+00  8.447e-01  
9.278e-01  8.384e-01  
1.211e+00  2.579e-01  
1.165e+00  2.835e-01  
6.955e-01  1.075e+00  
9.078e-01  8.396e-01  
1.153e+00  6.330e-01  
9.071e-01  8.395e-01  
1.101e+00  6.870e-01  
1.145e+00  3.867e-01  
1.107e+00  6.424e-01  
1.067e+00  8.447e-01  
1.454e+00  1.776e-01  
1.170e+00  3.296e-01  
9.219e-01  8.889e-01  
1.153e+00  3.583e-01  
9.293e-01  8.411e-01  
6.032e-01  1.191e+00  
1.244e+00  3.507e-01  
7.360e-01  1.023e+00  
1.107e+00  7.300e-01  
1.241e+00  2.209e-01  
8.955e-01  9.435e-01  
1.158e+00  3.585e-01  
1.108e+00  6.498e-01  
4.692e-01  1.177e+00  
1.169e+00  2.542e-01  
4.766e-01  1.389e+00  
1.442e+00  1.971e-01  
1.170e+00  4.397e-01  
1.157e+00  3.972e-01  
6.955e-01  1.075e+00  
1.101e+00  6.447e-01  
1.436e+00  1.792e-01  
1.170e+00  2.386e-01  
1.156e+00  3.445e-01  
1.240e+00  2.730e-01  
5.032e-01  1.238e+00  
7.164e-01  1.046e+00  
5.168e-01  1.103e+00  
5.822e-01  1.048e+00  
1.153e+00  3.887e-01  
1.444e+00  1.514e-01  
6.832e-01  1.046e+00  
6.652e-01  1.060e+00  
6.334e-01  1.028e+00  
9.011e-01  8.677e-01  
4.514e-01  1.073e+00  
1.241e+00  2.513e-01  
1.197e+00  2.275e-01  
4.550e-01  1.380e+00  
9.054e-01  8.505e-01  
1.166e+00  4.079e-01  
1.169e+00  2.542e-01  
9.134e-01  8.631e-01  
4.558e-01  1.061e+00  
5.280e-01  1.046e+00  
1.153e+00  3.648e-01  
4.550e-01  1.380e+00  
4.514e-01  1.073e+00  
1.241e+00  2.209e-01  
6.355e-01  1.056e+00  
1.166e+00  2.495e-01  
1.164e+00  2.356e-01  
7.734e-01  1.029e+00  
1.445e+00  1.551e-01  
8.237e-01  1.025e+00  
4.558e-01  1.061e+00  
1.211e+00  2.579e-01  
1.197e+00  2.288e-01  
4.758e-01  1.039e+00  
1.240e+00  2.730e-01  
1.442e+00  1.971e-01  
2.050e+00  1.435e-01  
1.436e+00  1.629e-01  
1.445e+00  1.551e-01  
6.136e-01  1.024e+00  
1.513e+00  1.597e-01  
1.170e+00  4.397e-01  
1.190e+00  3.355e-01  
1.166e+00  2.495e-01  
4.514e-01  1.073e+00  
1.100e+00  6.772e-01  
1.219e+00  2.383e-01  
1.241e+00  2.513e-01  
1.188e+00  2.265e-01  
4.683e-01  1.197e+00  
8.803e-01  1.031e+00  
5.007e-01  1.112e+00  
6.992e-01  1.052e+00  
1.101e+00  6.992e-01  
9.054e-01  8.505e-01  
9.030e-01  8.648e-01  
1.208e+00  2.604e-01  
5.032e-01  1.238e+00  
5.617e-01  1.043e+00  
1.153e+00  3.887e-01  
4.599e-01  1.055e+00  
4.823e-01  1.026e+00  
5.223e-01  1.026e+00  
1.154e+00  3.360e-01  
1.156e+00  3.445e-01  
6.917e-01  1.067e+00  
4.624e-01  1.435e+00  
1.213e+00  2.388e-01  
5.320e-01  1.047e+00  
4.796e-01  1.017e+00  
5.857e-01  1.139e+00  
1.150e+00  4.311e-01  
1.100e+00  6.772e-01  
4.883e-01  1.092e+00  
1.153e+00  3.887e-01  
1.152e+00  3.045e-01  
9.634e-01  8.399e-01  
1.067e+00  8.447e-01  
7.176e-01  1.020e+00  
1.145e+00  3.867e-01  
1.101e+00  6.992e-01  
4.630e-01  1.121e+00  
9.425e-01  8.475e-01  
1.153e+00  3.583e-01  
1.101e+00  6.447e-01  
9.401e-01  8.485e-01  
1.108e+00  6.405e-01  
4.665e-01  1.139e+00  
9.219e-01  8.678e-01  
1.153e+00  6.330e-01  
1.099e+00  8.187e-01  
5.280e-01  1.046e+00  
7.734e-01  1.029e+00  
1.101e+00  6.870e-01  
1.169e+00  2.542e-01  
4.981e-01  1.130e+00  
1.101e+00  6.593e-01  
1.150e+00  4.311e-01  
1.154e+00  3.406e-01  
7.603e-01  1.023e+00  
1.155e+00  5.499e-01  
1.152e+00  3.045e-01  
1.150e+00  4.311e-01  
7.988e-01  1.031e+00  
1.197e+00  2.275e-01  
8.955e-01  9.435e-01  
5.857e-01  1.139e+00  
1.241e+00  2.209e-01  
1.170e+00  4.397e-01  
1.166e+00  4.079e-01  
5.277e-01  1.070e+00  
1.101e+00  7.144e-01  
1.101e+00  6.992e-01  
1.016e+00  8.462e-01  
5.277e-01  1.070e+00  
7.734e-01  1.029e+00  
9.219e-01  8.889e-01  
1.155e+00  3.823e-01  
1.207e+00  2.356e-01  
9.214e-01  8.376e-01  
6.838e-01  1.080e+00  
1.158e+00  3.585e-01  
7.953e-01  1.034e+00  
1.101e+00  6.424e-01  
1.171e+00  3.608e-01  
7.581e-01  1.021e+00  
1.178e+00  2.671e-01  
5.822e-01  1.048e+00  
1.154e+00  4.967e-01  
5.255e-01  1.027e+00  
1.101e+00  6.424e-01  
1.108e+00  6.498e-01  
6.955e-01  1.075e+00  
7.289e-01  1.045e+00  
1.197e+00  2.275e-01  
9.429e-01  8.395e-01  
9.425e-01  8.475e-01  
1.186e+00  2.842e-01  
9.219e-01  8.678e-01  
9.219e-01  8.889e-01  
9.429e-01  8.395e-01  
5.007e-01  1.112e+00  
1.101e+00  6.593e-01  
1.101e+00  6.447e-01  
4.665e-01  1.139e+00  
9.278e-01  8.384e-01  
9.134e-01  8.631e-01  
1.164e+00  2.356e-01  
1.151e+00  5.115e-01  
1.171e+00  3.608e-01  
1.244e+00  3.507e-01  
9.308e-01  8.585e-01  
9.011e-01  8.677e-01  
7.360e-01  1.023e+00  
1.105e+00  6.417e-01  
1.153e+00  3.583e-01  
1.150e+00  5.762e-01  
1.178e+00  2.671e-01  
6.726e-01  1.049e+00  
1.426e+00  1.960e-01  
4.558e-01  1.061e+00  
1.155e+00  3.823e-01  
1.153e+00  6.330e-01  
9.049e-01  8.793e-01  
1.155e+00  5.499e-01  
5.527e-01  1.026e+00  
1.101e+00  6.464e-01  
9.078e-01  8.396e-01  
1.139e+00  6.661e-01  
1.434e+00  1.978e-01  
1.177e+00  3.386e-01  
1.181e+00  3.089e-01  
5.862e-01  1.011e+00  
4.534e-01  1.440e+00  
8.955e-01  9.435e-01  
1.178e+00  2.671e-01  
9.459e-01  8.607e-01  
1.163e+00  2.412e-01  
4.624e-01  1.435e+00  
1.437e+00  1.521e-01  
1.143e+00  3.016e-01  
9.049e-01  8.793e-01  
1.165e+00  2.835e-01  
4.771e-01  1.139e+00  
1.290e+00  2.283e-01  
1.164e+00  2.356e-01  
4.883e-01  1.092e+00  
7.988e-01  1.031e+00  
9.345e-01  8.367e-01  
1.067e+00  8.447e-01  
1.441e+00  1.505e-01  
1.188e+00  2.265e-01  
5.527e-01  1.026e+00  
1.153e+00  3.099e-01  
1.156e+00  3.445e-01  
9.219e-01  8.889e-01  
1.101e+00  6.992e-01  
8.950e-01  9.705e-01  
1.101e+00  7.144e-01  
1.151e+00  5.966e-01  
6.636e-01  1.051e+00  
1.184e+00  2.253e-01  
7.176e-01  1.020e+00  
1.461e+00  1.605e-01  
9.134e-01  8.583e-01  
1.101e+00  6.870e-01  
9.078e-01  8.396e-01  
5.822e-01  1.048e+00  
6.595e-01  1.041e+00  
1.101e+00  6.447e-01  
1.155e+00  3.692e-01  
1.187e+00  3.304e-01  
9.078e-01  8.396e-01  
1.157e+00  3.972e-01  
1.177e+00  3.386e-01  
4.823e-01  1.026e+00  
1.162e+00  3.784e-01  
1.213e+00  2.388e-01  
5.277e-01  1.070e+00  
5.734e-01  1.112e+00  
8.996e-01  8.886e-01  
9.634e-01  8.399e-01  
6.917e-01  1.067e+00  
6.955e-01  1.075e+00  
8.996e-01  8.886e-01  
9.011e-01  8.677e-01  
1.107e+00  6.424e-01  
1.153e+00  3.583e-01  
4.620e-01  1.011e+00  
1.197e+00  2.279e-01  
1.099e+00  8.187e-01  
4.665e-01  1.139e+00  
5.320e-01  1.047e+00  
1.184e+00  2.253e-01  
7.593e-01  1.039e+00  
4.760e-01  1.005e+00  
7.360e-01  1.023e+00  
1.460e+00  1.535e-01  
1.187e+00  2.265e-01  
9.088e-01  9.572e-01  
1.451e+00  1.688e-01  
1.181e+00  3.089e-01  
4.760e-01  1.005e+00  
1.290e+00  2.283e-01  
6.838e-01  1.080e+00  
4.652e-01  1.155e+00  
1.451e+00  1.688e-01  
5.223e-01  1.026e+00  
5.862e-01  1.011e+00  
1.187e+00  3.304e-01  
1.434e+00  1.978e-01  
1.154e+00  3.406e-01  
1.184e+00  2.520e-01  
1.436e+00  1.792e-01  
6.355e-01  1.056e+00  
6.765e-01  1.082e+00  
1.197e+00  2.279e-01  
1.150e+00  3.238e-01  
1.454e+00  1.776e-01  
1.145e+00  3.867e-01  
1.165e+00  3.490e-01  
1.163e+00  2.412e-01  
1.426e+00  1.960e-01  
2.050e+00  1.435e-01  
4.514e-01  1.073e+00  
4.599e-01  1.055e+00  
1.166e+00  4.079e-01  
5.431e-01  1.075e+00  
1.163e+00  2.412e-01  
7.176e-01  1.020e+00  
4.823e-01  1.026e+00  
9.054e-01  8.505e-01  
5.735e-01  1.064e+00  
5.719e-01  1.141e+00  
4.637e-01  1.203e+00  
1.177e+00  2.104e-01  
1.439e+00  1.501e-01  
1.431e+00  1.573e-01  
4.758e-01  1.039e+00  
4.578e-01  1.513e+00  
1.163e+00  2.412e-01  
4.663e-01  1.095e+00  
1.454e+00  1.776e-01  
1.442e+00  1.971e-01  
1.442e+00  1.971e-01  
4.681e-01  1.207e+00  
1.444e+00  1.514e-01  
4.578e-01  1.513e+00  
1.451e+00  1.688e-01  
1.434e+00  1.978e-01  
5.857e-01  1.139e+00  
1.192e+00  2.630e-01  
1.451e+00  1.688e-01  
5.857e-01  1.139e+00  
1.452e+00  1.547e-01  
1.442e+00  1.971e-01  
1.188e+00  2.265e-01  
4.665e-01  1.139e+00  
1.290e+00  2.283e-01  
1.441e+00  1.505e-01  
1.441e+00  1.505e-01  
1.449e+00  1.715e-01  
9.031e-01  8.805e-01  
5.857e-01  1.139e+00  
1.431e+00  1.510e-01  
4.881e-01  1.151e+00  
4.663e-01  1.095e+00  
4.881e-01  1.151e+00  
1.201e+00  3.988e-01  
1.167e+00  2.527e-01  
5.735e-01  1.064e+00  
1.169e+00  2.542e-01  
1.800e+00  1.737e-01  
7.988e-01  1.031e+00  
7.360e-01  1.023e+00  
9.054e-01  8.505e-01  
1.164e+00  5.581e-01  
1.211e+00  2.579e-01  
4.514e-01  1.073e+00  
5.320e-01  1.047e+00  
1.431e+00  1.510e-01  
1.177e+00  2.104e-01  
4.823e-01  1.026e+00  
1.445e+00  1.551e-01  
1.155e+00  3.823e-01  
9.425e-01  8.475e-01  
1.446e+00  1.545e-01  
1.240e+00  2.730e-01  
1.240e+00  2.730e-01  
9.134e-01  8.583e-01  
7.814e-01  1.028e+00  
4.652e-01  1.155e+00  
4.585e-01  1.100e+00  
6.992e-01  1.052e+00  
7.164e-01  1.046e+00  
1.101e+00  6.424e-01  
1.201e+00  3.988e-01  
9.078e-01  8.396e-01  
1.184e+00  2.520e-01  
9.006e-01  8.552e-01  
1.155e+00  5.619e-01  
1.290e+00  2.283e-01  
5.591e-01  1.096e+00  
1.153e+00  3.099e-01  
8.996e-01  8.886e-01  
9.049e-01  8.793e-01  
1.444e+00  1.514e-01  
9.015e-01  8.504e-01  
5.255e-01  1.027e+00  
8.955e-01  9.435e-01  
9.031e-01  9.485e-01  
1.154e+00  3.406e-01  
5.280e-01  1.046e+00  
9.634e-01  8.399e-01  
1.454e+00  1.776e-01  
1.184e+00  2.253e-01  
8.158e-01  1.028e+00  
1.460e+00  1.535e-01  
5.280e-01  1.046e+00  
1.156e+00  5.851e-01  
1.067e+00  8.447e-01  
5.914e-01  1.093e+00  
1.150e+00  4.311e-01  
1.434e+00  1.978e-01  
1.446e+00  1.545e-01  
1.101e+00  6.447e-01  
5.168e-01  1.103e+00  
1.100e+00  6.772e-01  
9.011e-01  8.677e-01  
4.558e-01  1.061e+00  
5.528e-01  1.024e+00  
1.153e+00  6.330e-01  
1.170e+00  3.296e-01  
1.153e+00  3.648e-01  
4.563e-01  1.636e+00  
4.550e-01  1.380e+00  
1.101e+00  6.593e-01  
1.100e+00  6.927e-01  
1.190e+00  3.355e-01  
6.049e-01  1.065e+00  
1.101e+00  7.144e-01  
