3.370e-02  1.312e+00  
1.344e+00  1.404e-02  
6.773e-01  6.760e-01  
1.019e+00  2.946e-01  
3.091e-01  1.030e+00  
1.008e+00  4.351e-01  
1.680e-01  1.139e+00  
4.508e-01  7.693e-01  
1.067e+00  7.279e-02  
1.086e+00  7.687e-02  
7.920e-02  1.284e+00  
7.322e-01  6.884e-01  
1.026e+00  4.640e-01  
3.868e-01  9.474e-01  
6.323e-01  7.331e-01  
1.055e+00  1.235e-01  
2.200e-01  1.032e+00  
1.667e-01  1.050e+00  
1.010e+00  4.469e-01  
1.034e+00  8.896e-02  
4.053e-01  8.197e-01  
6.773e-01  6.760e-01  
6.336e-01  6.974e-01  
1.099e+00  7.883e-02  
6.527e-01  6.724e-01  
1.082e+00  3.884e-02  
3.879e-01  9.548e-01  
4.780e-02  1.264e+00  
5.687e-01  7.482e-01  
1.017e-01  1.176e+00  
1.005e+00  3.375e-01  
1.019e+00  2.946e-01  
2.359e-01  1.032e+00  
1.053e+00  1.888e-01  
1.197e+00  5.330e-02  
4.236e-02  1.305e+00  
4.010e-01  7.986e-01  
1.636e-01  1.087e+00  
1.167e-01  1.045e+00  
1.026e+00  4.640e-01  
6.323e-01  7.331e-01  
1.023e+00  4.118e-01  
5.114e-01  7.358e-01  
3.819e-01  8.784e-01  
2.703e-01  1.064e+00  
1.042e+00  3.871e-01  
6.720e-01  6.818e-01  
1.097e+00  6.311e-02  
6.792e-01  6.799e-01  
3.693e-01  9.443e-01  
6.544e-01  7.126e-01  
4.868e-01  8.645e-01  
3.370e-02  1.312e+00  
1.010e+00  3.583e-01  
8.382e-02  1.280e+00  
6.890e-01  6.827e-01  
1.023e+00  3.763e-01  
1.195e+00  2.442e-02  
3.131e-01  1.033e+00  
1.071e+00  1.278e-01  
1.067e+00  7.279e-02  
5.158e-01  7.195e-01  
1.034e+00  8.896e-02  
1.062e+00  2.534e-01  
2.377e-01  1.043e+00  
1.086e+00  2.266e-01  
1.337e-01  1.121e+00  
1.038e+00  3.856e-01  
6.726e-01  6.794e-01  
6.606e-01  6.723e-01  
1.062e+00  2.835e-01  
3.139e-01  1.032e+00  
1.006e+00  4.120e-01  
4.868e-01  8.645e-01  
6.515e-01  6.966e-01  
1.184e-01  1.079e+00  
1.667e-01  1.050e+00  
1.035e+00  1.741e-01  
1.003e+00  3.578e-01  
1.097e+00  6.311e-02  
1.005e+00  3.203e-01  
4.053e-01  8.197e-01  
5.744e-01  7.280e-01  
1.012e+00  5.921e-01  
6.141e-01  7.709e-01  
1.006e+00  3.457e-01  
2.359e-01  1.032e+00  
7.920e-02  1.284e+00  
5.104e-01  7.174e-01  
6.773e-01  6.760e-01  
4.010e-01  7.986e-01  
1.031e+00  2.836e-01  
1.180e+00  2.516e-02  
4.780e-02  1.264e+00  
1.067e+00  1.576e-01  
4.010e-01  7.701e-01  
6.544e-01  7.126e-01  
1.030e+00  3.890e-01  
4.164e-01  8.231e-01  
6.606e-01  6.723e-01  
9.323e-02  1.052e+00  
1.184e-01  1.094e+00  
6.532e-01  6.733e-01  
1.636e-01  1.087e+00  
1.042e+00  3.871e-01  
1.061e+00  1.243e-01  
4.236e-02  1.305e+00  
6.985e-01  6.816e-01  
1.030e+00  3.890e-01  
1.040e+00  2.999e-01  
5.104e-01  7.174e-01  
2.768e-01  1.026e+00  
4.076e-01  7.397e-01  
5.104e-01  7.174e-01  
3.848e-01  9.972e-01  
1.097e+00  6.311e-02  
2.200e-01  1.032e+00  
1.066e+00  1.259e-01  
3.370e-02  1.312e+00  
1.100e+00  1.002e-01  
1.274e+00  3.811e-02  
2.857e-01  1.055e+00  
1.067e+00  7.279e-02  
2.359e-01  1.032e+00  
1.031e+00  2.836e-01  
3.086e-02  1.327e+00  
1.042e+00  6.593e-02  
3.915e-01  7.756e-01  
1.344e+00  1.404e-02  
4.250e-01  7.665e-01  
1.099e+00  7.883e-02  
1.868e-01  1.052e+00  
1.089e-01  1.058e+00  
1.173e-01  1.058e+00  
1.344e+00  1.404e-02  
1.180e+00  1.271e-01  
1.290e+00  2.358e-02  
4.001e-01  9.713e-01  
1.086e+00  2.266e-01  
3.091e-01  1.030e+00  
4.236e-02  1.305e+00  
1.008e+00  4.351e-01  
1.005e+00  3.612e-01  
4.250e-01  7.665e-01  
4.508e-01  7.392e-01  
6.720e-01  6.818e-01  
3.355e-01  1.032e+00  
6.570e-01  6.787e-01  
1.089e-01  1.058e+00  
3.868e-01  9.474e-01  
3.915e-01  7.756e-01  
1.016e+00  2.430e-01  
4.187e-01  7.292e-01  
6.985e-01  6.816e-01  
3.017e-01  1.030e+00  
1.006e+00  3.383e-01  
2.145e-01  1.034e+00  
3.868e-01  9.474e-01  
6.535e-01  6.724e-01  
1.026e+00  4.640e-01  
1.008e+00  3.204e-01  
3.719e-01  7.446e-01  
1.010e+00  3.583e-01  
2.377e-01  1.043e+00  
6.362e-01  7.371e-01  
4.886e-01  7.352e-01  
5.687e-01  7.482e-01  
6.532e-01  6.733e-01  
1.097e+00  6.311e-02  
1.030e+00  3.890e-01  
6.698e-01  6.769e-01  
1.008e+00  4.825e-01  
2.261e-02  1.314e+00  
7.067e-01  6.901e-01  
5.587e-02  1.278e+00  
1.034e+00  3.888e-01  
1.239e-01  1.113e+00  
6.303e-01  7.064e-01  
1.337e-01  1.121e+00  
6.606e-01  6.723e-01  
1.023e+00  3.763e-01  
3.885e-01  7.255e-01  
5.744e-01  7.280e-01  
5.968e-01  7.017e-01  
1.102e+00  1.695e-01  
1.066e+00  1.259e-01  
3.693e-01  9.443e-01  
5.158e-01  7.195e-01  
6.773e-01  6.760e-01  
5.744e-01  7.280e-01  
6.792e-01  6.799e-01  
1.010e+00  3.583e-01  
6.773e-01  6.760e-01  
6.544e-01  7.126e-01  
1.097e+00  6.311e-02  
1.035e+00  2.912e-01  
5.305e-01  7.216e-01  
1.038e+00  3.856e-01  
4.386e-01  7.322e-01  
1.636e-01  1.087e+00  
1.041e+00  4.801e-01  
3.719e-01  7.446e-01  
7.322e-01  6.884e-01  
1.082e+00  9.806e-02  
4.487e-01  9.029e-01  
1.010e+00  4.469e-01  
6.533e-01  6.749e-01  
1.017e-01  1.176e+00  
1.053e+00  1.888e-01  
5.587e-02  1.278e+00  
1.041e+00  5.332e-02  
1.007e+00  3.377e-01  
1.018e+00  4.019e-01  
2.753e-01  1.034e+00  
6.631e-01  6.743e-01  
1.086e+00  7.687e-02  
1.062e+00  2.835e-01  
1.008e+00  3.182e-01  
1.056e+00  3.119e-01  
1.006e-01  1.070e+00  
2.200e-01  1.032e+00  
2.753e-01  1.034e+00  
1.667e-01  1.050e+00  
1.029e+00  3.174e-01  
1.275e+00  4.449e-02  
2.995e-01  1.026e+00  
2.359e-01  1.032e+00  
2.377e-01  1.043e+00  
4.010e-01  7.986e-01  
7.031e-02  1.138e+00  
1.034e+00  8.896e-02  
1.085e+00  1.059e-01  
3.645e-02  1.341e+00  
4.569e-01  7.422e-01  
1.012e+00  2.766e-01  
1.034e+00  8.896e-02  
4.386e-01  7.322e-01  
7.367e-02  1.276e+00  
9.323e-02  1.052e+00  
1.017e+00  3.105e-01  
7.920e-02  1.284e+00  
7.707e-02  1.160e+00  
1.082e+00  9.806e-02  
2.753e-01  1.034e+00  
1.042e+00  6.593e-02  
1.034e+00  8.896e-02  
3.868e-01  9.474e-01  
1.178e+00  8.974e-02  
4.241e-01  8.976e-01  
4.131e-02  1.308e+00  
1.075e+00  1.752e-01  
1.056e+00  1.212e-01  
7.367e-02  1.276e+00  
1.019e+00  2.946e-01  
1.067e+00  7.279e-02  
1.232e+00  1.424e-02  
1.104e+00  4.677e-02  
1.275e+00  4.449e-02  
4.241e-01  8.976e-01  
1.266e+00  4.611e-02  
1.031e+00  2.836e-01  
1.040e+00  2.807e-01  
1.102e+00  1.695e-01  
3.370e-02  1.312e+00  
7.322e-01  6.884e-01  
1.067e+00  7.279e-02  
1.034e+00  8.896e-02  
1.062e+00  2.107e-01  
7.367e-02  1.276e+00  
4.250e-01  7.665e-01  
1.017e-01  1.176e+00  
3.091e-01  1.030e+00  
6.792e-01  6.799e-01  
4.187e-01  7.292e-01  
4.187e-01  7.292e-01  
1.086e+00  2.266e-01  
1.090e-01  1.082e+00  
2.359e-01  1.032e+00  
1.023e+00  3.763e-01  
7.367e-02  1.276e+00  
1.040e-01  1.075e+00  
3.848e-01  9.972e-01  
1.005e+00  4.104e-01  
1.011e+00  3.492e-01  
2.145e-01  1.034e+00  
3.370e-02  1.312e+00  
1.085e+00  1.059e-01  
1.667e-01  1.050e+00  
6.614e-02  1.294e+00  
1.868e-01  1.052e+00  
1.005e+00  4.508e-01  
6.726e-01  6.794e-01  
7.920e-02  1.284e+00  
1.006e+00  3.383e-01  
1.010e+00  4.469e-01  
5.305e-01  7.216e-01  
6.403e-01  7.180e-01  
3.719e-01  7.446e-01  
1.026e+00  4.640e-01  
6.736e-01  7.126e-01  
3.370e-02  1.312e+00  
5.100e-01  7.281e-01  
1.006e+00  3.588e-01  
6.412e-01  6.832e-01  
6.063e-01  7.032e-01  
6.128e-01  7.223e-01  
3.086e-02  1.327e+00  
5.100e-01  7.281e-01  
6.663e-01  6.760e-01  
6.866e-01  6.929e-01  
1.667e-01  1.050e+00  
3.693e-01  9.443e-01  
6.527e-01  6.724e-01  
1.055e+00  1.235e-01  
1.742e-01  1.069e+00  
6.720e-01  6.818e-01  
1.010e+00  4.469e-01  
1.017e+00  4.511e-01  
3.852e-01  8.048e-01  
1.010e+00  3.583e-01  
1.020e+00  4.341e-01  
1.010e+00  4.469e-01  
4.010e-01  7.986e-01  
1.055e+00  1.235e-01  
4.053e-01  8.197e-01  
1.860e-01  1.072e+00  
1.069e+00  8.397e-02  
1.005e+00  3.375e-01  
1.017e+00  4.075e-01  
1.868e-01  1.052e+00  
7.213e-01  6.825e-01  
6.516e-01  6.922e-01  
6.412e-01  6.832e-01  
2.313e-01  1.047e+00  
3.710e-01  8.974e-01  
5.687e-01  7.482e-01  
1.010e+00  3.583e-01  
1.085e+00  1.059e-01  
6.205e-01  7.263e-01  
3.719e-01  7.446e-01  
1.019e+00  2.946e-01  
4.487e-01  9.029e-01  
6.606e-01  6.723e-01  
1.010e+00  4.469e-01  
3.693e-01  9.443e-01  
1.067e+00  1.576e-01  
2.313e-01  1.047e+00  
1.023e+00  4.118e-01  
2.768e-01  1.026e+00  
7.322e-01  6.884e-01  
6.606e-01  6.723e-01  
2.703e-01  1.064e+00  
2.995e-01  1.026e+00  
1.056e+00  1.212e-01  
5.366e-01  7.392e-01  
4.250e-01  7.665e-01  
1.013e+00  3.444e-01  
4.508e-01  7.392e-01  
4.043e-01  8.343e-01  
6.323e-01  7.331e-01  
9.323e-02  1.052e+00  
6.412e-01  6.832e-01  
6.890e-01  6.827e-01  
7.920e-02  1.284e+00  
6.434e-01  7.413e-01  
4.236e-01  7.466e-01  
1.053e+00  1.888e-01  
1.036e+00  3.655e-01  
1.023e+00  4.118e-01  
1.023e+00  4.118e-01  
6.544e-01  7.126e-01  
4.010e-01  7.701e-01  
4.053e-01  8.197e-01  
6.527e-01  6.724e-01  
1.038e+00  3.856e-01  
6.606e-01  6.723e-01  
1.066e+00  1.259e-01  
3.131e-01  1.033e+00  
1.062e+00  6.270e-02  
1.184e-01  1.094e+00  
1.030e+00  3.890e-01  
6.244e-01  6.889e-01  
3.885e-01  7.255e-01  
6.663e-01  6.760e-01  
1.680e-01  1.139e+00  
7.136e-01  6.864e-01  
4.250e-01  7.665e-01  
6.527e-01  6.724e-01  
1.086e+00  7.687e-02  
1.034e+00  2.964e-01  
1.041e+00  4.801e-01  
2.028e-01  1.111e+00  
3.086e-02  1.327e+00  
3.885e-01  7.255e-01  
1.102e+00  1.695e-01  
5.744e-01  7.280e-01  
1.031e+00  2.836e-01  
4.236e-02  1.305e+00  
1.314e+00  2.898e-02  
6.535e-01  6.724e-01  
4.131e-01  9.705e-01  
1.019e+00  2.946e-01  
5.631e-02  1.266e+00  
1.034e+00  8.896e-02  
1.070e+00  1.259e-01  
1.090e-01  1.082e+00  
4.487e-01  9.029e-01  
6.323e-01  7.331e-01  
6.544e-01  7.126e-01  
1.053e+00  9.064e-02  
1.086e+00  2.266e-01  
2.366e-01  1.064e+00  
1.040e+00  2.807e-01  
1.074e+00  3.064e-01  
4.694e-01  7.706e-01  
6.792e-01  6.799e-01  
3.885e-01  7.255e-01  
7.322e-01  6.884e-01  
6.755e-01  6.796e-01  
3.024e-01  1.029e+00  
1.034e+00  2.964e-01  
3.024e-01  1.029e+00  
1.109e+00  1.031e-01  
4.010e-01  7.701e-01  
6.412e-01  6.832e-01  
5.687e-01  7.482e-01  
2.753e-01  1.034e+00  
3.024e-01  1.029e+00  
6.361e-01  6.723e-01  
1.008e+00  4.351e-01  
1.011e+00  3.492e-01  
4.909e-01  8.342e-01  
1.008e+00  2.912e-01  
1.027e+00  4.548e-01  
7.367e-02  1.276e+00  
1.042e+00  3.871e-01  
1.142e+00  1.128e-01  
2.703e-01  1.064e+00  
2.071e-01  1.157e+00  
4.053e-01  8.197e-01  
6.303e-01  7.064e-01  
3.131e-01  1.033e+00  
2.857e-01  1.055e+00  
4.250e-01  7.665e-01  
4.508e-01  7.693e-01  
6.448e-01  6.716e-01  
1.031e+00  2.836e-01  
1.184e-01  1.094e+00  
1.053e+00  1.888e-01  
6.303e-01  7.064e-01  
7.707e-02  1.160e+00  
1.868e-01  1.052e+00  
1.018e+00  3.199e-01  
3.658e-01  7.783e-01  
2.313e-01  1.047e+00  
4.487e-01  9.029e-01  
1.069e+00  5.705e-02  
1.042e+00  6.593e-02  
4.010e-01  7.986e-01  
1.304e+00  4.313e-02  
1.030e+00  3.890e-01  
3.914e-01  7.647e-01  
1.042e+00  8.817e-02  
3.131e-01  1.033e+00  
4.477e-02  1.269e+00  
1.292e+00  2.003e-02  
3.131e-01  1.033e+00  
1.184e-01  1.094e+00  
1.068e+00  2.786e-01  
1.076e+00  4.996e-02  
1.005e+00  3.612e-01  
1.047e+00  1.575e-01  
1.104e+00  4.677e-02  
2.359e-01  1.032e+00  
2.285e-01  1.031e+00  
1.018e+00  2.891e-01  
1.018e+00  4.019e-01  
1.275e+00  4.449e-02  
1.034e+00  3.888e-01  
1.007e+00  3.377e-01  
1.034e+00  8.896e-02  
1.097e+00  6.311e-02  
1.344e+00  1.404e-02  
7.031e-02  1.138e+00  
2.028e-01  1.111e+00  
1.074e+00  3.064e-01  
1.630e-01  1.198e+00  
1.042e+00  6.593e-02  
3.879e-01  9.548e-01  
7.707e-02  1.160e+00  
4.043e-01  8.343e-01  
1.495e-01  1.049e+00  
3.091e-01  1.030e+00  
4.236e-02  1.305e+00  
1.053e+00  9.064e-02  
1.086e+00  7.687e-02  
1.275e+00  4.449e-02  
7.707e-02  1.160e+00  
1.434e-02  1.360e+00  
1.078e+00  1.045e-01  
1.337e-01  1.121e+00  
1.099e+00  7.883e-02  
1.180e+00  2.516e-02  
1.062e+00  8.056e-02  
7.920e-02  1.284e+00  
1.104e+00  4.677e-02  
2.654e-02  1.298e+00  
1.104e+00  4.677e-02  
1.090e+00  6.253e-02  
1.167e-01  1.045e+00  
1.100e+00  1.677e-01  
1.227e+00  1.271e-02  
1.184e-01  1.079e+00  
1.081e+00  4.883e-02  
1.099e+00  7.883e-02  
1.086e+00  2.266e-01  
5.009e-02  1.274e+00  
1.056e+00  1.212e-01  
1.085e+00  1.059e-01  
1.344e+00  1.404e-02  
1.097e+00  6.311e-02  
4.386e-01  7.322e-01  
1.447e-01  1.060e+00  
1.097e+00  6.311e-02  
7.187e-02  1.234e+00  
1.636e-01  1.087e+00  
9.323e-02  1.052e+00  
1.074e+00  3.064e-01  
1.067e+00  7.279e-02  
1.680e-01  1.139e+00  
1.075e+00  1.752e-01  
1.180e+00  2.516e-02  
3.719e-01  7.446e-01  
4.010e-01  7.986e-01  
4.010e-01  7.701e-01  
1.010e+00  3.583e-01  
1.078e+00  1.045e-01  
5.587e-02  1.278e+00  
3.017e-01  1.030e+00  
1.097e+00  6.311e-02  
1.070e+00  1.259e-01  
1.090e-01  1.082e+00  
1.062e+00  2.830e-02  
1.008e+00  4.351e-01  
5.744e-01  7.280e-01  
1.167e+00  2.507e-02  
1.031e+00  2.836e-01  
1.074e+00  3.064e-01  
4.065e-01  7.559e-01  
4.241e-01  8.976e-01  
1.067e-01  1.265e+00  
5.631e-02  1.266e+00  
3.131e-01  1.033e+00  
3.091e-01  1.030e+00  
6.698e-01  6.769e-01  
6.421e-01  6.759e-01  
5.744e-01  7.280e-01  
1.100e+00  1.002e-01  
5.687e-01  7.482e-01  
6.535e-01  6.749e-01  
1.035e+00  1.111e-01  
1.181e-01  1.110e+00  
1.062e+00  2.835e-01  
4.868e-01  8.645e-01  
4.508e-01  7.693e-01  
1.180e+00  2.516e-02  
5.687e-01  7.482e-01  
2.377e-01  1.043e+00  
4.135e-01  7.759e-01  
4.010e-01  7.701e-01  
1.015e+00  3.729e-01  
2.145e-01  1.034e+00  
5.305e-01  7.216e-01  
1.304e+00  4.313e-02  
1.062e+00  1.505e-01  
4.076e-01  7.397e-01  
1.275e+00  4.449e-02  
1.868e-01  1.052e+00  
1.003e+00  3.733e-01  
6.736e-01  7.126e-01  
1.337e-01  1.121e+00  
1.005e+00  4.104e-01  
1.086e+00  7.687e-02  
1.081e+00  4.208e-02  
6.544e-01  7.126e-01  
1.040e-01  1.075e+00  
7.213e-01  6.825e-01  
4.456e-01  8.591e-01  
1.233e-02  1.316e+00  
1.337e-01  1.121e+00  
6.593e-01  6.770e-01  
1.010e+00  2.871e-01  
1.040e+00  4.314e-01  
1.233e-02  1.316e+00  
3.165e-02  1.356e+00  
6.792e-01  6.799e-01  
6.590e-01  6.742e-01  
1.005e+00  3.612e-01  
2.377e-01  1.043e+00  
6.698e-01  6.769e-01  
