6.077e-02  1.157e+00  
1.184e+00  4.911e-02  
6.977e-01  6.451e-01  
9.706e-01  3.096e-01  
3.356e-01  1.007e+00  
8.186e-01  4.744e-01  
1.790e-01  1.046e+00  
5.148e-01  8.552e-01  
1.011e+00  1.661e-01  
1.037e+00  9.082e-02  
9.792e-02  1.047e+00  
7.530e-01  6.116e-01  
8.562e-01  4.279e-01  
3.405e-01  1.026e+00  
6.425e-01  7.672e-01  
9.786e-01  2.397e-01  
1.376e-01  1.043e+00  
1.425e-01  1.043e+00  
8.235e-01  4.682e-01  
9.799e-01  2.105e-01  
4.997e-01  8.958e-01  
7.167e-01  6.320e-01  
6.512e-01  7.190e-01  
1.028e+00  9.631e-02  
8.086e-01  5.097e-01  
1.045e+00  7.068e-02  
3.562e-01  9.706e-01  
7.569e-02  1.161e+00  
5.309e-01  8.331e-01  
1.158e-01  1.045e+00  
8.830e-01  3.726e-01  
9.754e-01  2.530e-01  
2.708e-01  1.020e+00  
9.709e-01  2.730e-01  
1.039e+00  8.418e-02  
9.708e-02  1.048e+00  
4.522e-01  9.335e-01  
1.045e-01  1.045e+00  
1.045e-01  1.045e+00  
8.379e-01  4.417e-01  
6.425e-01  7.672e-01  
8.085e-01  5.226e-01  
5.366e-01  8.238e-01  
3.936e-01  9.441e-01  
1.402e-01  1.044e+00  
9.396e-01  3.445e-01  
8.026e-01  5.499e-01  
1.027e+00  1.150e-01  
7.318e-01  6.154e-01  
3.661e-01  9.717e-01  
7.167e-01  6.391e-01  
5.007e-01  8.637e-01  
6.058e-02  1.157e+00  
8.500e-01  4.301e-01  
1.213e-01  1.044e+00  
6.977e-01  6.451e-01  
8.805e-01  3.846e-01  
1.163e+00  5.336e-02  
3.356e-01  1.007e+00  
1.009e+00  1.424e-01  
9.994e-01  1.917e-01  
5.883e-01  8.008e-01  
9.807e-01  2.104e-01  
9.703e-01  2.887e-01  
2.808e-01  1.223e+00  
9.788e-01  2.304e-01  
1.027e-01  1.048e+00  
9.243e-01  3.546e-01  
7.192e-01  6.301e-01  
7.170e-01  6.240e-01  
9.773e-01  2.525e-01  
3.405e-01  1.026e+00  
8.619e-01  4.145e-01  
5.147e-01  8.551e-01  
7.167e-01  6.391e-01  
1.802e-01  1.043e+00  
1.045e-01  1.045e+00  
9.788e-01  2.304e-01  
8.291e-01  4.604e-01  
1.034e+00  8.633e-02  
8.411e-01  4.382e-01  
4.997e-01  8.958e-01  
6.495e-01  7.238e-01  
8.163e-01  4.887e-01  
6.425e-01  7.672e-01  
8.163e-01  4.887e-01  
1.402e-01  1.044e+00  
1.633e-01  1.047e+00  
5.561e-01  8.104e-01  
8.163e-01  4.887e-01  
3.767e-01  9.577e-01  
9.732e-01  3.073e-01  
1.043e+00  7.724e-02  
6.077e-02  1.157e+00  
1.001e+00  1.685e-01  
3.902e-01  9.614e-01  
6.480e-01  7.236e-01  
8.729e-01  4.037e-01  
4.366e-01  9.365e-01  
7.250e-01  6.259e-01  
9.792e-02  1.047e+00  
1.279e-01  1.044e+00  
7.192e-01  6.301e-01  
1.467e-01  1.042e+00  
8.823e-01  3.998e-01  
9.927e-01  2.044e-01  
6.218e-02  1.157e+00  
6.809e-01  6.632e-01  
8.864e-01  3.791e-01  
9.800e-01  2.918e-01  
6.023e-01  7.932e-01  
1.790e-01  1.046e+00  
4.981e-01  8.834e-01  
5.309e-01  8.331e-01  
3.833e-01  9.906e-01  
1.024e+00  1.312e-01  
1.750e-01  1.044e+00  
9.799e-01  2.105e-01  
1.633e-01  1.047e+00  
1.011e+00  1.661e-01  
1.130e+00  5.437e-02  
3.359e-01  1.000e+00  
1.044e+00  7.968e-02  
1.402e-01  1.044e+00  
9.693e-01  2.781e-01  
6.081e-02  1.157e+00  
1.034e+00  1.204e-01  
5.148e-01  8.552e-01  
1.184e+00  4.911e-02  
5.178e-01  8.382e-01  
1.027e+00  1.111e-01  
1.269e-01  1.043e+00  
1.548e-01  1.044e+00  
1.213e-01  1.044e+00  
1.169e+00  5.290e-02  
1.009e+00  1.424e-01  
1.184e+00  4.911e-02  
3.902e-01  9.614e-01  
9.950e-01  1.681e-01  
3.359e-01  1.000e+00  
6.218e-02  1.157e+00  
8.235e-01  4.682e-01  
9.891e-01  1.667e-01  
5.007e-01  8.637e-01  
6.134e-01  7.892e-01  
6.512e-01  7.190e-01  
3.359e-01  1.000e+00  
8.062e-01  5.174e-01  
1.332e-01  1.045e+00  
3.767e-01  9.577e-01  
5.004e-01  8.690e-01  
9.807e-01  2.104e-01  
5.147e-01  8.551e-01  
7.167e-01  6.320e-01  
1.402e-01  1.044e+00  
8.411e-01  4.382e-01  
1.269e-01  1.043e+00  
3.531e-01  9.798e-01  
7.318e-01  6.154e-01  
8.186e-01  4.744e-01  
8.729e-01  4.037e-01  
4.230e-01  9.501e-01  
8.183e-01  4.797e-01  
1.196e-01  1.042e+00  
6.480e-01  7.236e-01  
5.421e-01  8.221e-01  
6.291e-01  7.868e-01  
8.163e-01  4.887e-01  
1.039e+00  7.982e-02  
8.235e-01  4.682e-01  
6.708e-01  6.754e-01  
8.309e-01  4.588e-01  
6.048e-02  1.159e+00  
8.026e-01  5.499e-01  
9.797e-02  1.048e+00  
8.085e-01  5.226e-01  
1.045e-01  1.045e+00  
6.977e-01  6.451e-01  
1.279e-01  1.044e+00  
7.315e-01  6.151e-01  
9.239e-01  3.551e-01  
4.192e-01  9.365e-01  
6.440e-01  7.513e-01  
6.388e-01  7.555e-01  
9.845e-01  2.005e-01  
9.765e-01  2.456e-01  
3.531e-01  9.798e-01  
6.425e-01  7.672e-01  
8.026e-01  5.499e-01  
5.912e-01  8.022e-01  
7.293e-01  6.160e-01  
8.172e-01  4.860e-01  
6.977e-01  6.451e-01  
6.646e-01  6.911e-01  
1.040e+00  8.324e-02  
9.773e-01  2.525e-01  
6.057e-01  7.912e-01  
8.864e-01  3.791e-01  
5.426e-01  8.292e-01  
1.624e-01  1.043e+00  
8.251e-01  4.693e-01  
3.904e-01  9.489e-01  
7.192e-01  6.301e-01  
1.021e+00  1.516e-01  
4.895e-01  8.737e-01  
8.723e-01  4.003e-01  
7.166e-01  6.320e-01  
1.279e-01  1.044e+00  
9.788e-01  2.304e-01  
6.111e-02  1.158e+00  
1.038e+00  8.430e-02  
8.819e-01  3.877e-01  
8.677e-01  4.121e-01  
1.270e-01  1.044e+00  
7.132e-01  6.303e-01  
1.050e+00  7.173e-02  
9.773e-01  2.525e-01  
9.133e-01  3.656e-01  
9.756e-01  2.375e-01  
1.283e-01  1.043e+00  
3.531e-01  9.798e-01  
1.565e-01  1.043e+00  
1.270e-01  1.044e+00  
9.362e-01  3.472e-01  
1.173e+00  5.329e-02  
3.356e-01  1.007e+00  
1.402e-01  1.044e+00  
1.270e-01  1.044e+00  
4.824e-01  9.009e-01  
1.790e-01  1.046e+00  
1.000e+00  1.860e-01  
1.021e+00  1.516e-01  
6.666e-02  1.167e+00  
5.681e-01  8.137e-01  
9.693e-01  2.781e-01  
9.693e-01  2.781e-01  
5.421e-01  8.221e-01  
9.797e-02  1.048e+00  
1.633e-01  1.047e+00  
8.729e-01  4.037e-01  
9.797e-02  1.048e+00  
1.158e-01  1.045e+00  
1.027e+00  1.008e-01  
1.743e-01  1.042e+00  
9.994e-01  1.917e-01  
9.807e-01  2.104e-01  
3.904e-01  9.489e-01  
1.037e+00  9.676e-02  
4.522e-01  9.335e-01  
6.214e-02  1.158e+00  
9.915e-01  1.745e-01  
1.001e+00  1.685e-01  
9.708e-02  1.048e+00  
9.891e-01  1.667e-01  
1.014e+00  1.212e-01  
1.169e+00  5.290e-02  
1.044e+00  7.377e-02  
1.169e+00  5.290e-02  
3.965e-01  9.522e-01  
1.050e+00  7.109e-02  
9.693e-01  2.781e-01  
9.772e-01  2.550e-01  
9.994e-01  1.917e-01  
6.106e-02  1.157e+00  
7.170e-01  6.240e-01  
1.004e+00  1.479e-01  
9.929e-01  1.706e-01  
9.765e-01  2.456e-01  
9.797e-02  1.048e+00  
5.053e-01  8.599e-01  
1.633e-01  1.047e+00  
3.387e-01  9.901e-01  
7.132e-01  6.303e-01  
5.178e-01  8.382e-01  
5.243e-01  8.410e-01  
9.950e-01  1.681e-01  
1.086e-01  1.045e+00  
3.374e-01  1.008e+00  
9.133e-01  3.656e-01  
1.352e-01  1.044e+00  
1.790e-01  1.046e+00  
3.767e-01  9.577e-01  
8.687e-01  4.129e-01  
9.732e-01  3.073e-01  
3.405e-01  1.026e+00  
6.069e-02  1.161e+00  
1.027e+00  1.150e-01  
1.269e-01  1.043e+00  
9.792e-02  1.047e+00  
1.463e-01  1.042e+00  
8.251e-01  4.693e-01  
7.166e-01  6.320e-01  
1.463e-01  1.042e+00  
8.677e-01  4.121e-01  
8.379e-01  4.417e-01  
6.433e-01  7.373e-01  
7.318e-01  6.154e-01  
4.093e-01  9.340e-01  
8.435e-01  4.407e-01  
6.708e-01  6.754e-01  
9.792e-02  1.047e+00  
6.057e-01  7.912e-01  
8.823e-01  3.998e-01  
7.379e-01  6.094e-01  
6.480e-01  7.236e-01  
8.026e-01  5.499e-01  
6.069e-02  1.161e+00  
6.057e-01  7.912e-01  
8.086e-01  5.097e-01  
7.167e-01  6.320e-01  
1.802e-01  1.043e+00  
3.767e-01  9.577e-01  
7.315e-01  6.151e-01  
9.891e-01  1.667e-01  
1.560e-01  1.042e+00  
7.211e-01  6.184e-01  
8.379e-01  4.417e-01  
8.473e-01  4.330e-01  
4.230e-01  9.501e-01  
8.382e-01  4.390e-01  
8.687e-01  4.129e-01  
8.251e-01  4.693e-01  
4.997e-01  8.958e-01  
9.994e-01  1.917e-01  
4.857e-01  8.873e-01  
1.463e-01  1.042e+00  
1.203e+00  6.924e-02  
8.823e-01  3.998e-01  
9.056e-01  3.654e-01  
1.249e-01  1.042e+00  
7.167e-01  6.320e-01  
7.167e-01  6.391e-01  
6.480e-01  7.236e-01  
1.425e-01  1.043e+00  
3.833e-01  9.906e-01  
6.134e-01  7.892e-01  
8.235e-01  4.682e-01  
1.027e+00  1.111e-01  
6.480e-01  7.236e-01  
3.531e-01  9.798e-01  
9.709e-01  2.730e-01  
3.904e-01  9.489e-01  
7.318e-01  6.154e-01  
8.308e-01  4.522e-01  
3.661e-01  9.717e-01  
9.845e-01  2.005e-01  
1.376e-01  1.043e+00  
8.085e-01  5.226e-01  
3.158e-01  1.035e+00  
7.167e-01  6.391e-01  
7.192e-01  6.301e-01  
1.624e-01  1.043e+00  
3.833e-01  9.906e-01  
9.950e-01  1.681e-01  
6.057e-01  7.912e-01  
5.803e-01  7.985e-01  
8.379e-01  4.417e-01  
6.057e-01  7.912e-01  
6.057e-01  7.912e-01  
6.440e-01  7.513e-01  
1.633e-01  1.047e+00  
6.822e-01  6.693e-01  
7.167e-01  6.320e-01  
9.792e-02  1.047e+00  
6.023e-01  7.932e-01  
5.147e-01  8.551e-01  
9.786e-01  2.397e-01  
8.379e-01  4.417e-01  
8.235e-01  4.682e-01  
9.133e-01  3.656e-01  
5.951e-01  7.957e-01  
5.085e-01  8.484e-01  
4.726e-01  9.311e-01  
8.026e-01  5.499e-01  
8.729e-01  4.037e-01  
8.150e-01  4.915e-01  
9.754e-01  2.530e-01  
3.833e-01  9.906e-01  
1.028e+00  9.631e-02  
1.463e-01  1.042e+00  
8.319e-01  4.479e-01  
8.379e-01  4.417e-01  
5.367e-01  8.338e-01  
8.163e-01  4.887e-01  
1.249e-01  1.042e+00  
7.170e-01  6.240e-01  
5.421e-01  8.221e-01  
7.490e-01  6.015e-01  
1.026e+00  1.121e-01  
9.693e-01  2.781e-01  
8.183e-01  4.797e-01  
1.463e-01  1.042e+00  
6.064e-02  1.158e+00  
5.520e-01  1.043e+00  
9.929e-01  1.706e-01  
6.425e-01  7.672e-01  
9.788e-01  2.304e-01  
6.058e-02  1.157e+00  
1.179e+00  5.936e-02  
8.085e-01  5.226e-01  
4.230e-01  9.501e-01  
9.788e-01  2.304e-01  
7.178e-02  1.159e+00  
1.016e+00  1.167e-01  
9.994e-01  1.917e-01  
1.086e-01  1.045e+00  
4.997e-01  8.958e-01  
6.388e-01  7.555e-01  
6.600e-01  6.894e-01  
1.034e+00  1.204e-01  
9.788e-01  2.304e-01  
1.425e-01  1.043e+00  
9.765e-01  2.456e-01  
9.693e-01  2.781e-01  
5.309e-01  8.331e-01  
7.167e-01  6.391e-01  
5.004e-01  8.690e-01  
6.977e-01  6.451e-01  
8.183e-01  4.797e-01  
3.545e-01  9.899e-01  
9.756e-01  2.375e-01  
3.562e-01  9.706e-01  
1.027e+00  1.150e-01  
5.085e-01  8.484e-01  
7.170e-01  6.240e-01  
6.291e-01  7.868e-01  
1.376e-01  1.043e+00  
1.425e-01  1.043e+00  
7.166e-01  6.320e-01  
8.677e-01  4.121e-01  
9.362e-01  3.472e-01  
5.421e-01  8.221e-01  
8.687e-01  4.129e-01  
8.729e-01  4.037e-01  
9.792e-02  1.047e+00  
9.396e-01  3.445e-01  
1.027e+00  1.008e-01  
1.270e-01  1.044e+00  
1.249e-01  1.042e+00  
5.333e-01  8.383e-01  
7.167e-01  6.320e-01  
3.387e-01  9.901e-01  
1.565e-01  1.043e+00  
5.243e-01  8.410e-01  
5.148e-01  8.552e-01  
7.211e-01  6.184e-01  
9.706e-01  3.096e-01  
1.028e-01  1.045e+00  
9.836e-01  2.247e-01  
7.170e-01  6.240e-01  
1.158e-01  1.045e+00  
1.633e-01  1.047e+00  
9.754e-01  2.530e-01  
3.965e-01  9.522e-01  
1.750e-01  1.044e+00  
5.007e-01  8.637e-01  
1.039e+00  7.982e-02  
1.016e+00  1.217e-01  
3.359e-01  1.000e+00  
1.171e+00  5.659e-02  
8.062e-01  5.174e-01  
4.192e-01  9.365e-01  
1.016e+00  1.217e-01  
1.548e-01  1.044e+00  
6.108e-02  1.157e+00  
1.163e+00  5.336e-02  
3.545e-01  9.899e-01  
1.269e-01  1.043e+00  
9.782e-01  2.345e-01  
1.047e+00  7.472e-02  
9.773e-01  2.525e-01  
9.888e-01  1.843e-01  
1.169e+00  5.290e-02  
1.624e-01  1.043e+00  
1.750e-01  1.044e+00  
9.732e-01  3.073e-01  
8.562e-01  4.279e-01  
1.047e+00  7.472e-02  
8.086e-01  5.097e-01  
9.703e-01  2.887e-01  
9.782e-01  2.345e-01  
1.037e+00  8.697e-02  
1.184e+00  5.039e-02  
1.114e-01  1.046e+00  
2.808e-01  1.223e+00  
9.762e-01  2.594e-01  
1.790e-01  1.046e+00  
1.000e+00  1.860e-01  
3.735e-01  9.633e-01  
9.708e-02  1.048e+00  
5.085e-01  8.484e-01  
1.439e-01  1.043e+00  
3.356e-01  1.007e+00  
6.111e-02  1.158e+00  
1.011e+00  1.661e-01  
1.027e+00  1.111e-01  
1.169e+00  5.290e-02  
1.158e-01  1.045e+00  
6.058e-02  1.157e+00  
1.000e+00  1.860e-01  
1.249e-01  1.042e+00  
1.171e+00  5.659e-02  
1.171e+00  5.659e-02  
1.034e+00  8.633e-02  
7.178e-02  1.159e+00  
1.173e+00  5.329e-02  
6.095e-02  1.157e+00  
1.044e+00  7.377e-02  
1.047e+00  7.472e-02  
1.279e-01  1.044e+00  
9.773e-01  2.525e-01  
1.184e+00  4.911e-02  
1.439e-01  1.043e+00  
1.045e+00  7.068e-02  
1.027e+00  1.008e-01  
9.841e-01  1.936e-01  
7.178e-02  1.159e+00  
1.010e+00  1.320e-01  
1.027e+00  1.150e-01  
1.169e+00  5.290e-02  
1.038e+00  8.407e-02  
5.309e-01  8.331e-01  
1.279e-01  1.044e+00  
1.203e+00  6.924e-02  
9.708e-02  1.048e+00  
1.045e-01  1.045e+00  
9.708e-02  1.048e+00  
9.396e-01  3.445e-01  
1.000e+00  1.860e-01  
1.700e-01  1.044e+00  
9.727e-01  2.699e-01  
1.174e+00  5.107e-02  
3.904e-01  9.489e-01  
3.562e-01  9.706e-01  
5.202e-01  8.470e-01  
8.172e-01  4.860e-01  
1.011e+00  1.661e-01  
6.081e-02  1.157e+00  
3.359e-01  1.000e+00  
1.039e+00  7.982e-02  
9.786e-01  2.397e-01  
1.086e-01  1.045e+00  
1.044e+00  7.968e-02  
8.172e-01  4.860e-01  
6.099e-01  7.926e-01  
1.170e+00  5.157e-02  
9.706e-01  3.096e-01  
9.709e-01  2.730e-01  
5.261e-01  8.354e-01  
3.531e-01  9.798e-01  
1.352e-01  1.044e+00  
7.569e-02  1.161e+00  
3.358e-01  1.002e+00  
3.158e-01  1.035e+00  
7.318e-01  6.154e-01  
8.026e-01  5.499e-01  
6.425e-01  7.672e-01  
9.994e-01  1.917e-01  
5.367e-01  8.338e-01  
8.060e-01  5.562e-01  
1.009e+00  1.737e-01  
1.196e-01  1.042e+00  
9.754e-01  2.530e-01  
5.007e-01  8.637e-01  
5.085e-01  8.484e-01  
1.039e+00  7.982e-02  
6.134e-01  7.892e-01  
1.269e-01  1.043e+00  
5.147e-01  8.551e-01  
5.147e-01  8.551e-01  
8.411e-01  4.382e-01  
1.270e-01  1.044e+00  
6.291e-01  7.868e-01  
1.174e+00  5.107e-02  
9.773e-01  2.525e-01  
4.230e-01  9.501e-01  
1.055e+00  6.197e-02  
1.270e-01  1.044e+00  
8.172e-01  4.860e-01  
6.656e-01  6.888e-01  
1.376e-01  1.043e+00  
8.729e-01  4.037e-01  
1.047e+00  7.472e-02  
1.039e+00  7.982e-02  
6.686e-01  6.874e-01  
1.028e-01  1.045e+00  
6.928e-01  6.492e-01  
5.147e-01  8.551e-01  
6.097e-02  1.161e+00  
1.332e-01  1.045e+00  
8.085e-01  5.226e-01  
9.891e-01  1.667e-01  
8.180e-01  4.880e-01  
9.708e-02  1.048e+00  
6.064e-02  1.158e+00  
7.318e-01  6.154e-01  
7.166e-01  6.320e-01  
9.396e-01  3.445e-01  
1.376e-01  1.043e+00  
6.751e-01  6.724e-01  
