1.704e-01  1.250e+00  
1.592e+00  6.735e-02  
9.584e-01  7.621e-01  
9.863e-01  3.577e-01  
2.709e-01  1.009e+00  
9.676e-01  4.846e-01  
1.377e-01  1.249e+00  
6.085e-01  9.843e-01  
1.247e+00  1.384e-01  
1.185e+00  1.401e-01  
1.560e-01  1.241e+00  
9.568e-01  6.904e-01  
9.969e-01  4.000e-01  
4.956e-01  1.006e+00  
7.972e-01  9.345e-01  
1.111e+00  2.870e-01  
2.731e-01  1.034e+00  
2.650e-01  1.041e+00  
1.002e+00  4.619e-01  
1.110e+00  1.931e-01  
4.482e-01  9.798e-01  
9.544e-01  7.402e-01  
7.573e-01  9.257e-01  
1.197e+00  1.002e-01  
9.640e-01  5.236e-01  
1.210e+00  9.000e-02  
4.956e-01  1.006e+00  
1.378e-01  1.259e+00  
7.354e-01  9.800e-01  
1.813e-01  1.246e+00  
1.017e+00  3.673e-01  
1.103e+00  2.861e-01  
3.364e-01  1.001e+00  
1.108e+00  1.792e-01  
1.182e+00  9.301e-02  
1.537e-01  1.251e+00  
4.969e-01  9.839e-01  
3.003e-01  1.175e+00  
1.378e-01  1.259e+00  
9.650e-01  4.030e-01  
7.692e-01  9.423e-01  
9.978e-01  5.240e-01  
5.861e-01  9.767e-01  
4.912e-01  9.790e-01  
2.707e-01  1.024e+00  
9.874e-01  3.733e-01  
9.642e-01  6.805e-01  
1.182e+00  9.256e-02  
9.560e-01  7.364e-01  
2.893e-01  1.020e+00  
8.215e-01  9.257e-01  
5.689e-01  9.766e-01  
1.305e-01  1.339e+00  
9.969e-01  4.000e-01  
1.560e-01  1.241e+00  
9.544e-01  7.524e-01  
9.993e-01  3.756e-01  
1.527e+00  7.379e-02  
2.846e-01  9.956e-01  
1.119e+00  1.701e-01  
1.116e+00  1.729e-01  
7.354e-01  9.800e-01  
1.115e+00  1.981e-01  
1.037e+00  3.825e-01  
3.245e-01  1.025e+00  
1.111e+00  2.870e-01  
1.315e-01  1.239e+00  
1.007e+00  3.424e-01  
9.544e-01  7.524e-01  
9.564e-01  7.304e-01  
1.039e+00  3.267e-01  
3.452e-01  1.014e+00  
9.954e-01  3.660e-01  
5.673e-01  9.774e-01  
9.548e-01  8.048e-01  
2.848e-01  1.061e+00  
2.650e-01  1.041e+00  
1.111e+00  2.870e-01  
9.796e-01  5.562e-01  
1.197e+00  1.002e-01  
9.793e-01  5.553e-01  
5.247e-01  9.787e-01  
7.573e-01  9.257e-01  
9.728e-01  6.771e-01  
7.856e-01  9.577e-01  
9.927e-01  5.875e-01  
2.675e-01  1.019e+00  
1.327e-01  1.263e+00  
5.199e-01  9.777e-01  
9.651e-01  6.763e-01  
3.844e-01  1.049e+00  
1.035e+00  3.440e-01  
1.235e+00  9.288e-02  
1.609e-01  1.304e+00  
1.115e+00  1.981e-01  
4.909e-01  9.800e-01  
7.895e-01  9.281e-01  
9.887e-01  4.788e-01  
4.308e-01  9.843e-01  
9.584e-01  7.621e-01  
1.230e-01  1.242e+00  
2.641e-01  1.038e+00  
9.642e-01  6.805e-01  
1.537e-01  1.251e+00  
1.002e+00  4.005e-01  
1.114e+00  2.399e-01  
1.370e-01  1.264e+00  
9.530e-01  7.241e-01  
9.954e-01  3.660e-01  
1.007e+00  3.424e-01  
7.692e-01  9.423e-01  
3.902e-01  1.005e+00  
5.861e-01  9.767e-01  
7.155e-01  9.792e-01  
4.585e-01  1.006e+00  
1.185e+00  1.553e-01  
3.585e-01  1.028e+00  
1.114e+00  2.399e-01  
2.021e-01  1.277e+00  
1.115e+00  1.981e-01  
1.241e+00  9.005e-02  
4.324e-01  1.007e+00  
1.207e+00  1.149e-01  
3.585e-01  1.028e+00  
1.019e+00  3.449e-01  
1.206e-01  1.400e+00  
1.192e+00  1.582e-01  
6.660e-01  9.826e-01  
1.527e+00  7.379e-02  
6.339e-01  9.781e-01  
1.197e+00  1.002e-01  
3.003e-01  1.175e+00  
2.848e-01  1.061e+00  
2.114e-01  1.252e+00  
1.248e+00  1.023e-01  
1.115e+00  1.981e-01  
1.287e+00  7.897e-02  
4.308e-01  9.843e-01  
1.119e+00  2.309e-01  
4.308e-01  9.843e-01  
1.461e-01  1.248e+00  
9.800e-01  4.580e-01  
1.033e+00  3.923e-01  
5.998e-01  9.811e-01  
7.476e-01  9.248e-01  
9.544e-01  7.524e-01  
3.585e-01  1.028e+00  
9.728e-01  6.771e-01  
2.641e-01  1.038e+00  
4.676e-01  9.770e-01  
6.085e-01  9.843e-01  
1.037e+00  3.825e-01  
5.861e-01  9.767e-01  
9.544e-01  7.402e-01  
3.902e-01  1.005e+00  
9.709e-01  4.452e-01  
3.141e-01  1.033e+00  
2.893e-01  1.020e+00  
9.581e-01  6.594e-01  
9.640e-01  5.236e-01  
9.954e-01  3.660e-01  
4.850e-01  9.804e-01  
9.799e-01  5.295e-01  
3.330e-01  1.096e+00  
7.972e-01  9.345e-01  
6.028e-01  1.001e+00  
7.570e-01  9.687e-01  
9.978e-01  5.240e-01  
1.201e+00  1.020e-01  
9.596e-01  4.756e-01  
9.597e-01  7.421e-01  
9.640e-01  5.236e-01  
1.232e-01  1.313e+00  
9.642e-01  6.805e-01  
1.458e-01  1.274e+00  
9.718e-01  5.571e-01  
2.650e-01  1.041e+00  
9.269e-01  9.394e-01  
2.021e-01  1.277e+00  
9.978e-01  5.240e-01  
9.954e-01  3.660e-01  
4.482e-01  9.798e-01  
8.215e-01  9.257e-01  
7.833e-01  9.395e-01  
1.114e+00  2.399e-01  
1.117e+00  2.517e-01  
4.308e-01  9.843e-01  
7.573e-01  9.257e-01  
9.676e-01  4.846e-01  
5.199e-01  9.777e-01  
9.582e-01  7.199e-01  
9.978e-01  5.240e-01  
9.548e-01  8.048e-01  
7.692e-01  9.423e-01  
1.182e+00  9.301e-02  
1.113e+00  2.837e-01  
6.028e-01  1.001e+00  
9.993e-01  3.756e-01  
7.570e-01  9.687e-01  
3.003e-01  1.175e+00  
9.800e-01  4.580e-01  
4.482e-01  9.798e-01  
9.568e-01  6.653e-01  
1.147e+00  1.929e-01  
5.247e-01  9.787e-01  
9.951e-01  4.810e-01  
9.632e-01  6.560e-01  
1.783e-01  1.255e+00  
1.104e+00  2.767e-01  
1.421e-01  1.250e+00  
1.207e+00  1.149e-01  
1.017e+00  4.079e-01  
9.954e-01  3.660e-01  
2.893e-01  1.020e+00  
9.560e-01  7.364e-01  
1.179e+00  1.018e-01  
1.114e+00  2.399e-01  
9.993e-01  3.756e-01  
1.037e+00  3.825e-01  
2.390e-01  1.246e+00  
2.709e-01  1.009e+00  
2.832e-01  1.005e+00  
2.707e-01  1.024e+00  
1.035e+00  3.440e-01  
1.189e+00  9.685e-02  
3.245e-01  1.025e+00  
2.786e-01  9.965e-01  
2.893e-01  1.020e+00  
5.247e-01  9.787e-01  
1.274e-01  1.247e+00  
1.115e+00  1.981e-01  
1.116e+00  1.729e-01  
1.154e-01  1.573e+00  
6.570e-01  9.787e-01  
9.969e-01  4.000e-01  
1.119e+00  2.309e-01  
6.660e-01  9.826e-01  
1.696e-01  1.257e+00  
1.377e-01  1.249e+00  
9.906e-01  3.595e-01  
1.330e-01  1.283e+00  
1.421e-01  1.250e+00  
1.119e+00  1.762e-01  
3.244e-01  1.008e+00  
1.126e+00  2.042e-01  
1.117e+00  2.517e-01  
3.779e-01  9.895e-01  
1.181e+00  9.842e-02  
4.956e-01  1.006e+00  
1.230e-01  1.242e+00  
1.121e+00  1.954e-01  
1.115e+00  1.981e-01  
1.330e-01  1.283e+00  
1.049e+00  3.403e-01  
1.210e+00  9.000e-02  
1.527e+00  7.379e-02  
1.181e+00  9.469e-02  
1.287e+00  7.897e-02  
5.304e-01  9.783e-01  
1.210e+00  9.000e-02  
1.115e+00  2.919e-01  
1.049e+00  3.403e-01  
1.119e+00  2.309e-01  
1.401e-01  1.331e+00  
9.548e-01  8.048e-01  
1.247e+00  1.384e-01  
1.113e+00  2.453e-01  
1.107e+00  2.462e-01  
1.560e-01  1.241e+00  
5.247e-01  9.787e-01  
1.315e-01  1.239e+00  
2.832e-01  1.005e+00  
9.728e-01  6.771e-01  
5.861e-01  9.767e-01  
6.660e-01  9.826e-01  
1.104e+00  2.767e-01  
2.006e-01  1.240e+00  
2.647e-01  1.036e+00  
1.017e+00  4.079e-01  
1.272e-01  1.251e+00  
1.315e-01  1.239e+00  
3.648e-01  1.014e+00  
9.878e-01  4.344e-01  
1.021e+00  3.595e-01  
2.709e-01  1.009e+00  
1.274e-01  1.247e+00  
1.119e+00  1.701e-01  
2.865e-01  1.007e+00  
1.346e-01  1.246e+00  
2.689e-01  1.022e+00  
9.796e-01  5.562e-01  
9.594e-01  7.227e-01  
1.327e-01  1.263e+00  
9.957e-01  4.721e-01  
1.004e+00  5.173e-01  
7.692e-01  9.423e-01  
7.573e-01  9.257e-01  
4.850e-01  9.804e-01  
9.969e-01  4.000e-01  
9.597e-01  7.421e-01  
1.405e-01  1.243e+00  
7.540e-01  9.797e-01  
9.688e-01  3.780e-01  
9.978e-01  5.240e-01  
7.708e-01  9.287e-01  
9.651e-01  6.763e-01  
1.540e-01  1.271e+00  
7.692e-01  9.423e-01  
9.632e-01  6.560e-01  
9.579e-01  8.580e-01  
2.933e-01  1.053e+00  
4.324e-01  1.007e+00  
9.728e-01  6.771e-01  
1.115e+00  2.919e-01  
2.675e-01  1.019e+00  
9.584e-01  7.621e-01  
1.004e+00  5.173e-01  
1.020e+00  5.323e-01  
4.308e-01  9.843e-01  
9.799e-01  5.295e-01  
9.718e-01  5.571e-01  
9.959e-01  5.531e-01  
5.437e-01  9.817e-01  
1.121e+00  1.954e-01  
5.673e-01  9.774e-01  
3.003e-01  1.175e+00  
1.207e+00  1.149e-01  
9.951e-01  4.810e-01  
9.826e-01  4.168e-01  
2.707e-01  1.024e+00  
9.594e-01  7.227e-01  
9.269e-01  9.394e-01  
9.082e-01  9.423e-01  
3.141e-01  1.033e+00  
3.711e-01  1.013e+00  
7.856e-01  9.577e-01  
9.799e-01  5.295e-01  
1.187e+00  1.388e-01  
8.138e-01  9.505e-01  
2.785e-01  1.006e+00  
1.017e+00  3.673e-01  
5.114e-01  9.940e-01  
9.568e-01  7.732e-01  
9.927e-01  5.875e-01  
2.832e-01  1.005e+00  
1.119e+00  2.345e-01  
3.152e-01  1.004e+00  
9.927e-01  5.875e-01  
3.245e-01  1.025e+00  
9.544e-01  7.524e-01  
9.627e-01  5.788e-01  
3.245e-01  1.025e+00  
3.245e-01  1.025e+00  
1.113e+00  2.453e-01  
7.354e-01  9.768e-01  
7.155e-01  9.792e-01  
1.017e+00  4.079e-01  
5.199e-01  9.777e-01  
7.354e-01  9.768e-01  
7.570e-01  9.687e-01  
1.288e-01  1.249e+00  
9.592e-01  7.781e-01  
9.581e-01  6.594e-01  
1.405e-01  1.243e+00  
7.972e-01  9.345e-01  
4.909e-01  9.800e-01  
1.107e+00  2.310e-01  
9.989e-01  5.780e-01  
9.676e-01  4.846e-01  
9.996e-01  3.832e-01  
7.354e-01  9.768e-01  
5.199e-01  9.777e-01  
4.535e-01  9.782e-01  
9.651e-01  6.763e-01  
1.017e+00  4.079e-01  
9.728e-01  6.771e-01  
1.107e+00  2.462e-01  
4.308e-01  9.843e-01  
1.181e+00  9.842e-02  
1.704e-01  1.250e+00  
1.020e+00  5.323e-01  
9.642e-01  6.805e-01  
6.028e-01  1.001e+00  
9.978e-01  5.240e-01  
1.315e-01  1.239e+00  
9.560e-01  7.364e-01  
7.354e-01  9.768e-01  
9.718e-01  5.571e-01  
1.181e+00  9.842e-02  
1.021e+00  3.595e-01  
1.022e+00  5.676e-01  
3.330e-01  1.096e+00  
1.206e-01  1.400e+00  
6.214e-01  9.830e-01  
1.119e+00  1.701e-01  
7.895e-01  9.281e-01  
1.119e+00  1.701e-01  
1.238e-01  1.301e+00  
1.222e+00  8.705e-02  
9.676e-01  4.846e-01  
5.140e-01  1.008e+00  
1.037e+00  3.825e-01  
1.458e-01  1.274e+00  
1.115e+00  1.981e-01  
1.114e+00  2.399e-01  
1.315e-01  1.239e+00  
4.901e-01  9.766e-01  
7.476e-01  9.248e-01  
9.269e-01  9.394e-01  
1.183e+00  1.376e-01  
1.109e+00  2.507e-01  
3.065e-01  1.009e+00  
1.113e+00  2.837e-01  
1.017e+00  3.673e-01  
5.998e-01  9.743e-01  
9.584e-01  7.621e-01  
4.909e-01  9.800e-01  
9.576e-01  8.251e-01  
9.627e-01  5.788e-01  
3.065e-01  1.009e+00  
1.150e+00  3.396e-01  
3.736e-01  1.010e+00  
1.207e+00  1.149e-01  
6.339e-01  9.781e-01  
9.761e-01  6.799e-01  
7.895e-01  9.281e-01  
3.585e-01  1.028e+00  
3.364e-01  1.001e+00  
9.572e-01  6.976e-01  
9.878e-01  4.344e-01  
1.034e+00  3.488e-01  
5.247e-01  9.787e-01  
9.887e-01  4.788e-01  
9.993e-01  3.756e-01  
1.704e-01  1.250e+00  
9.863e-01  3.577e-01  
1.207e+00  1.362e-01  
3.330e-01  1.096e+00  
3.141e-01  1.033e+00  
6.660e-01  9.826e-01  
7.895e-01  9.281e-01  
3.585e-01  1.028e+00  
3.152e-01  1.004e+00  
5.998e-01  9.743e-01  
5.673e-01  9.774e-01  
9.544e-01  7.402e-01  
9.993e-01  3.756e-01  
1.315e-01  1.239e+00  
1.115e+00  1.981e-01  
7.895e-01  9.281e-01  
1.704e-01  1.250e+00  
2.796e-01  1.001e+00  
1.007e+00  3.424e-01  
4.801e-01  1.098e+00  
3.245e-01  1.025e+00  
5.247e-01  9.787e-01  
1.190e+00  1.085e-01  
1.132e+00  2.002e-01  
4.482e-01  9.798e-01  
1.241e+00  9.005e-02  
9.676e-01  4.846e-01  
4.909e-01  9.800e-01  
1.112e+00  1.813e-01  
3.244e-01  1.008e+00  
1.704e-01  1.250e+00  
1.527e+00  7.379e-02  
2.785e-01  1.006e+00  
2.846e-01  9.956e-01  
1.113e+00  2.837e-01  
1.201e+00  1.020e-01  
1.007e+00  3.424e-01  
1.112e+00  1.813e-01  
1.181e+00  9.842e-02  
3.245e-01  1.025e+00  
3.245e-01  1.025e+00  
1.111e+00  2.870e-01  
1.004e+00  5.173e-01  
1.207e+00  1.149e-01  
9.714e-01  5.986e-01  
1.007e+00  3.424e-01  
1.113e+00  2.453e-01  
1.186e+00  1.041e-01  
1.210e+00  9.000e-02  
1.377e-01  1.249e+00  
3.330e-01  1.096e+00  
1.037e+00  3.825e-01  
2.006e-01  1.240e+00  
1.116e+00  1.729e-01  
4.535e-01  9.782e-01  
1.458e-01  1.274e+00  
5.861e-01  9.767e-01  
2.650e-01  1.041e+00  
3.244e-01  1.008e+00  
1.458e-01  1.274e+00  
1.207e+00  1.362e-01  
1.185e+00  1.401e-01  
1.210e+00  9.000e-02  
1.315e-01  1.239e+00  
1.154e-01  1.573e+00  
1.112e+00  1.813e-01  
1.389e-01  1.250e+00  
1.197e+00  1.002e-01  
1.193e+00  9.201e-02  
1.233e+00  1.092e-01  
1.704e-01  1.250e+00  
1.189e+00  9.685e-02  
1.154e-01  1.573e+00  
1.193e+00  9.201e-02  
1.197e+00  1.002e-01  
2.707e-01  1.024e+00  
1.037e+00  3.825e-01  
1.517e+00  7.329e-02  
1.377e-01  1.249e+00  
1.181e+00  9.469e-02  
1.181e+00  9.842e-02  
1.111e+00  2.870e-01  
1.327e-01  1.263e+00  
1.116e+00  1.729e-01  
1.248e+00  1.023e-01  
1.235e+00  9.288e-02  
1.187e+00  1.116e-01  
5.861e-01  9.767e-01  
1.315e-01  1.239e+00  
1.190e+00  1.085e-01  
1.560e-01  1.241e+00  
3.141e-01  1.033e+00  
1.378e-01  1.259e+00  
1.019e+00  3.449e-01  
1.112e+00  1.813e-01  
2.610e-01  9.887e-01  
1.113e+00  2.837e-01  
1.248e+00  1.023e-01  
4.956e-01  1.006e+00  
4.969e-01  9.839e-01  
6.339e-01  9.781e-01  
9.758e-01  6.364e-01  
1.207e+00  1.362e-01  
1.458e-01  1.274e+00  
2.846e-01  9.956e-01  
1.181e+00  9.842e-02  
1.109e+00  2.507e-01  
1.461e-01  1.248e+00  
1.210e+00  9.000e-02  
9.635e-01  5.621e-01  
7.476e-01  9.248e-01  
1.287e+00  7.897e-02  
1.031e+00  3.512e-01  
1.007e+00  3.424e-01  
6.660e-01  9.826e-01  
5.033e-01  9.917e-01  
2.390e-01  1.246e+00  
1.378e-01  1.259e+00  
3.245e-01  1.025e+00  
3.637e-01  1.035e+00  
9.584e-01  7.621e-01  
9.796e-01  5.562e-01  
7.895e-01  9.281e-01  
1.116e+00  1.729e-01  
7.155e-01  9.792e-01  
9.614e-01  4.800e-01  
1.129e+00  2.037e-01  
1.377e-01  1.249e+00  
1.039e+00  3.267e-01  
5.392e-01  9.757e-01  
6.214e-01  9.830e-01  
1.235e+00  9.288e-02  
7.570e-01  9.687e-01  
3.499e-01  1.001e+00  
4.909e-01  9.800e-01  
6.085e-01  9.843e-01  
9.969e-01  4.000e-01  
3.152e-01  1.004e+00  
7.476e-01  9.248e-01  
1.197e+00  1.002e-01  
1.113e+00  2.837e-01  
4.676e-01  9.770e-01  
1.248e+00  1.023e-01  
2.933e-01  1.053e+00  
9.776e-01  5.009e-01  
7.476e-01  9.248e-01  
2.933e-01  1.053e+00  
1.017e+00  4.079e-01  
1.201e+00  1.020e-01  
1.182e+00  9.256e-02  
9.530e-01  7.564e-01  
1.347e-01  1.239e+00  
9.547e-01  8.275e-01  
4.909e-01  9.800e-01  
1.160e-01  1.308e+00  
2.878e-01  1.227e+00  
9.572e-01  6.976e-01  
1.036e+00  3.712e-01  
9.799e-01  5.295e-01  
1.160e-01  1.308e+00  
1.154e-01  1.573e+00  
9.588e-01  7.219e-01  
9.584e-01  7.621e-01  
9.863e-01  3.577e-01  
3.065e-01  1.009e+00  
9.583e-01  9.095e-01  
