4.465e-01  9.885e-01  
1.329e+00  1.829e-02  
9.233e-01  4.119e-01  
1.132e+00  2.177e-01  
4.885e-01  6.366e-01  
9.696e-01  3.868e-01  
5.019e-01  7.388e-01  
7.266e-01  6.085e-01  
1.184e+00  9.676e-02  
1.146e+00  6.046e-02  
4.751e-01  8.908e-01  
9.219e-01  3.967e-01  
1.069e+00  1.560e-01  
6.215e-01  6.609e-01  
8.184e-01  6.079e-01  
1.050e+00  1.414e-01  
5.538e-01  6.843e-01  
4.933e-01  6.866e-01  
1.054e+00  3.205e-01  
1.061e+00  1.058e-01  
7.255e-01  6.107e-01  
9.540e-01  4.753e-01  
9.668e-01  5.056e-01  
1.146e+00  6.046e-02  
9.515e-01  3.800e-01  
1.292e+00  2.458e-02  
5.858e-01  6.366e-01  
4.258e-01  8.873e-01  
8.106e-01  6.055e-01  
4.789e-01  6.765e-01  
1.028e+00  2.495e-01  
1.119e+00  1.900e-01  
5.769e-01  7.347e-01  
1.280e+00  1.261e-01  
1.221e+00  3.570e-02  
4.531e-01  8.970e-01  
7.045e-01  6.289e-01  
4.789e-01  6.765e-01  
4.795e-01  8.731e-01  
1.026e+00  2.985e-01  
7.254e-01  6.106e-01  
1.054e+00  3.205e-01  
7.255e-01  6.107e-01  
6.177e-01  6.340e-01  
5.445e-01  7.103e-01  
1.071e+00  2.415e-01  
9.789e-01  3.907e-01  
1.176e+00  6.193e-02  
9.414e-01  3.771e-01  
6.046e-01  6.660e-01  
9.177e-01  4.066e-01  
7.305e-01  6.055e-01  
4.411e-01  9.305e-01  
1.054e+00  3.205e-01  
4.682e-01  7.676e-01  
9.536e-01  5.049e-01  
1.071e+00  3.031e-01  
1.279e+00  2.358e-02  
5.622e-01  6.469e-01  
1.078e+00  6.899e-02  
1.085e+00  1.103e-01  
8.184e-01  6.079e-01  
1.053e+00  1.401e-01  
1.048e+00  1.917e-01  
5.716e-01  6.608e-01  
1.052e+00  1.388e-01  
4.524e-01  7.564e-01  
1.069e+00  1.560e-01  
9.289e-01  4.293e-01  
9.328e-01  3.858e-01  
1.047e+00  1.570e-01  
6.838e-01  8.940e-01  
1.030e+00  2.873e-01  
7.166e-01  6.057e-01  
9.200e-01  4.562e-01  
4.733e-01  7.785e-01  
4.733e-01  7.785e-01  
1.052e+00  1.388e-01  
1.024e+00  2.825e-01  
1.114e+00  4.233e-02  
1.024e+00  2.825e-01  
7.078e-01  6.187e-01  
7.266e-01  6.085e-01  
9.696e-01  3.868e-01  
7.078e-01  6.187e-01  
9.685e-01  3.949e-01  
4.933e-01  6.866e-01  
4.531e-01  8.970e-01  
7.434e-01  6.061e-01  
9.381e-01  4.147e-01  
6.302e-01  6.451e-01  
1.029e+00  7.884e-02  
1.292e+00  2.458e-02  
4.582e-01  9.669e-01  
1.156e+00  9.979e-02  
6.215e-01  6.609e-01  
9.194e-01  5.543e-01  
1.020e+00  2.977e-01  
7.008e-01  6.624e-01  
9.425e-01  3.770e-01  
4.636e-01  7.641e-01  
5.262e-01  7.184e-01  
9.447e-01  4.135e-01  
4.870e-01  6.740e-01  
1.048e+00  1.917e-01  
1.061e+00  1.058e-01  
4.751e-01  8.908e-01  
9.540e-01  4.753e-01  
1.028e+00  2.495e-01  
1.069e+00  1.560e-01  
7.865e-01  6.060e-01  
5.291e-01  6.442e-01  
7.075e-01  6.257e-01  
7.487e-01  6.037e-01  
6.403e-01  6.288e-01  
1.068e+00  5.812e-02  
5.519e-01  6.681e-01  
1.025e+00  1.253e-01  
4.751e-01  8.908e-01  
1.069e+00  1.126e-01  
1.221e+00  3.013e-02  
5.651e-01  6.666e-01  
1.163e+00  5.888e-02  
5.023e-01  6.863e-01  
1.041e+00  2.017e-01  
4.411e-01  9.305e-01  
1.146e+00  8.124e-02  
7.254e-01  6.106e-01  
1.299e+00  1.708e-02  
7.073e-01  6.173e-01  
1.184e+00  9.676e-02  
5.237e-01  7.596e-01  
4.733e-01  7.785e-01  
4.692e-01  6.691e-01  
1.251e+00  2.397e-02  
1.070e+00  1.159e-01  
1.267e+00  1.885e-02  
5.858e-01  6.366e-01  
1.075e+00  1.717e-01  
5.415e-01  6.469e-01  
4.411e-01  9.305e-01  
1.026e+00  2.861e-01  
1.019e+00  1.567e-01  
7.255e-01  6.107e-01  
7.195e-01  6.109e-01  
9.326e-01  4.602e-01  
6.004e-01  6.702e-01  
1.043e+00  4.233e-01  
4.733e-01  7.785e-01  
6.787e-01  6.570e-01  
7.008e-01  6.624e-01  
1.280e+00  1.261e-01  
7.124e-01  6.081e-01  
9.328e-01  3.858e-01  
5.248e-01  6.668e-01  
1.015e+00  2.775e-01  
4.789e-01  6.765e-01  
5.291e-01  6.442e-01  
9.638e-01  4.752e-01  
1.015e+00  2.775e-01  
1.028e+00  2.495e-01  
6.770e-01  6.334e-01  
1.028e+00  2.839e-01  
4.792e-01  6.974e-01  
8.386e-01  6.043e-01  
7.281e-01  6.030e-01  
7.195e-01  6.109e-01  
9.425e-01  3.770e-01  
1.146e+00  2.888e-02  
9.425e-01  3.770e-01  
9.536e-01  5.049e-01  
1.054e+00  3.205e-01  
4.103e-01  9.297e-01  
9.367e-01  3.918e-01  
4.422e-01  8.843e-01  
9.515e-01  3.800e-01  
5.237e-01  7.596e-01  
9.194e-01  5.543e-01  
4.692e-01  6.691e-01  
9.696e-01  3.868e-01  
1.054e+00  2.698e-01  
6.770e-01  6.334e-01  
9.194e-01  5.543e-01  
7.333e-01  6.062e-01  
1.069e+00  1.126e-01  
1.077e+00  1.247e-01  
6.203e-01  6.549e-01  
7.195e-01  6.109e-01  
9.515e-01  3.800e-01  
7.620e-01  6.052e-01  
9.326e-01  4.602e-01  
9.793e-01  3.760e-01  
9.177e-01  4.066e-01  
9.540e-01  4.753e-01  
1.217e+00  5.284e-02  
1.078e+00  9.741e-02  
7.341e-01  6.074e-01  
1.025e+00  2.473e-01  
8.106e-01  6.055e-01  
5.023e-01  6.863e-01  
1.025e+00  2.377e-01  
6.403e-01  6.288e-01  
9.257e-01  4.687e-01  
1.075e+00  7.980e-02  
7.010e-01  6.292e-01  
1.054e+00  3.205e-01  
9.367e-01  3.918e-01  
4.735e-01  8.208e-01  
1.075e+00  1.717e-01  
4.582e-01  9.669e-01  
1.146e+00  2.888e-02  
1.016e+00  2.518e-01  
1.023e+00  1.848e-01  
5.716e-01  6.608e-01  
9.536e-01  5.049e-01  
1.183e+00  5.042e-02  
1.050e+00  1.414e-01  
1.046e+00  1.598e-01  
1.050e+00  1.531e-01  
4.636e-01  7.641e-01  
6.450e-01  6.211e-01  
5.303e-01  6.824e-01  
5.445e-01  7.103e-01  
1.050e+00  1.531e-01  
1.285e+00  2.168e-02  
5.395e-01  6.647e-01  
5.255e-01  6.669e-01  
5.303e-01  6.824e-01  
7.205e-01  6.532e-01  
4.735e-01  8.208e-01  
1.066e+00  6.741e-02  
1.184e+00  9.676e-02  
4.103e-01  9.297e-01  
7.560e-01  6.065e-01  
1.050e+00  1.531e-01  
1.052e+00  1.388e-01  
7.254e-01  6.106e-01  
4.577e-01  8.894e-01  
5.108e-01  8.365e-01  
1.024e+00  2.825e-01  
4.751e-01  8.908e-01  
4.689e-01  8.023e-01  
1.107e+00  8.773e-02  
5.445e-01  7.103e-01  
1.066e+00  8.249e-02  
1.064e+00  1.026e-01  
6.450e-01  6.211e-01  
1.192e+00  6.945e-02  
6.403e-01  6.288e-01  
4.198e-01  8.950e-01  
1.062e+00  1.203e-01  
1.069e+00  1.126e-01  
4.636e-01  7.641e-01  
1.071e+00  2.140e-01  
1.279e+00  2.358e-02  
1.344e+00  1.987e-02  
1.179e+00  3.482e-02  
1.303e+00  2.336e-02  
6.876e-01  6.279e-01  
1.285e+00  3.044e-02  
1.115e+00  1.909e-01  
1.075e+00  1.717e-01  
1.055e+00  1.174e-01  
4.434e-01  9.503e-01  
9.289e-01  4.293e-01  
1.070e+00  1.004e-01  
1.052e+00  1.388e-01  
1.075e+00  1.717e-01  
4.562e-01  8.858e-01  
7.166e-01  6.057e-01  
4.572e-01  8.496e-01  
5.255e-01  6.669e-01  
9.557e-01  4.901e-01  
7.054e-01  6.257e-01  
7.075e-01  6.257e-01  
1.051e+00  1.478e-01  
4.870e-01  6.740e-01  
5.622e-01  6.469e-01  
1.077e+00  3.059e-01  
4.689e-01  8.023e-01  
4.789e-01  6.765e-01  
6.639e-01  6.312e-01  
1.023e+00  1.848e-01  
1.045e+00  2.540e-01  
5.858e-01  6.366e-01  
4.177e-01  9.299e-01  
1.183e+00  5.042e-02  
4.789e-01  6.765e-01  
4.456e-01  8.680e-01  
4.745e-01  6.656e-01  
9.515e-01  3.800e-01  
9.671e-01  4.679e-01  
4.740e-01  6.884e-01  
1.028e+00  2.839e-01  
1.026e+00  2.985e-01  
7.463e-01  6.069e-01  
9.185e-01  4.627e-01  
6.450e-01  6.211e-01  
1.031e+00  3.076e-01  
9.168e-01  3.977e-01  
4.408e-01  9.775e-01  
7.962e-01  6.081e-01  
1.020e+00  2.189e-01  
9.500e-01  4.009e-01  
9.194e-01  5.543e-01  
9.425e-01  3.770e-01  
4.411e-01  9.305e-01  
8.631e-01  6.055e-01  
9.789e-01  3.907e-01  
9.242e-01  4.941e-01  
4.870e-01  6.740e-01  
6.215e-01  6.609e-01  
9.447e-01  4.135e-01  
1.192e+00  9.302e-02  
4.789e-01  6.765e-01  
9.414e-01  3.771e-01  
1.028e+00  2.839e-01  
1.012e+00  2.341e-01  
5.858e-01  6.366e-01  
9.793e-01  3.760e-01  
9.793e-01  3.760e-01  
1.026e+00  2.985e-01  
6.770e-01  6.334e-01  
1.064e+00  1.026e-01  
7.097e-01  6.233e-01  
5.023e-01  6.863e-01  
1.183e+00  5.042e-02  
1.025e+00  2.377e-01  
1.069e+00  1.560e-01  
4.870e-01  6.740e-01  
9.668e-01  5.056e-01  
9.194e-01  5.543e-01  
9.189e-01  5.971e-01  
5.237e-01  7.596e-01  
5.291e-01  6.442e-01  
8.184e-01  6.079e-01  
1.017e+00  2.807e-01  
1.156e+00  9.979e-02  
9.177e-01  4.066e-01  
6.403e-01  6.288e-01  
1.023e+00  1.848e-01  
6.770e-01  6.334e-01  
9.540e-01  4.753e-01  
1.025e+00  2.377e-01  
6.988e-01  6.696e-01  
1.192e+00  9.302e-02  
5.010e-01  6.852e-01  
9.515e-01  3.800e-01  
5.723e-01  6.733e-01  
9.233e-01  4.119e-01  
9.414e-01  3.771e-01  
5.255e-01  6.669e-01  
6.770e-01  6.334e-01  
1.061e+00  1.058e-01  
7.421e-01  6.049e-01  
7.195e-01  6.109e-01  
1.017e+00  2.807e-01  
7.542e-01  6.036e-01  
7.281e-01  6.030e-01  
7.195e-01  6.109e-01  
4.841e-01  6.519e-01  
9.363e-01  5.004e-01  
9.155e-01  4.116e-01  
4.751e-01  8.908e-01  
7.421e-01  6.049e-01  
7.343e-01  6.122e-01  
1.078e+00  6.899e-02  
1.025e+00  2.377e-01  
1.031e+00  3.076e-01  
1.035e+00  1.578e-01  
7.206e-01  6.076e-01  
7.054e-01  6.257e-01  
7.255e-01  6.107e-01  
9.355e-01  3.927e-01  
1.018e+00  2.016e-01  
9.414e-01  3.771e-01  
1.036e+00  1.414e-01  
5.622e-01  6.469e-01  
1.251e+00  2.397e-02  
4.751e-01  8.908e-01  
1.030e+00  2.873e-01  
9.696e-01  3.868e-01  
7.255e-01  6.107e-01  
9.566e-01  3.793e-01  
4.870e-01  6.740e-01  
9.289e-01  4.293e-01  
7.434e-01  6.115e-01  
9.326e-01  4.602e-01  
1.176e+00  6.193e-02  
1.050e+00  1.531e-01  
1.015e+00  2.775e-01  
5.445e-01  7.103e-01  
4.263e-01  9.246e-01  
7.434e-01  6.115e-01  
1.192e+00  9.302e-02  
7.078e-01  6.187e-01  
1.059e+00  8.073e-02  
4.233e-01  9.522e-01  
1.292e+00  2.458e-02  
9.696e-01  3.868e-01  
5.291e-01  6.442e-01  
1.046e+00  1.598e-01  
4.582e-01  9.669e-01  
1.075e+00  7.980e-02  
1.062e+00  1.203e-01  
4.795e-01  8.731e-01  
7.054e-01  6.257e-01  
7.962e-01  6.081e-01  
9.363e-01  5.004e-01  
1.147e+00  6.700e-02  
1.053e+00  1.401e-01  
5.519e-01  6.681e-01  
1.052e+00  1.388e-01  
1.050e+00  1.531e-01  
7.124e-01  6.081e-01  
9.422e-01  4.197e-01  
7.205e-01  6.532e-01  
9.177e-01  4.066e-01  
9.328e-01  3.858e-01  
5.858e-01  6.366e-01  
1.069e+00  1.560e-01  
6.048e-01  6.384e-01  
1.146e+00  6.046e-02  
7.195e-01  6.109e-01  
9.489e-01  4.783e-01  
7.778e-01  6.125e-01  
5.303e-01  6.824e-01  
4.745e-01  6.656e-01  
9.439e-01  4.138e-01  
1.025e+00  2.377e-01  
1.050e+00  1.531e-01  
7.254e-01  6.106e-01  
1.030e+00  2.873e-01  
1.023e+00  1.848e-01  
4.531e-01  8.970e-01  
1.024e+00  1.790e-01  
1.184e+00  9.676e-02  
5.445e-01  7.103e-01  
4.841e-01  6.519e-01  
7.205e-01  6.532e-01  
9.257e-01  4.687e-01  
5.248e-01  6.668e-01  
4.745e-01  6.656e-01  
7.434e-01  6.115e-01  
7.166e-01  6.057e-01  
9.373e-01  3.918e-01  
1.106e+00  2.434e-01  
4.787e-01  8.723e-01  
1.058e+00  7.979e-02  
9.363e-01  5.004e-01  
4.524e-01  7.564e-01  
4.745e-01  6.656e-01  
1.069e+00  1.560e-01  
6.215e-01  6.609e-01  
5.519e-01  6.681e-01  
7.092e-01  6.172e-01  
1.281e+00  3.711e-02  
1.058e+00  7.979e-02  
6.759e-01  6.248e-01  
1.267e+00  1.885e-02  
1.007e+00  3.877e-01  
6.160e-01  6.293e-01  
1.078e+00  6.899e-02  
5.248e-01  6.668e-01  
4.531e-01  8.970e-01  
1.299e+00  1.708e-02  
5.066e-01  6.384e-01  
5.023e-01  6.863e-01  
1.094e+00  1.768e-01  
1.163e+00  5.888e-02  
1.014e+00  2.438e-01  
1.156e+00  9.979e-02  
1.285e+00  3.044e-02  
4.974e-01  6.858e-01  
5.651e-01  6.666e-01  
1.132e+00  2.177e-01  
1.015e+00  2.775e-01  
1.221e+00  3.570e-02  
9.515e-01  3.800e-01  
1.024e+00  1.790e-01  
1.069e+00  1.126e-01  
1.146e+00  2.888e-02  
1.344e+00  1.987e-02  
4.701e-01  9.123e-01  
5.023e-01  6.863e-01  
1.019e+00  1.567e-01  
4.787e-01  8.723e-01  
1.192e+00  9.302e-02  
6.770e-01  6.334e-01  
4.636e-01  7.641e-01  
7.434e-01  6.115e-01  
5.237e-01  7.596e-01  
5.415e-01  6.469e-01  
4.384e-01  9.673e-01  
1.061e+00  1.058e-01  
1.146e+00  6.046e-02  
1.279e+00  2.358e-02  
4.789e-01  6.765e-01  
4.434e-01  9.503e-01  
1.069e+00  1.126e-01  
4.787e-01  8.723e-01  
1.292e+00  2.458e-02  
1.146e+00  2.888e-02  
1.163e+00  5.888e-02  
4.344e-01  9.278e-01  
1.251e+00  2.397e-02  
4.582e-01  9.669e-01  
1.292e+00  2.458e-02  
1.146e+00  6.046e-02  
4.795e-01  8.731e-01  
1.078e+00  6.899e-02  
1.291e+00  1.064e-02  
4.962e-01  6.768e-01  
1.279e+00  2.358e-02  
1.183e+00  5.042e-02  
1.064e+00  1.026e-01  
4.344e-01  9.278e-01  
1.060e+00  8.812e-02  
1.279e+00  2.358e-02  
1.279e+00  2.358e-02  
1.281e+00  3.711e-02  
7.778e-01  6.125e-01  
4.870e-01  6.740e-01  
1.086e+00  6.321e-02  
4.582e-01  9.669e-01  
5.237e-01  7.596e-01  
4.593e-01  8.740e-01  
1.071e+00  2.415e-01  
1.085e+00  1.103e-01  
4.733e-01  7.785e-01  
1.050e+00  1.414e-01  
1.299e+00  1.708e-02  
6.876e-01  6.279e-01  
6.048e-01  6.384e-01  
7.537e-01  6.036e-01  
9.685e-01  3.949e-01  
1.156e+00  9.979e-02  
4.408e-01  9.775e-01  
5.858e-01  6.366e-01  
1.183e+00  5.042e-02  
1.164e+00  1.302e-01  
4.795e-01  8.731e-01  
1.221e+00  3.570e-02  
9.654e-01  3.744e-01  
7.537e-01  6.036e-01  
1.293e+00  2.058e-02  
1.116e+00  2.011e-01  
1.052e+00  1.388e-01  
7.487e-01  6.037e-01  
6.876e-01  6.279e-01  
4.789e-01  6.765e-01  
4.385e-01  8.980e-01  
5.651e-01  6.666e-01  
6.215e-01  6.609e-01  
9.557e-01  4.901e-01  
9.425e-01  3.770e-01  
7.548e-01  6.052e-01  
1.115e+00  1.062e-01  
8.106e-01  6.055e-01  
9.414e-01  3.771e-01  
1.069e+00  1.126e-01  
4.636e-01  7.641e-01  
1.050e+00  1.414e-01  
7.434e-01  6.115e-01  
7.487e-01  6.037e-01  
1.112e+00  4.335e-02  
7.778e-01  6.125e-01  
5.519e-01  6.681e-01  
7.078e-01  6.187e-01  
7.255e-01  6.107e-01  
1.014e+00  2.870e-01  
5.023e-01  6.863e-01  
7.560e-01  6.065e-01  
1.293e+00  2.058e-02  
1.075e+00  1.717e-01  
6.403e-01  6.288e-01  
1.276e+00  2.502e-02  
4.789e-01  6.765e-01  
9.402e-01  3.802e-01  
9.424e-01  4.432e-01  
5.413e-01  7.780e-01  
1.014e+00  2.870e-01  
1.157e+00  4.558e-02  
1.292e+00  2.458e-02  
9.185e-01  4.627e-01  
4.524e-01  7.564e-01  
9.326e-01  4.602e-01  
7.045e-01  6.289e-01  
4.411e-01  9.305e-01  
4.733e-01  7.785e-01  
9.540e-01  4.753e-01  
1.049e+00  1.024e-01  
9.425e-01  3.770e-01  
4.434e-01  9.503e-01  
4.233e-01  9.522e-01  
9.281e-01  4.470e-01  
9.557e-01  4.901e-01  
1.025e+00  2.473e-01  
5.255e-01  6.669e-01  
9.447e-01  4.135e-01  
