3.865e-02  1.286e+00  
1.276e+00  9.414e-02  
6.983e-01  7.023e-01  
9.714e-01  3.711e-01  
3.172e-01  1.063e+00  
9.310e-01  5.713e-01  
1.502e-01  1.282e+00  
4.078e-01  8.251e-01  
1.158e+00  1.679e-01  
1.096e+00  1.461e-01  
7.132e-02  1.309e+00  
6.990e-01  6.369e-01  
9.533e-01  5.092e-01  
4.018e-01  9.529e-01  
4.549e-01  6.737e-01  
1.045e+00  2.318e-01  
2.525e-01  1.267e+00  
2.091e-01  1.238e+00  
9.328e-01  5.242e-01  
1.013e+00  2.808e-01  
4.044e-01  7.545e-01  
6.854e-01  6.654e-01  
5.554e-01  6.642e-01  
1.067e+00  1.604e-01  
7.969e-01  6.419e-01  
1.258e+00  1.075e-01  
4.053e-01  9.680e-01  
5.562e-02  1.337e+00  
5.044e-01  7.207e-01  
2.150e-01  1.289e+00  
9.689e-01  3.909e-01  
1.024e+00  3.313e-01  
3.082e-01  1.109e+00  
1.058e+00  3.308e-01  
1.037e+00  1.347e-01  
5.424e-02  1.291e+00  
4.199e-01  9.344e-01  
1.999e-01  1.285e+00  
8.940e-02  1.290e+00  
9.305e-01  5.485e-01  
4.593e-01  6.526e-01  
7.165e-01  6.376e-01  
4.199e-01  9.344e-01  
3.885e-01  8.996e-01  
2.471e-01  1.257e+00  
9.626e-01  3.684e-01  
7.185e-01  6.441e-01  
1.052e+00  1.673e-01  
6.989e-01  6.556e-01  
3.172e-01  1.063e+00  
5.043e-01  6.915e-01  
4.505e-01  8.362e-01  
3.866e-02  1.389e+00  
9.322e-01  5.111e-01  
6.278e-02  1.284e+00  
6.983e-01  7.023e-01  
9.939e-01  4.400e-01  
1.249e+00  9.043e-02  
3.217e-01  1.085e+00  
9.807e-01  1.833e-01  
9.703e-01  2.196e-01  
5.059e-01  7.559e-01  
1.024e+00  2.610e-01  
9.952e-01  3.840e-01  
3.017e-01  1.108e+00  
1.009e+00  3.700e-01  
9.716e-02  1.283e+00  
9.760e-01  3.913e-01  
6.448e-01  7.045e-01  
7.130e-01  6.413e-01  
1.009e+00  3.700e-01  
2.905e-01  1.092e+00  
9.487e-01  5.077e-01  
4.372e-01  7.445e-01  
4.919e-01  6.927e-01  
2.236e-01  1.271e+00  
1.769e-01  1.204e+00  
9.853e-01  3.110e-01  
9.310e-01  5.713e-01  
1.096e+00  1.461e-01  
9.336e-01  5.805e-01  
4.096e-01  8.339e-01  
6.341e-01  7.012e-01  
8.100e-01  6.446e-01  
4.549e-01  6.737e-01  
7.165e-01  6.405e-01  
1.602e-01  1.225e+00  
3.570e-02  1.287e+00  
5.692e-01  7.957e-01  
7.456e-01  6.400e-01  
3.248e-01  1.065e+00  
9.689e-01  3.909e-01  
1.139e+00  1.295e-01  
6.278e-02  1.284e+00  
1.025e+00  1.689e-01  
4.053e-01  9.680e-01  
5.335e-01  6.751e-01  
9.332e-01  4.985e-01  
4.199e-01  8.677e-01  
6.947e-01  6.555e-01  
4.920e-02  1.290e+00  
2.236e-01  1.271e+00  
6.990e-01  6.369e-01  
2.150e-01  1.289e+00  
9.476e-01  5.038e-01  
1.044e+00  2.545e-01  
3.824e-02  1.288e+00  
6.644e-01  6.728e-01  
9.540e-01  3.878e-01  
9.939e-01  2.558e-01  
5.165e-01  7.103e-01  
2.992e-01  1.066e+00  
4.170e-01  9.014e-01  
4.840e-01  7.911e-01  
4.001e-01  9.052e-01  
9.887e-01  1.543e-01  
2.229e-01  1.242e+00  
1.003e+00  2.271e-01  
9.805e-02  1.304e+00  
1.090e+00  1.671e-01  
1.249e+00  9.043e-02  
3.017e-01  1.108e+00  
1.166e+00  1.693e-01  
2.905e-01  1.092e+00  
9.555e-01  3.743e-01  
3.866e-02  1.389e+00  
1.067e+00  1.604e-01  
4.560e-01  8.303e-01  
1.246e+00  9.051e-02  
4.199e-01  9.344e-01  
1.032e+00  1.331e-01  
2.150e-01  1.289e+00  
2.236e-01  1.271e+00  
1.502e-01  1.282e+00  
1.249e+00  9.043e-02  
1.090e+00  1.671e-01  
1.249e+00  9.043e-02  
3.915e-01  9.483e-01  
9.853e-01  3.110e-01  
2.992e-01  1.066e+00  
4.543e-02  1.285e+00  
9.487e-01  5.077e-01  
9.939e-01  4.400e-01  
4.359e-01  8.294e-01  
4.570e-01  6.639e-01  
4.593e-01  6.526e-01  
3.269e-01  1.059e+00  
7.165e-01  6.376e-01  
9.805e-02  1.304e+00  
4.018e-01  9.529e-01  
4.096e-01  8.339e-01  
9.653e-01  3.239e-01  
4.505e-01  8.362e-01  
7.111e-01  6.710e-01  
3.115e-01  1.090e+00  
9.601e-01  5.264e-01  
2.471e-01  1.257e+00  
3.269e-01  1.059e+00  
7.254e-01  6.420e-01  
9.307e-01  5.449e-01  
9.705e-01  3.761e-01  
3.968e-01  8.732e-01  
9.307e-01  5.449e-01  
2.480e-01  1.251e+00  
4.549e-01  6.737e-01  
4.538e-01  7.114e-01  
4.847e-01  6.806e-01  
8.100e-01  6.446e-01  
1.177e+00  1.532e-01  
6.926e-01  6.474e-01  
6.448e-01  7.045e-01  
9.307e-01  5.449e-01  
3.865e-02  1.286e+00  
6.990e-01  6.369e-01  
7.081e-02  1.275e+00  
7.023e-01  6.365e-01  
2.236e-01  1.271e+00  
7.212e-01  6.798e-01  
9.805e-02  1.304e+00  
6.990e-01  6.369e-01  
9.705e-01  3.761e-01  
4.001e-01  9.052e-01  
5.043e-01  6.915e-01  
6.448e-01  7.045e-01  
9.765e-01  2.255e-01  
1.024e+00  3.313e-01  
3.248e-01  1.065e+00  
4.570e-01  6.639e-01  
7.023e-01  6.365e-01  
4.980e-01  6.741e-01  
6.745e-01  6.470e-01  
9.336e-01  5.805e-01  
7.212e-01  6.798e-01  
6.723e-01  7.348e-01  
1.188e+00  1.367e-01  
1.024e+00  3.313e-01  
4.815e-01  6.848e-01  
9.484e-01  3.739e-01  
5.340e-01  7.239e-01  
2.229e-01  1.242e+00  
9.310e-01  5.713e-01  
4.187e-01  9.480e-01  
6.983e-01  7.023e-01  
1.158e+00  1.679e-01  
4.505e-01  8.758e-01  
9.360e-01  5.050e-01  
7.023e-01  6.365e-01  
4.920e-02  1.290e+00  
9.709e-01  1.972e-01  
3.861e-02  1.286e+00  
1.025e+00  1.689e-01  
9.679e-01  4.085e-01  
9.322e-01  5.111e-01  
3.017e-01  1.108e+00  
4.458e-01  6.726e-01  
1.096e+00  1.461e-01  
1.010e+00  3.585e-01  
9.956e-01  3.774e-01  
9.555e-01  3.743e-01  
8.940e-02  1.290e+00  
3.430e-01  1.096e+00  
2.961e-01  1.114e+00  
2.480e-01  1.251e+00  
9.689e-01  3.909e-01  
1.254e+00  1.061e-01  
3.115e-01  1.090e+00  
2.236e-01  1.271e+00  
2.961e-01  1.114e+00  
4.187e-01  9.480e-01  
8.940e-02  1.290e+00  
1.013e+00  2.808e-01  
9.801e-01  2.007e-01  
4.414e-02  1.431e+00  
4.840e-01  7.911e-01  
9.940e-01  3.878e-01  
9.653e-01  3.239e-01  
4.840e-01  7.911e-01  
8.940e-02  1.290e+00  
8.350e-02  1.280e+00  
1.020e+00  4.533e-01  
3.861e-02  1.286e+00  
5.287e-02  1.290e+00  
1.067e+00  1.604e-01  
3.060e-01  1.154e+00  
9.866e-01  1.744e-01  
1.013e+00  2.808e-01  
4.001e-01  9.052e-01  
1.007e+00  1.341e-01  
4.044e-01  7.545e-01  
4.543e-02  1.285e+00  
1.013e+00  2.808e-01  
9.869e-01  2.099e-01  
8.940e-02  1.290e+00  
9.705e-01  3.761e-01  
9.925e-01  1.575e-01  
1.253e+00  9.343e-02  
1.124e+00  1.267e-01  
1.246e+00  9.051e-02  
3.885e-01  8.996e-01  
1.253e+00  9.343e-02  
9.956e-01  3.774e-01  
9.653e-01  3.239e-01  
1.013e+00  2.808e-01  
3.865e-02  1.286e+00  
6.962e-01  6.744e-01  
1.090e+00  1.671e-01  
1.191e+00  2.271e-01  
1.024e+00  3.313e-01  
3.865e-02  1.286e+00  
3.988e-01  7.689e-01  
4.234e-02  1.295e+00  
3.136e-01  1.092e+00  
7.165e-01  6.376e-01  
4.807e-01  7.444e-01  
4.840e-01  7.911e-01  
1.014e+00  2.708e-01  
1.205e-01  1.285e+00  
3.145e-01  1.085e+00  
9.711e-01  4.490e-01  
8.251e-02  1.295e+00  
5.963e-02  1.310e+00  
3.988e-01  7.689e-01  
9.315e-01  5.037e-01  
9.705e-01  3.761e-01  
3.248e-01  1.065e+00  
4.401e-02  1.433e+00  
1.233e+00  1.839e-01  
1.477e-01  1.215e+00  
5.221e-02  1.286e+00  
2.236e-01  1.271e+00  
9.329e-01  5.874e-01  
7.142e-01  6.422e-01  
5.963e-02  1.310e+00  
9.689e-01  3.909e-01  
9.305e-01  5.485e-01  
6.341e-01  7.012e-01  
4.549e-01  6.737e-01  
4.018e-01  9.529e-01  
9.601e-01  5.264e-01  
4.458e-01  6.726e-01  
3.865e-02  1.286e+00  
4.929e-01  7.029e-01  
9.939e-01  4.400e-01  
6.990e-01  6.369e-01  
5.335e-01  6.751e-01  
7.023e-01  6.365e-01  
5.918e-02  1.346e+00  
4.531e-01  6.725e-01  
7.052e-01  6.364e-01  
6.962e-01  6.744e-01  
2.471e-01  1.257e+00  
4.182e-01  1.016e+00  
7.111e-01  6.710e-01  
9.853e-01  3.110e-01  
1.852e-01  1.288e+00  
6.901e-01  6.441e-01  
9.301e-01  5.305e-01  
9.322e-01  5.111e-01  
3.915e-01  9.483e-01  
7.185e-01  6.441e-01  
9.310e-01  5.713e-01  
9.310e-01  5.713e-01  
4.170e-01  9.014e-01  
1.027e+00  2.227e-01  
4.505e-01  8.758e-01  
2.229e-01  1.242e+00  
9.866e-01  1.744e-01  
9.540e-01  3.878e-01  
9.939e-01  4.400e-01  
1.958e-01  1.293e+00  
7.055e-01  6.731e-01  
5.746e-01  6.958e-01  
5.496e-01  6.467e-01  
2.091e-01  1.238e+00  
4.013e-01  9.880e-01  
5.340e-01  7.239e-01  
9.305e-01  5.485e-01  
1.075e+00  2.118e-01  
5.026e-01  6.847e-01  
3.136e-01  1.092e+00  
9.760e-01  3.913e-01  
4.053e-01  9.213e-01  
6.908e-01  6.450e-01  
9.494e-01  5.330e-01  
3.438e-01  1.071e+00  
1.003e+00  2.271e-01  
2.525e-01  1.267e+00  
9.494e-01  5.330e-01  
3.128e-01  1.126e+00  
4.549e-01  6.737e-01  
6.926e-01  6.474e-01  
2.905e-01  1.092e+00  
3.438e-01  1.071e+00  
1.003e+00  2.271e-01  
4.919e-01  6.927e-01  
4.449e-01  6.970e-01  
9.336e-01  5.805e-01  
4.044e-01  7.545e-01  
5.692e-01  7.957e-01  
5.083e-01  6.634e-01  
9.394e-02  1.298e+00  
5.083e-01  6.634e-01  
4.593e-01  6.526e-01  
5.424e-02  1.291e+00  
4.919e-01  6.927e-01  
4.595e-01  8.395e-01  
1.056e+00  3.116e-01  
9.336e-01  5.805e-01  
9.336e-01  5.805e-01  
9.609e-01  3.944e-01  
4.562e-01  7.204e-01  
4.044e-01  7.545e-01  
4.199e-01  9.344e-01  
7.254e-01  6.420e-01  
9.689e-01  3.909e-01  
9.601e-01  5.264e-01  
1.024e+00  3.313e-01  
3.136e-01  1.092e+00  
9.887e-01  1.543e-01  
5.047e-02  1.283e+00  
9.494e-01  5.330e-01  
7.375e-01  6.405e-01  
4.518e-01  8.681e-01  
7.182e-01  6.407e-01  
4.234e-02  1.295e+00  
7.212e-01  6.798e-01  
4.807e-01  7.444e-01  
6.901e-01  6.441e-01  
1.032e+00  1.331e-01  
9.484e-01  3.739e-01  
9.494e-01  5.330e-01  
2.480e-01  1.251e+00  
3.865e-02  1.286e+00  
3.997e-01  7.940e-01  
1.003e+00  2.271e-01  
4.549e-01  6.737e-01  
1.056e+00  3.116e-01  
4.401e-02  1.433e+00  
1.266e+00  1.052e-01  
7.182e-01  6.452e-01  
4.187e-01  9.480e-01  
9.956e-01  3.774e-01  
6.091e-02  1.299e+00  
9.887e-01  1.543e-01  
9.827e-01  2.351e-01  
5.221e-02  1.286e+00  
4.199e-01  8.677e-01  
7.212e-01  6.798e-01  
4.531e-01  6.725e-01  
1.000e+00  1.904e-01  
9.883e-01  3.214e-01  
2.480e-01  1.251e+00  
9.653e-01  3.239e-01  
9.567e-01  3.849e-01  
4.078e-01  8.251e-01  
6.901e-01  6.441e-01  
4.199e-01  8.677e-01  
6.838e-01  7.252e-01  
7.204e-01  6.426e-01  
3.248e-01  1.065e+00  
9.853e-01  3.110e-01  
3.395e-01  1.120e+00  
9.866e-01  1.744e-01  
4.505e-01  8.362e-01  
6.983e-01  7.023e-01  
6.341e-01  7.012e-01  
3.395e-01  1.120e+00  
2.992e-01  1.066e+00  
7.165e-01  6.376e-01  
9.540e-01  3.878e-01  
9.760e-01  3.913e-01  
4.840e-01  7.911e-01  
9.487e-01  5.077e-01  
9.939e-01  4.400e-01  
7.132e-02  1.309e+00  
9.689e-01  3.909e-01  
1.000e+00  1.896e-01  
3.017e-01  1.108e+00  
1.368e-01  1.224e+00  
4.078e-01  8.251e-01  
5.496e-01  6.467e-01  
3.017e-01  1.108e+00  
3.017e-01  1.108e+00  
4.372e-01  7.445e-01  
4.518e-01  8.681e-01  
7.111e-01  6.710e-01  
9.705e-01  3.761e-01  
8.940e-02  1.290e+00  
1.013e+00  2.808e-01  
6.341e-01  7.012e-01  
8.803e-02  1.281e+00  
2.150e-01  1.289e+00  
9.484e-01  3.739e-01  
3.915e-01  9.483e-01  
2.480e-01  1.251e+00  
4.044e-01  7.545e-01  
1.159e+00  1.284e-01  
1.000e+00  1.896e-01  
4.044e-01  8.807e-01  
1.258e+00  1.075e-01  
6.949e-01  6.390e-01  
4.187e-01  9.480e-01  
9.887e-01  1.543e-01  
3.248e-01  1.065e+00  
6.278e-02  1.284e+00  
1.253e+00  9.343e-02  
3.017e-01  1.108e+00  
1.368e-01  1.224e+00  
1.009e+00  3.700e-01  
1.177e+00  1.532e-01  
9.540e-01  3.878e-01  
1.191e+00  2.271e-01  
1.258e+00  1.075e-01  
2.939e-01  1.120e+00  
3.077e-01  1.204e+00  
9.956e-01  3.774e-01  
9.324e-01  5.052e-01  
1.214e+00  1.344e-01  
7.254e-01  6.431e-01  
9.742e-01  3.823e-01  
1.045e+00  2.318e-01  
1.177e+00  1.532e-01  
1.283e+00  9.968e-02  
6.091e-02  1.299e+00  
2.693e-01  1.269e+00  
1.009e+00  3.700e-01  
1.502e-01  1.282e+00  
1.090e+00  1.671e-01  
3.915e-01  9.483e-01  
8.251e-02  1.295e+00  
3.997e-01  7.940e-01  
5.963e-02  1.310e+00  
3.119e-01  1.087e+00  
4.827e-02  1.292e+00  
9.869e-01  2.099e-01  
1.021e+00  1.595e-01  
1.254e+00  1.061e-01  
3.861e-02  1.286e+00  
3.283e-02  1.351e+00  
1.191e+00  2.271e-01  
1.241e-01  1.294e+00  
1.158e+00  1.679e-01  
1.118e+00  1.276e-01  
1.067e+00  1.604e-01  
5.918e-02  1.346e+00  
1.177e+00  1.532e-01  
3.570e-02  1.287e+00  
1.283e+00  9.968e-02  
1.177e+00  1.532e-01  
5.963e-02  1.310e+00  
9.765e-01  2.255e-01  
1.246e+00  9.051e-02  
9.805e-02  1.304e+00  
1.254e+00  9.406e-02  
1.177e+00  1.532e-01  
1.056e+00  3.116e-01  
5.400e-02  1.285e+00  
9.887e-01  1.543e-01  
1.022e+00  1.444e-01  
1.258e+00  1.075e-01  
1.124e+00  1.267e-01  
4.595e-01  8.395e-01  
5.963e-02  1.310e+00  
1.067e+00  1.604e-01  
5.047e-02  1.283e+00  
1.502e-01  1.282e+00  
7.081e-02  1.275e+00  
9.745e-01  3.857e-01  
1.009e+00  3.700e-01  
4.920e-02  1.290e+00  
1.056e+00  3.116e-01  
1.253e+00  9.343e-02  
3.997e-01  7.940e-01  
3.894e-01  9.374e-01  
4.505e-01  8.362e-01  
7.969e-01  6.419e-01  
1.018e+00  2.022e-01  
4.414e-02  1.431e+00  
3.269e-01  1.059e+00  
1.067e+00  1.831e-01  
1.049e+00  2.761e-01  
4.920e-02  1.290e+00  
1.258e+00  1.075e-01  
7.130e-01  6.413e-01  
5.059e-01  7.559e-01  
1.252e+00  9.206e-02  
9.669e-01  3.629e-01  
9.853e-01  3.110e-01  
4.244e-01  8.362e-01  
4.187e-01  9.480e-01  
2.150e-01  1.289e+00  
6.091e-02  1.299e+00  
3.217e-01  1.085e+00  
3.248e-01  1.065e+00  
7.165e-01  6.376e-01  
7.254e-01  6.420e-01  
4.760e-01  7.171e-01  
1.003e+00  2.271e-01  
4.531e-01  6.725e-01  
7.165e-01  6.376e-01  
9.765e-01  2.255e-01  
7.081e-02  1.275e+00  
1.024e+00  3.313e-01  
4.199e-01  8.677e-01  
4.199e-01  8.677e-01  
1.007e+00  1.341e-01  
5.026e-01  6.847e-01  
2.905e-01  1.092e+00  
3.999e-01  8.351e-01  
4.044e-01  7.545e-01  
9.328e-01  5.242e-01  
3.017e-01  1.108e+00  
4.458e-01  6.726e-01  
1.266e+00  1.052e-01  
1.056e+00  3.116e-01  
4.018e-01  9.529e-01  
1.248e+00  9.652e-02  
2.229e-01  1.242e+00  
7.023e-01  6.365e-01  
6.448e-01  7.045e-01  
1.921e-01  1.227e+00  
9.601e-01  5.264e-01  
1.096e+00  1.461e-01  
1.071e+00  1.207e-01  
5.746e-01  6.958e-01  
4.920e-02  1.290e+00  
6.296e-01  6.518e-01  
4.329e-01  9.150e-01  
3.866e-02  1.389e+00  
1.502e-01  1.282e+00  
7.200e-01  6.412e-01  
9.956e-01  3.774e-01  
9.336e-01  5.805e-01  
4.401e-02  1.433e+00  
4.401e-02  1.433e+00  
6.901e-01  6.441e-01  
6.983e-01  7.023e-01  
9.708e-01  3.713e-01  
2.828e-01  1.209e+00  
4.549e-01  6.737e-01  
