1.661e-01  1.460e+00  
1.658e+00  8.946e-02  
1.105e+00  2.448e-01  
1.025e+00  2.021e-01  
3.325e-01  9.889e-01  
1.049e+00  5.568e-01  
2.419e-01  1.185e+00  
4.934e-01  9.910e-01  
1.088e+00  1.548e-01  
1.108e+00  1.196e-01  
2.038e-01  1.189e+00  
1.017e+00  6.638e-01  
1.024e+00  3.738e-01  
4.584e-01  9.910e-01  
8.432e-01  9.805e-01  
1.337e+00  1.597e-01  
3.509e-01  1.010e+00  
3.234e-01  1.011e+00  
1.038e+00  4.993e-01  
1.120e+00  1.770e-01  
4.552e-01  9.853e-01  
1.010e+00  6.033e-01  
9.298e-01  9.848e-01  
1.078e+00  3.372e-01  
1.012e+00  6.411e-01  
1.291e+00  1.104e-01  
5.544e-01  9.991e-01  
1.758e-01  1.347e+00  
7.297e-01  1.001e+00  
2.504e-01  1.143e+00  
1.077e+00  4.408e-01  
1.050e+00  2.607e-01  
3.384e-01  1.012e+00  
1.104e+00  2.509e-01  
1.058e+00  1.098e-01  
1.850e-01  1.241e+00  
5.126e-01  1.012e+00  
3.281e-01  1.177e+00  
2.504e-01  1.143e+00  
1.020e+00  2.956e-01  
7.134e-01  9.790e-01  
1.017e+00  5.911e-01  
7.134e-01  9.790e-01  
4.658e-01  1.048e+00  
2.936e-01  1.326e+00  
1.089e+00  2.188e-01  
1.013e+00  6.496e-01  
1.108e+00  1.196e-01  
1.013e+00  6.496e-01  
4.053e-01  1.007e+00  
6.710e-01  9.848e-01  
6.557e-01  9.938e-01  
1.687e-01  1.325e+00  
1.025e+00  2.021e-01  
2.342e-01  1.159e+00  
1.014e+00  7.056e-01  
1.167e+00  4.312e-01  
1.258e+00  8.747e-02  
5.361e-01  1.007e+00  
1.188e+00  1.712e-01  
1.072e+00  2.198e-01  
7.134e-01  9.790e-01  
1.053e+00  1.322e-01  
1.081e+00  3.515e-01  
3.740e-01  1.048e+00  
1.045e+00  2.794e-01  
2.453e-01  1.160e+00  
1.044e+00  4.216e-01  
1.010e+00  7.385e-01  
1.012e+00  6.967e-01  
1.081e+00  3.515e-01  
3.872e-01  1.056e+00  
1.038e+00  4.993e-01  
6.631e-01  1.043e+00  
1.016e+00  9.190e-01  
3.591e-01  1.003e+00  
3.045e-01  1.142e+00  
1.089e+00  2.188e-01  
1.038e+00  4.993e-01  
1.058e+00  1.098e-01  
1.016e+00  4.491e-01  
4.552e-01  9.853e-01  
7.134e-01  9.790e-01  
1.018e+00  5.997e-01  
8.031e-01  9.851e-01  
1.018e+00  5.997e-01  
3.367e-01  1.010e+00  
2.191e-01  1.254e+00  
4.552e-01  9.853e-01  
1.011e+00  6.547e-01  
4.658e-01  1.048e+00  
1.110e+00  3.827e-01  
1.109e+00  8.764e-02  
2.038e-01  1.189e+00  
1.546e+00  1.977e-01  
4.584e-01  9.910e-01  
9.298e-01  9.848e-01  
1.013e+00  3.757e-01  
5.312e-01  9.909e-01  
1.010e+00  7.959e-01  
2.259e-01  1.184e+00  
3.339e-01  1.038e+00  
1.012e+00  6.967e-01  
3.086e-01  1.218e+00  
1.115e+00  5.039e-01  
1.546e+00  1.977e-01  
1.589e-01  1.324e+00  
1.014e+00  7.056e-01  
1.123e+00  4.776e-01  
1.081e+00  3.515e-01  
7.134e-01  9.790e-01  
3.674e-01  1.044e+00  
5.988e-01  9.845e-01  
7.273e-01  9.852e-01  
5.781e-01  1.024e+00  
1.059e+00  1.768e-01  
3.367e-01  1.010e+00  
1.045e+00  2.109e-01  
2.547e-01  1.274e+00  
1.072e+00  1.444e-01  
1.200e+00  1.329e-01  
3.659e-01  1.008e+00  
1.086e+00  1.002e-01  
3.783e-01  1.031e+00  
1.089e+00  2.188e-01  
1.633e-01  1.567e+00  
1.101e+00  1.329e-01  
4.758e-01  1.018e+00  
1.432e+00  8.688e-02  
5.126e-01  1.012e+00  
1.040e+00  1.616e-01  
3.340e-01  1.070e+00  
3.563e-01  1.013e+00  
2.504e-01  1.143e+00  
1.416e+00  8.992e-02  
1.075e+00  1.129e-01  
1.130e+00  8.529e-02  
5.781e-01  1.024e+00  
1.054e+00  2.651e-01  
3.634e-01  1.006e+00  
1.706e-01  1.763e+00  
1.037e+00  3.907e-01  
1.167e+00  4.312e-01  
6.557e-01  9.938e-01  
7.134e-01  9.790e-01  
1.014e+00  7.056e-01  
4.053e-01  1.007e+00  
1.013e+00  6.496e-01  
2.504e-01  1.143e+00  
3.402e-01  9.966e-01  
5.805e-01  9.649e-01  
1.025e+00  2.410e-01  
4.489e-01  9.865e-01  
1.010e+00  7.959e-01  
5.781e-01  1.024e+00  
1.038e+00  4.993e-01  
3.367e-01  1.010e+00  
4.329e-01  1.001e+00  
1.007e+00  4.064e-01  
1.021e+00  5.024e-01  
1.026e+00  3.977e-01  
4.552e-01  9.853e-01  
1.038e+00  4.993e-01  
2.936e-01  1.326e+00  
8.432e-01  9.805e-01  
5.966e-01  9.949e-01  
6.930e-01  9.877e-01  
1.007e+00  3.154e-01  
1.196e+00  1.176e-01  
1.013e+00  6.496e-01  
1.013e+00  5.427e-01  
1.026e+00  5.317e-01  
1.687e-01  1.325e+00  
1.012e+00  6.411e-01  
2.038e-01  1.189e+00  
1.014e+00  4.091e-01  
2.899e-01  1.150e+00  
7.624e-01  9.849e-01  
2.858e-01  1.145e+00  
1.005e+00  7.037e-01  
1.044e+00  4.216e-01  
5.781e-01  1.024e+00  
5.519e-01  9.829e-01  
7.606e-01  9.852e-01  
1.146e+00  2.031e-01  
1.084e+00  2.457e-01  
4.329e-01  1.001e+00  
7.788e-01  9.897e-01  
1.008e+00  4.773e-01  
5.596e-01  1.008e+00  
1.008e+00  4.609e-01  
1.037e+00  3.907e-01  
1.015e+00  4.681e-01  
6.710e-01  9.848e-01  
1.058e+00  1.098e-01  
1.045e+00  2.794e-01  
8.266e-01  9.777e-01  
1.167e+00  4.312e-01  
6.557e-01  9.938e-01  
3.281e-01  1.177e+00  
1.077e+00  4.408e-01  
4.584e-01  9.910e-01  
1.007e+00  4.514e-01  
1.079e+00  1.271e-01  
5.312e-01  9.909e-01  
1.024e+00  5.170e-01  
1.017e+00  5.911e-01  
2.453e-01  1.160e+00  
1.063e+00  3.265e-01  
1.900e-01  1.239e+00  
1.078e+00  1.043e-01  
1.026e+00  4.484e-01  
1.026e+00  5.317e-01  
3.402e-01  9.966e-01  
1.007e+00  5.686e-01  
1.098e+00  1.217e-01  
1.063e+00  3.265e-01  
1.077e+00  3.784e-01  
1.066e+00  2.122e-01  
2.546e-01  1.149e+00  
4.369e-01  1.003e+00  
3.674e-01  1.044e+00  
3.531e-01  1.087e+00  
1.067e+00  3.267e-01  
1.098e+00  1.077e-01  
3.872e-01  1.056e+00  
3.425e-01  1.012e+00  
3.367e-01  1.010e+00  
5.544e-01  9.991e-01  
1.996e-01  1.203e+00  
1.045e+00  2.109e-01  
1.188e+00  1.712e-01  
1.687e-01  1.325e+00  
6.557e-01  9.938e-01  
1.025e+00  2.410e-01  
1.060e+00  1.960e-01  
6.930e-01  9.877e-01  
2.259e-01  1.184e+00  
2.504e-01  1.143e+00  
1.020e+00  2.956e-01  
1.636e-01  1.270e+00  
2.290e-01  1.169e+00  
1.125e+00  1.382e-01  
3.740e-01  1.048e+00  
1.084e+00  2.457e-01  
1.025e+00  2.410e-01  
3.634e-01  1.006e+00  
1.196e+00  1.176e-01  
5.126e-01  1.012e+00  
1.879e-01  1.348e+00  
1.031e+00  2.267e-01  
1.054e+00  8.674e-02  
2.207e-01  1.267e+00  
1.060e+00  1.960e-01  
1.054e+00  8.674e-02  
1.336e+00  8.602e-02  
1.658e+00  8.946e-02  
1.108e+00  1.196e-01  
5.401e-01  9.991e-01  
1.085e+00  1.021e-01  
1.023e+00  2.391e-01  
1.063e+00  3.265e-01  
1.079e+00  2.511e-01  
1.748e-01  1.293e+00  
1.017e+00  8.766e-01  
1.546e+00  1.977e-01  
1.120e+00  1.770e-01  
1.081e+00  3.515e-01  
2.177e-01  1.258e+00  
4.837e-01  1.041e+00  
2.290e-01  1.169e+00  
4.747e-01  1.083e+00  
1.014e+00  8.276e-01  
4.489e-01  9.865e-01  
4.552e-01  9.853e-01  
1.146e+00  2.031e-01  
2.419e-01  1.185e+00  
4.329e-01  1.001e+00  
1.059e+00  2.389e-01  
2.606e-01  1.156e+00  
2.611e-01  1.150e+00  
4.658e-01  1.048e+00  
1.049e+00  4.876e-01  
1.025e+00  2.021e-01  
3.425e-01  1.012e+00  
1.636e-01  1.270e+00  
1.086e+00  1.089e-01  
3.339e-01  1.038e+00  
1.951e-01  1.236e+00  
3.674e-01  1.044e+00  
1.010e+00  4.766e-01  
1.015e+00  6.856e-01  
2.611e-01  1.150e+00  
1.024e+00  3.738e-01  
1.037e+00  3.907e-01  
4.171e-01  9.827e-01  
9.298e-01  9.848e-01  
4.865e-01  1.021e+00  
1.024e+00  5.170e-01  
9.973e-01  9.870e-01  
1.732e-01  1.317e+00  
7.134e-01  9.790e-01  
1.115e+00  5.039e-01  
1.008e+00  4.609e-01  
9.681e-01  9.788e-01  
1.011e+00  3.875e-01  
1.879e-01  1.348e+00  
5.596e-01  1.008e+00  
1.012e+00  6.411e-01  
1.007e+00  5.719e-01  
3.509e-01  1.010e+00  
4.934e-01  1.012e+00  
1.007e+00  3.154e-01  
1.061e+00  2.071e-01  
3.335e-01  1.005e+00  
1.008e+00  4.980e-01  
1.026e+00  5.317e-01  
1.038e+00  4.993e-01  
3.634e-01  1.006e+00  
1.018e+00  5.997e-01  
1.017e+00  5.911e-01  
1.049e+00  5.615e-01  
5.933e-01  1.001e+00  
1.546e+00  1.977e-01  
5.988e-01  9.845e-01  
3.335e-01  1.005e+00  
1.101e+00  1.329e-01  
1.038e+00  3.172e-01  
1.099e+00  2.497e-01  
2.546e-01  1.149e+00  
1.010e+00  7.959e-01  
4.322e-01  9.847e-01  
9.681e-01  9.788e-01  
2.419e-01  1.185e+00  
4.891e-01  1.027e+00  
7.134e-01  9.790e-01  
1.049e+00  5.615e-01  
1.086e+00  1.089e-01  
4.322e-01  9.847e-01  
4.329e-01  1.001e+00  
1.025e+00  2.021e-01  
5.544e-01  9.991e-01  
1.010e+00  7.959e-01  
1.026e+00  5.317e-01  
4.315e-01  1.007e+00  
1.045e+00  2.794e-01  
3.740e-01  1.048e+00  
1.017e+00  5.911e-01  
3.872e-01  1.056e+00  
1.019e+00  6.265e-01  
1.012e+00  6.411e-01  
3.433e-01  1.003e+00  
4.369e-01  1.003e+00  
1.546e+00  1.977e-01  
4.636e-01  9.847e-01  
7.370e-01  9.953e-01  
1.156e+00  5.196e-01  
6.893e-01  9.868e-01  
7.297e-01  1.001e+00  
8.432e-01  9.805e-01  
2.504e-01  1.143e+00  
1.015e+00  4.681e-01  
1.014e+00  7.056e-01  
2.204e-01  1.227e+00  
7.681e-01  9.847e-01  
5.544e-01  9.991e-01  
1.063e+00  3.265e-01  
1.037e+00  3.907e-01  
1.009e+00  4.196e-01  
1.041e+00  2.774e-01  
5.970e-01  9.850e-01  
5.306e-01  1.015e+00  
5.544e-01  9.991e-01  
1.011e+00  6.547e-01  
1.167e+00  4.312e-01  
1.060e+00  6.746e-01  
1.025e+00  2.292e-01  
4.658e-01  1.048e+00  
1.058e+00  1.098e-01  
2.602e-01  1.149e+00  
1.026e+00  5.317e-01  
1.010e+00  6.033e-01  
4.837e-01  1.041e+00  
1.013e+00  6.496e-01  
2.512e-01  1.165e+00  
1.010e+00  7.959e-01  
6.631e-01  1.043e+00  
1.012e+00  6.411e-01  
1.108e+00  1.196e-01  
1.150e+00  3.376e-01  
1.024e+00  5.170e-01  
3.426e-01  1.003e+00  
1.702e-01  1.744e+00  
4.460e-01  1.010e+00  
1.084e+00  2.457e-01  
8.432e-01  9.805e-01  
1.025e+00  2.410e-01  
1.633e-01  1.567e+00  
1.258e+00  8.747e-02  
1.014e+00  4.091e-01  
4.315e-01  1.007e+00  
1.099e+00  2.497e-01  
1.956e-01  1.214e+00  
1.125e+00  1.382e-01  
1.053e+00  1.322e-01  
2.038e-01  1.189e+00  
3.433e-01  1.003e+00  
8.432e-01  9.805e-01  
9.055e-01  9.854e-01  
1.072e+00  1.444e-01  
1.084e+00  2.457e-01  
3.872e-01  1.056e+00  
1.105e+00  2.448e-01  
1.060e+00  1.960e-01  
7.134e-01  9.790e-01  
1.005e+00  7.037e-01  
5.126e-01  1.012e+00  
1.010e+00  5.338e-01  
1.013e+00  4.220e-01  
6.664e-01  1.023e+00  
1.100e+00  3.511e-01  
4.369e-01  1.003e+00  
1.068e+00  1.148e-01  
5.126e-01  1.012e+00  
1.006e+00  5.873e-01  
7.188e-01  9.796e-01  
3.335e-01  1.005e+00  
5.361e-01  1.007e+00  
1.010e+00  6.033e-01  
1.037e+00  3.907e-01  
1.077e+00  3.784e-01  
7.297e-01  1.001e+00  
1.036e+00  3.727e-01  
1.041e+00  4.619e-01  
1.956e-01  1.214e+00  
1.060e+00  1.960e-01  
1.466e+00  1.619e-01  
3.591e-01  1.003e+00  
2.936e-01  1.326e+00  
6.891e-01  9.865e-01  
5.818e-01  9.845e-01  
3.872e-01  1.056e+00  
3.872e-01  1.056e+00  
4.758e-01  1.018e+00  
4.460e-01  1.010e+00  
1.015e+00  6.856e-01  
1.045e+00  2.794e-01  
3.086e-01  1.218e+00  
1.025e+00  2.292e-01  
9.973e-01  9.870e-01  
2.290e-01  1.169e+00  
3.281e-01  1.177e+00  
1.060e+00  1.960e-01  
5.781e-01  1.024e+00  
3.468e-01  1.006e+00  
3.433e-01  1.003e+00  
1.079e+00  1.271e-01  
1.158e+00  1.126e-01  
4.928e-01  1.018e+00  
1.166e+00  8.848e-02  
1.049e+00  5.568e-01  
4.053e-01  1.007e+00  
1.546e+00  1.977e-01  
3.659e-01  1.008e+00  
1.956e-01  1.214e+00  
1.291e+00  1.104e-01  
5.781e-01  1.024e+00  
3.387e-01  1.152e+00  
1.063e+00  3.265e-01  
1.058e+00  1.098e-01  
1.059e+00  2.389e-01  
1.120e+00  1.770e-01  
1.097e+00  1.020e-01  
3.674e-01  1.044e+00  
3.740e-01  1.048e+00  
1.081e+00  3.515e-01  
1.049e+00  4.876e-01  
1.054e+00  8.674e-02  
1.017e+00  5.911e-01  
1.077e+00  3.784e-01  
1.084e+00  2.457e-01  
1.079e+00  1.271e-01  
1.200e+00  1.329e-01  
2.177e-01  1.258e+00  
3.386e-01  9.975e-01  
1.059e+00  2.881e-01  
2.987e-01  1.220e+00  
1.074e+00  2.025e-01  
3.433e-01  1.003e+00  
1.996e-01  1.203e+00  
5.312e-01  9.909e-01  
2.419e-01  1.185e+00  
3.634e-01  1.006e+00  
1.687e-01  1.325e+00  
1.125e+00  1.382e-01  
1.067e+00  8.814e-02  
1.166e+00  8.848e-02  
2.547e-01  1.274e+00  
1.702e-01  1.744e+00  
1.086e+00  1.770e-01  
2.831e-01  1.147e+00  
1.078e+00  1.446e-01  
1.086e+00  1.089e-01  
1.086e+00  1.089e-01  
1.850e-01  1.241e+00  
1.124e+00  1.088e-01  
1.636e-01  1.270e+00  
1.291e+00  1.104e-01  
1.054e+00  8.674e-02  
2.419e-01  1.185e+00  
1.183e+00  2.859e-01  
1.625e+00  8.710e-02  
3.025e-01  1.171e+00  
1.124e+00  1.088e-01  
1.158e+00  1.126e-01  
1.337e+00  1.597e-01  
1.978e-01  1.311e+00  
1.079e+00  1.271e-01  
1.200e+00  1.329e-01  
1.146e+00  9.039e-02  
1.078e+00  1.043e-01  
4.489e-01  9.865e-01  
3.086e-01  1.218e+00  
1.101e+00  1.329e-01  
2.204e-01  1.227e+00  
2.936e-01  1.326e+00  
1.996e-01  1.203e+00  
1.089e+00  2.188e-01  
1.084e+00  2.457e-01  
3.086e-01  1.218e+00  
1.053e+00  1.322e-01  
1.130e+00  8.529e-02  
3.808e-01  9.988e-01  
5.863e-01  1.053e+00  
5.306e-01  1.015e+00  
1.018e+00  5.997e-01  
1.054e+00  1.244e-01  
1.881e-01  1.292e+00  
4.053e-01  1.007e+00  
1.054e+00  8.674e-02  
1.045e+00  2.109e-01  
2.512e-01  1.165e+00  
1.054e+00  8.674e-02  
1.008e+00  4.773e-01  
4.934e-01  9.910e-01  
1.291e+00  1.104e-01  
1.053e+00  1.322e-01  
1.053e+00  1.322e-01  
6.893e-01  9.868e-01  
5.126e-01  1.012e+00  
2.700e-01  1.180e+00  
2.007e-01  1.429e+00  
3.384e-01  1.012e+00  
4.053e-01  1.007e+00  
1.008e+00  4.773e-01  
1.018e+00  5.997e-01  
7.788e-01  9.897e-01  
1.120e+00  1.770e-01  
4.552e-01  9.853e-01  
1.010e+00  3.481e-01  
1.188e+00  1.712e-01  
2.684e-01  1.146e+00  
1.100e+00  3.511e-01  
5.544e-01  9.991e-01  
5.008e-01  1.005e+00  
1.058e+00  1.098e-01  
6.093e-01  9.829e-01  
3.367e-01  1.010e+00  
5.312e-01  9.909e-01  
5.933e-01  1.001e+00  
1.029e+00  5.415e-01  
3.335e-01  1.005e+00  
8.432e-01  9.805e-01  
1.152e+00  8.542e-02  
1.025e+00  2.410e-01  
5.008e-01  1.005e+00  
1.291e+00  1.104e-01  
3.506e-01  1.010e+00  
1.010e+00  6.033e-01  
9.298e-01  9.848e-01  
3.086e-01  1.218e+00  
1.156e+00  5.196e-01  
1.200e+00  1.329e-01  
1.086e+00  1.002e-01  
1.014e+00  7.056e-01  
2.512e-01  1.157e+00  
1.005e+00  7.037e-01  
4.063e-01  9.815e-01  
1.713e-01  1.327e+00  
3.086e-01  1.218e+00  
1.011e+00  6.547e-01  
1.041e+00  2.774e-01  
1.017e+00  5.911e-01  
1.719e-01  1.380e+00  
1.687e-01  1.325e+00  
1.010e+00  7.959e-01  
1.012e+00  6.645e-01  
1.167e+00  4.312e-01  
3.367e-01  1.010e+00  
1.013e+00  5.427e-01  
