9.564e-01  7.211e-01  
1.502e+00  4.803e-02  
1.253e+00  4.297e-01  
1.442e+00  1.607e-01  
1.252e+00  4.212e-01  
1.388e+00  2.050e-01  
9.830e-01  5.186e-01  
1.109e+00  3.992e-01  
1.375e+00  6.572e-02  
1.331e+00  3.108e-02  
9.678e-01  6.813e-01  
1.343e+00  2.826e-01  
1.388e+00  2.050e-01  
1.088e+00  4.701e-01  
1.219e+00  3.731e-01  
1.400e+00  6.558e-02  
1.017e+00  3.888e-01  
1.045e+00  5.122e-01  
1.415e+00  2.835e-01  
1.346e+00  7.935e-02  
1.171e+00  4.636e-01  
1.319e+00  3.611e-01  
1.228e+00  3.579e-01  
1.370e+00  5.470e-02  
1.349e+00  2.950e-01  
1.413e+00  1.057e-01  
1.043e+00  4.730e-01  
9.486e-01  4.827e-01  
1.229e+00  4.102e-01  
9.480e-01  5.111e-01  
1.387e+00  1.557e-01  
1.365e+00  5.823e-02  
1.008e+00  5.517e-01  
1.373e+00  1.200e-01  
1.393e+00  4.592e-02  
9.548e-01  4.332e-01  
1.060e+00  3.825e-01  
9.908e-01  4.201e-01  
9.666e-01  4.343e-01  
1.390e+00  2.847e-01  
1.255e+00  3.622e-01  
1.344e+00  2.820e-01  
1.180e+00  4.396e-01  
1.163e+00  5.149e-01  
9.576e-01  3.969e-01  
1.411e+00  1.544e-01  
1.328e+00  2.836e-01  
1.389e+00  9.675e-02  
1.319e+00  2.853e-01  
1.029e+00  4.571e-01  
1.266e+00  3.698e-01  
1.202e+00  4.403e-01  
9.564e-01  7.211e-01  
1.469e+00  2.837e-01  
9.714e-01  4.246e-01  
1.242e+00  3.536e-01  
1.361e+00  1.080e-01  
1.476e+00  3.618e-02  
1.010e+00  4.162e-01  
1.463e+00  4.852e-02  
1.439e+00  8.336e-02  
1.238e+00  3.565e-01  
1.402e+00  5.526e-02  
1.396e+00  1.342e-01  
1.029e+00  4.571e-01  
1.426e+00  7.150e-02  
9.830e-01  5.186e-01  
1.488e+00  2.245e-01  
1.272e+00  3.560e-01  
1.330e+00  2.882e-01  
1.509e+00  2.789e-01  
1.006e+00  4.542e-01  
1.429e+00  2.611e-01  
1.082e+00  3.978e-01  
1.272e+00  3.560e-01  
1.021e+00  5.051e-01  
1.045e+00  5.189e-01  
1.365e+00  5.823e-02  
1.402e+00  2.434e-01  
1.413e+00  1.057e-01  
1.423e+00  2.042e-01  
1.171e+00  4.636e-01  
1.270e+00  3.860e-01  
1.369e+00  2.941e-01  
1.270e+00  3.860e-01  
1.377e+00  2.796e-01  
1.012e+00  4.088e-01  
9.538e-01  5.592e-01  
1.205e+00  3.925e-01  
1.375e+00  2.989e-01  
9.989e-01  4.072e-01  
1.478e+00  1.606e-01  
1.413e+00  1.057e-01  
9.462e-01  6.238e-01  
1.395e+00  7.766e-02  
1.088e+00  4.701e-01  
1.255e+00  3.622e-01  
1.516e+00  2.424e-01  
1.060e+00  3.773e-01  
1.328e+00  2.836e-01  
9.656e-01  4.538e-01  
1.008e+00  5.517e-01  
1.390e+00  2.847e-01  
9.614e-01  4.235e-01  
1.429e+00  2.611e-01  
1.426e+00  7.150e-02  
9.488e-01  5.363e-01  
1.268e+00  3.570e-01  
1.408e+00  1.849e-01  
1.394e+00  9.988e-02  
1.239e+00  3.712e-01  
1.029e+00  4.571e-01  
1.202e+00  4.403e-01  
1.234e+00  4.301e-01  
1.227e+00  4.354e-01  
1.360e+00  3.894e-02  
1.046e+00  6.678e-01  
1.388e+00  4.759e-02  
9.862e-01  4.248e-01  
1.389e+00  9.675e-02  
1.356e+00  8.945e-02  
1.072e+00  4.065e-01  
1.652e+00  6.164e-02  
9.772e-01  4.493e-01  
1.481e+00  9.198e-02  
9.564e-01  7.211e-01  
1.406e+00  3.620e-02  
1.060e+00  3.825e-01  
1.356e+00  8.945e-02  
1.109e+00  3.992e-01  
1.426e+00  7.150e-02  
9.959e-01  4.104e-01  
1.010e+00  4.162e-01  
9.830e-01  5.186e-01  
1.352e+00  3.141e-02  
1.425e+00  7.637e-02  
1.390e+00  3.287e-02  
1.165e+00  3.758e-01  
1.719e+00  1.015e-01  
1.035e+00  5.008e-01  
9.602e-01  5.232e-01  
1.438e+00  2.794e-01  
1.377e+00  1.403e-01  
1.227e+00  4.354e-01  
1.228e+00  3.579e-01  
1.238e+00  3.565e-01  
1.252e+00  4.212e-01  
1.326e+00  2.851e-01  
9.910e-01  5.607e-01  
1.180e+00  4.833e-01  
1.171e+00  4.636e-01  
1.478e+00  1.103e-01  
1.202e+00  4.403e-01  
1.319e+00  3.611e-01  
1.029e+00  4.571e-01  
1.358e+00  2.755e-01  
1.012e+00  4.366e-01  
1.106e+00  5.000e-01  
1.362e+00  3.267e-01  
1.415e+00  2.835e-01  
1.431e+00  2.128e-01  
1.165e+00  3.758e-01  
1.377e+00  2.838e-01  
1.026e+00  4.093e-01  
1.266e+00  3.698e-01  
1.205e+00  3.925e-01  
1.253e+00  4.297e-01  
1.375e+00  2.989e-01  
1.502e+00  4.803e-02  
1.375e+00  2.989e-01  
1.285e+00  3.793e-01  
1.415e+00  2.835e-01  
9.488e-01  5.363e-01  
1.354e+00  2.984e-01  
9.678e-01  6.813e-01  
1.367e+00  2.881e-01  
9.656e-01  4.538e-01  
1.270e+00  3.490e-01  
1.006e+00  4.971e-01  
1.332e+00  2.870e-01  
1.381e+00  1.660e-01  
1.165e+00  3.758e-01  
1.271e+00  3.506e-01  
1.238e+00  3.565e-01  
1.382e+00  7.274e-02  
1.478e+00  1.606e-01  
1.171e+00  4.636e-01  
1.261e+00  4.066e-01  
1.368e+00  2.997e-01  
1.277e+00  3.885e-01  
1.371e+00  2.901e-01  
1.390e+00  2.847e-01  
1.274e+00  3.525e-01  
1.242e+00  3.536e-01  
1.389e+00  9.675e-02  
1.346e+00  7.935e-02  
1.205e+00  3.925e-01  
1.394e+00  9.988e-02  
1.171e+00  3.983e-01  
1.000e+00  5.054e-01  
1.377e+00  2.796e-01  
1.108e+00  4.004e-01  
1.261e+00  3.481e-01  
1.392e+00  8.476e-02  
1.104e+00  4.410e-01  
1.431e+00  2.128e-01  
1.319e+00  2.853e-01  
9.462e-01  6.238e-01  
1.430e+00  1.038e-01  
9.848e-01  4.029e-01  
1.470e+00  9.623e-02  
1.396e+00  1.342e-01  
1.394e+00  1.394e-01  
1.032e+00  4.253e-01  
1.274e+00  3.525e-01  
1.515e+00  6.924e-02  
1.478e+00  1.606e-01  
1.442e+00  1.607e-01  
1.411e+00  1.544e-01  
9.576e-01  3.969e-01  
1.092e+00  4.219e-01  
1.046e+00  6.678e-01  
9.988e-01  4.129e-01  
1.431e+00  2.128e-01  
1.353e+00  3.830e-02  
1.012e+00  4.088e-01  
1.045e+00  5.122e-01  
1.045e+00  5.122e-01  
1.165e+00  3.758e-01  
9.666e-01  4.343e-01  
1.358e+00  3.909e-02  
1.390e+00  1.218e-01  
9.564e-01  7.211e-01  
1.234e+00  4.607e-01  
1.509e+00  2.789e-01  
1.430e+00  1.038e-01  
1.166e+00  3.879e-01  
9.480e-01  5.111e-01  
9.629e-01  5.161e-01  
1.410e+00  1.892e-01  
9.499e-01  5.962e-01  
9.910e-01  5.607e-01  
1.410e+00  2.708e-01  
1.062e+00  4.256e-01  
1.382e+00  7.274e-02  
1.372e+00  3.393e-02  
1.125e+00  4.261e-01  
1.396e+00  1.787e-01  
1.043e+00  4.730e-01  
9.461e-01  4.794e-01  
1.358e+00  3.909e-02  
1.415e+00  4.835e-02  
9.499e-01  5.962e-01  
1.373e+00  1.200e-01  
1.515e+00  6.924e-02  
1.515e+00  6.924e-02  
1.360e+00  3.894e-02  
1.390e+00  3.287e-02  
1.043e+00  4.730e-01  
1.463e+00  4.852e-02  
1.408e+00  1.849e-01  
1.373e+00  1.200e-01  
1.430e+00  1.038e-01  
9.499e-01  5.962e-01  
1.303e+00  3.825e-01  
1.472e+00  7.770e-02  
1.382e+00  9.498e-02  
1.382e+00  8.213e-02  
9.567e-01  4.959e-01  
1.163e+00  5.149e-01  
9.481e-01  4.310e-01  
9.772e-01  4.493e-01  
1.330e+00  2.882e-01  
1.229e+00  4.102e-01  
1.229e+00  4.650e-01  
1.426e+00  7.150e-02  
9.666e-01  4.343e-01  
1.026e+00  4.093e-01  
1.388e+00  2.050e-01  
9.995e-01  4.347e-01  
9.461e-01  4.794e-01  
1.107e+00  4.161e-01  
1.457e+00  2.424e-01  
1.394e+00  9.988e-02  
1.017e+00  3.888e-01  
9.445e-01  5.107e-01  
1.470e+00  9.623e-02  
9.945e-01  4.556e-01  
9.505e-01  4.507e-01  
1.045e+00  5.122e-01  
1.343e+00  2.826e-01  
1.330e+00  2.882e-01  
9.629e-01  5.161e-01  
1.402e+00  2.434e-01  
1.438e+00  2.794e-01  
1.253e+00  3.673e-01  
1.253e+00  4.297e-01  
1.060e+00  3.825e-01  
1.402e+00  2.434e-01  
1.274e+00  3.525e-01  
9.463e-01  5.466e-01  
1.239e+00  3.712e-01  
1.358e+00  1.202e-01  
1.353e+00  2.884e-01  
1.270e+00  3.860e-01  
1.349e+00  2.950e-01  
9.627e-01  4.725e-01  
1.259e+00  4.238e-01  
1.344e+00  2.820e-01  
1.268e+00  3.570e-01  
9.576e-01  3.969e-01  
1.106e+00  5.000e-01  
1.349e+00  2.950e-01  
1.382e+00  8.213e-02  
9.908e-01  4.201e-01  
1.362e+00  3.267e-01  
1.377e+00  2.796e-01  
1.461e+00  2.356e-01  
1.172e+00  4.347e-01  
1.326e+00  2.836e-01  
1.375e+00  2.989e-01  
1.377e+00  2.796e-01  
1.043e+00  4.730e-01  
1.358e+00  3.909e-02  
1.211e+00  4.023e-01  
9.830e-01  5.186e-01  
1.389e+00  9.675e-02  
1.366e+00  1.231e-01  
1.340e+00  2.067e-01  
9.943e-01  5.242e-01  
1.319e+00  2.853e-01  
1.238e+00  3.565e-01  
1.253e+00  3.525e-01  
1.026e+00  4.093e-01  
1.067e+00  4.048e-01  
1.241e+00  4.146e-01  
1.390e+00  2.847e-01  
1.363e+00  4.275e-02  
1.255e+00  3.622e-01  
1.252e+00  4.212e-01  
1.386e+00  1.582e-01  
1.163e+00  5.149e-01  
1.349e+00  2.950e-01  
1.415e+00  2.835e-01  
9.989e-01  4.072e-01  
1.388e+00  4.759e-02  
1.012e+00  4.366e-01  
1.371e+00  2.901e-01  
1.106e+00  5.000e-01  
1.274e+00  3.525e-01  
1.349e+00  2.950e-01  
1.064e+00  4.422e-01  
1.067e+00  4.048e-01  
1.430e+00  1.038e-01  
1.166e+00  3.879e-01  
1.219e+00  3.731e-01  
1.429e+00  2.611e-01  
1.208e+00  4.185e-01  
1.229e+00  4.102e-01  
1.232e+00  3.693e-01  
9.576e-01  3.969e-01  
1.266e+00  3.698e-01  
1.282e+00  3.662e-01  
9.519e-01  4.931e-01  
1.258e+00  4.025e-01  
1.202e+00  4.403e-01  
1.331e+00  5.373e-02  
1.388e+00  2.050e-01  
1.375e+00  1.579e-01  
1.388e+00  2.050e-01  
1.242e+00  4.201e-01  
1.166e+00  3.879e-01  
1.154e+00  4.065e-01  
1.326e+00  2.844e-01  
1.394e+00  9.988e-02  
1.332e+00  2.840e-01  
1.346e+00  7.935e-02  
1.106e+00  5.000e-01  
1.410e+00  8.313e-02  
9.666e-01  4.343e-01  
1.377e+00  1.415e-01  
1.344e+00  2.820e-01  
1.158e+00  3.954e-01  
1.345e+00  2.837e-01  
9.576e-01  3.969e-01  
1.319e+00  3.611e-01  
1.205e+00  3.925e-01  
1.343e+00  2.826e-01  
1.364e+00  7.779e-02  
1.481e+00  9.198e-02  
1.390e+00  2.847e-01  
9.945e-01  4.556e-01  
9.460e-01  5.619e-01  
1.227e+00  4.354e-01  
1.361e+00  9.310e-02  
1.250e+00  3.875e-01  
1.430e+00  1.038e-01  
9.469e-01  5.072e-01  
1.410e+00  8.313e-02  
1.340e+00  2.811e-01  
1.072e+00  4.065e-01  
1.478e+00  1.606e-01  
9.564e-01  7.211e-01  
1.393e+00  4.592e-02  
1.430e+00  1.038e-01  
9.519e-01  4.931e-01  
1.227e+00  4.354e-01  
1.242e+00  3.536e-01  
1.262e+00  3.543e-01  
1.370e+00  5.470e-02  
1.426e+00  7.150e-02  
1.035e+00  5.008e-01  
1.346e+00  7.935e-02  
1.387e+00  1.557e-01  
1.109e+00  3.992e-01  
1.250e+00  3.388e-01  
1.033e+00  3.842e-01  
1.270e+00  3.694e-01  
1.332e+00  2.840e-01  
1.252e+00  4.212e-01  
1.695e+00  9.340e-02  
1.108e+00  4.176e-01  
1.368e+00  3.939e-02  
1.202e+00  4.403e-01  
1.250e+00  3.388e-01  
1.267e+00  4.097e-01  
1.106e+00  5.000e-01  
1.062e+00  4.202e-01  
1.320e+00  2.970e-01  
1.516e+00  2.424e-01  
1.533e+00  2.176e-01  
1.109e+00  3.992e-01  
1.361e+00  1.080e-01  
1.388e+00  2.050e-01  
9.678e-01  6.813e-01  
1.373e+00  1.200e-01  
1.390e+00  1.218e-01  
1.045e+00  5.122e-01  
9.901e-01  4.525e-01  
1.177e+00  3.940e-01  
1.238e+00  3.565e-01  
1.006e+00  4.542e-01  
1.026e+00  4.093e-01  
1.109e+00  3.992e-01  
1.177e+00  3.940e-01  
1.330e+00  2.882e-01  
1.373e+00  1.200e-01  
9.576e-01  3.969e-01  
1.365e+00  5.823e-02  
1.266e+00  3.698e-01  
9.614e-01  4.235e-01  
9.910e-01  5.607e-01  
1.431e+00  2.128e-01  
1.088e+00  4.701e-01  
9.989e-01  4.072e-01  
1.060e+00  3.758e-01  
1.376e+00  8.733e-02  
1.389e+00  9.675e-02  
1.154e+00  4.065e-01  
1.346e+00  3.110e-02  
1.326e+00  2.844e-01  
1.043e+00  4.730e-01  
1.425e+00  7.637e-02  
1.050e+00  4.265e-01  
9.505e-01  4.507e-01  
1.376e+00  8.733e-02  
1.043e+00  4.730e-01  
9.988e-01  4.129e-01  
1.388e+00  4.759e-02  
1.375e+00  6.572e-02  
1.488e+00  2.245e-01  
1.370e+00  5.470e-02  
1.353e+00  3.830e-02  
1.042e+00  4.196e-01  
1.008e+00  5.517e-01  
1.351e+00  1.226e-01  
1.429e+00  2.611e-01  
1.395e+00  7.766e-02  
1.359e+00  2.969e-01  
1.411e+00  1.544e-01  
1.358e+00  3.909e-02  
1.356e+00  8.945e-02  
1.350e+00  3.186e-02  
9.480e-01  5.111e-01  
9.772e-01  4.493e-01  
1.373e+00  1.200e-01  
9.548e-01  4.332e-01  
1.382e+00  8.213e-02  
1.154e+00  4.065e-01  
9.586e-01  6.138e-01  
1.229e+00  4.650e-01  
1.012e+00  4.366e-01  
1.010e+00  4.162e-01  
9.504e-01  4.398e-01  
1.463e+00  4.852e-02  
1.382e+00  7.274e-02  
1.356e+00  8.945e-02  
9.548e-01  4.332e-01  
9.462e-01  6.238e-01  
1.695e+00  9.340e-02  
1.012e+00  4.366e-01  
1.502e+00  4.803e-02  
1.366e+00  4.429e-02  
1.410e+00  2.708e-01  
9.486e-01  4.827e-01  
1.346e+00  3.110e-02  
9.449e-01  5.199e-01  
1.346e+00  3.110e-02  
1.339e+00  3.125e-02  
9.848e-01  4.029e-01  
1.481e+00  9.198e-02  
1.359e+00  5.411e-02  
9.614e-01  4.235e-01  
1.413e+00  1.057e-01  
1.515e+00  6.924e-02  
1.382e+00  8.213e-02  
9.486e-01  4.827e-01  
1.388e+00  4.759e-02  
1.515e+00  6.924e-02  
1.420e+00  2.623e-02  
1.406e+00  3.620e-02  
1.177e+00  3.940e-01  
1.016e+00  5.645e-01  
1.360e+00  3.894e-02  
9.504e-01  4.398e-01  
9.614e-01  4.235e-01  
9.830e-01  5.186e-01  
1.411e+00  1.544e-01  
1.382e+00  7.274e-02  
9.910e-01  5.607e-01  
1.382e+00  8.213e-02  
1.413e+00  1.057e-01  
1.121e+00  4.360e-01  
1.072e+00  4.065e-01  
1.229e+00  4.102e-01  
1.326e+00  2.851e-01  
1.382e+00  7.274e-02  
9.480e-01  5.111e-01  
1.065e+00  4.363e-01  
1.410e+00  2.708e-01  
1.358e+00  3.909e-02  
9.614e-01  4.235e-01  
1.342e+00  2.573e-02  
1.344e+00  2.820e-01  
1.253e+00  4.297e-01  
1.356e+00  8.945e-02  
1.506e+00  7.878e-02  
1.365e+00  5.823e-02  
1.225e+00  4.133e-01  
1.033e+00  3.842e-01  
9.830e-01  5.186e-01  
9.462e-01  6.238e-01  
1.006e+00  4.542e-01  
1.065e+00  4.363e-01  
1.319e+00  2.853e-01  
1.349e+00  2.950e-01  
1.261e+00  4.066e-01  
1.426e+00  7.150e-02  
1.229e+00  4.102e-01  
1.340e+00  2.811e-01  
1.453e+00  8.477e-02  
1.013e+00  5.160e-01  
1.374e+00  9.087e-02  
1.171e+00  3.983e-01  
1.171e+00  3.983e-01  
1.396e+00  1.787e-01  
1.236e+00  3.909e-01  
9.772e-01  4.493e-01  
1.171e+00  4.636e-01  
1.225e+00  4.133e-01  
1.469e+00  2.837e-01  
1.029e+00  4.571e-01  
1.243e+00  3.865e-01  
1.396e+00  1.787e-01  
1.394e+00  9.988e-02  
1.227e+00  4.354e-01  
1.353e+00  3.830e-02  
1.010e+00  4.162e-01  
1.359e+00  2.969e-01  
1.270e+00  3.860e-01  
1.065e+00  4.363e-01  
1.471e+00  2.663e-01  
1.356e+00  8.945e-02  
1.366e+00  4.429e-02  
1.242e+00  3.536e-01  
9.796e-01  4.159e-01  
1.330e+00  2.882e-01  
1.202e+00  4.403e-01  
9.480e-01  5.111e-01  
1.000e+00  4.847e-01  
1.377e+00  2.796e-01  
1.394e+00  9.988e-02  
1.390e+00  2.847e-01  
9.463e-01  5.466e-01  
9.480e-01  5.111e-01  
1.288e+00  3.546e-01  
1.268e+00  3.570e-01  
1.374e+00  9.087e-02  
1.062e+00  4.256e-01  
1.242e+00  3.536e-01  
