1.680e-02  1.014e+00  
9.796e-01  4.762e-02  
4.192e-01  4.072e-01  
6.510e-01  2.250e-01  
1.923e-01  6.436e-01  
4.954e-01  3.318e-01  
3.606e-02  8.904e-01  
3.016e-01  5.047e-01  
9.673e-01  1.330e-01  
9.763e-01  6.352e-02  
3.606e-02  8.904e-01  
4.495e-01  3.726e-01  
6.490e-01  3.026e-01  
2.619e-01  5.704e-01  
3.375e-01  4.688e-01  
7.679e-01  2.063e-01  
1.537e-01  6.853e-01  
1.311e-01  7.118e-01  
6.395e-01  2.357e-01  
9.594e-01  1.512e-01  
2.817e-01  5.496e-01  
4.470e-01  3.838e-01  
3.517e-01  4.519e-01  
9.764e-01  1.375e-01  
4.822e-01  3.389e-01  
9.745e-01  5.839e-02  
2.619e-01  5.704e-01  
3.442e-02  9.608e-01  
3.333e-01  4.843e-01  
6.464e-02  8.406e-01  
6.510e-01  2.250e-01  
7.131e-01  2.062e-01  
2.172e-01  6.341e-01  
7.001e-01  2.110e-01  
9.677e-01  5.563e-02  
4.528e-02  9.276e-01  
2.673e-01  5.585e-01  
9.098e-02  7.592e-01  
9.918e-02  8.145e-01  
5.251e-01  3.374e-01  
3.448e-01  5.051e-01  
4.954e-01  3.318e-01  
3.375e-01  4.688e-01  
2.471e-01  5.917e-01  
1.299e-01  7.175e-01  
6.426e-01  2.390e-01  
4.919e-01  3.592e-01  
9.716e-01  6.738e-02  
4.677e-01  3.795e-01  
2.144e-01  5.971e-01  
3.782e-01  4.525e-01  
2.768e-01  5.517e-01  
1.797e-02  9.583e-01  
6.272e-01  2.402e-01  
4.641e-02  9.754e-01  
4.192e-01  4.072e-01  
6.272e-01  2.402e-01  
9.894e-01  3.345e-02  
1.807e-01  6.678e-01  
9.686e-01  1.088e-01  
9.587e-01  1.557e-01  
3.424e-01  4.744e-01  
6.947e-01  2.083e-01  
7.453e-01  2.132e-01  
1.728e-01  6.480e-01  
7.453e-01  2.132e-01  
9.918e-02  8.145e-01  
6.535e-01  2.493e-01  
4.396e-01  4.078e-01  
4.495e-01  3.726e-01  
7.594e-01  2.081e-01  
1.923e-01  6.436e-01  
6.378e-01  2.721e-01  
2.494e-01  5.516e-01  
4.192e-01  4.072e-01  
1.311e-01  7.118e-01  
1.109e-01  7.487e-01  
7.019e-01  2.053e-01  
4.884e-01  3.310e-01  
9.763e-01  6.352e-02  
4.866e-01  3.363e-01  
2.088e-01  5.764e-01  
3.781e-01  4.446e-01  
4.856e-01  3.387e-01  
3.545e-01  4.699e-01  
4.923e-01  3.333e-01  
1.518e-01  7.258e-01  
4.564e-02  8.640e-01  
3.205e-01  4.816e-01  
4.923e-01  3.333e-01  
2.172e-01  6.341e-01  
6.947e-01  2.083e-01  
9.728e-01  4.133e-02  
1.855e-02  1.000e+00  
9.621e-01  1.383e-01  
2.274e-01  5.826e-01  
3.796e-01  4.598e-01  
6.312e-01  2.510e-01  
2.068e-01  5.672e-01  
4.677e-01  3.795e-01  
3.606e-02  8.904e-01  
1.382e-01  7.335e-01  
4.715e-01  3.433e-01  
9.374e-02  8.082e-01  
6.395e-01  2.357e-01  
9.587e-01  1.240e-01  
2.218e-02  9.502e-01  
4.280e-01  4.103e-01  
6.378e-01  2.721e-01  
7.077e-01  2.116e-01  
3.545e-01  4.699e-01  
1.728e-01  6.480e-01  
3.026e-01  5.636e-01  
3.382e-01  4.674e-01  
2.619e-01  5.704e-01  
9.686e-01  1.088e-01  
1.656e-01  6.704e-01  
9.760e-01  1.009e-01  
1.855e-02  1.000e+00  
9.673e-01  1.330e-01  
9.877e-01  4.624e-02  
2.202e-01  5.831e-01  
9.796e-01  4.762e-02  
1.400e-01  7.290e-01  
7.453e-01  2.132e-01  
1.232e-02  9.953e-01  
9.764e-01  1.375e-01  
3.375e-01  4.688e-01  
9.905e-01  3.298e-02  
3.368e-01  4.841e-01  
9.584e-01  9.832e-02  
1.398e-01  7.880e-01  
1.311e-01  7.118e-01  
3.606e-02  8.904e-01  
1.005e+00  2.756e-02  
9.603e-01  1.493e-01  
9.727e-01  6.727e-02  
2.356e-01  5.478e-01  
7.453e-01  2.132e-01  
2.172e-01  6.341e-01  
3.606e-02  8.904e-01  
6.363e-01  2.559e-01  
6.610e-01  2.449e-01  
2.912e-01  5.207e-01  
3.500e-01  4.676e-01  
3.782e-01  4.525e-01  
1.923e-01  6.436e-01  
5.233e-01  3.770e-01  
9.374e-02  8.082e-01  
2.327e-01  5.792e-01  
2.912e-01  5.207e-01  
6.507e-01  2.433e-01  
3.026e-01  5.636e-01  
4.389e-01  3.816e-01  
1.924e-01  6.034e-01  
6.241e-01  3.293e-01  
1.537e-01  6.853e-01  
2.088e-01  5.764e-01  
4.495e-01  3.726e-01  
6.404e-01  2.413e-01  
6.326e-01  2.410e-01  
2.768e-01  5.517e-01  
4.814e-01  3.609e-01  
1.528e-01  6.464e-01  
3.457e-01  4.737e-01  
3.262e-01  5.304e-01  
3.512e-01  4.724e-01  
4.954e-01  3.318e-01  
9.884e-01  7.262e-02  
4.814e-01  3.609e-01  
4.021e-01  4.091e-01  
6.231e-01  3.231e-01  
1.680e-02  1.014e+00  
5.002e-01  3.640e-01  
3.314e-02  8.843e-01  
5.223e-01  3.323e-01  
9.374e-02  8.082e-01  
3.781e-01  4.446e-01  
9.374e-02  8.082e-01  
4.807e-01  3.881e-01  
6.535e-01  2.493e-01  
2.616e-01  5.528e-01  
3.382e-01  4.674e-01  
3.744e-01  4.613e-01  
9.612e-01  1.705e-01  
7.594e-01  2.048e-01  
2.202e-01  5.796e-01  
3.744e-01  4.613e-01  
4.822e-01  3.389e-01  
3.382e-01  4.674e-01  
4.502e-01  4.028e-01  
4.923e-01  3.333e-01  
4.192e-01  4.072e-01  
3.669e-01  4.758e-01  
9.742e-01  4.350e-02  
6.828e-01  2.106e-01  
3.457e-01  4.737e-01  
6.395e-01  2.357e-01  
3.261e-01  4.907e-01  
1.398e-01  7.880e-01  
5.233e-01  3.770e-01  
2.222e-01  5.537e-01  
4.389e-01  3.816e-01  
9.619e-01  7.021e-02  
2.912e-01  5.207e-01  
6.301e-01  2.419e-01  
4.814e-01  3.609e-01  
7.161e-02  8.085e-01  
7.679e-01  2.063e-01  
2.826e-02  9.271e-01  
9.689e-01  6.563e-02  
6.374e-01  2.778e-01  
6.326e-01  2.410e-01  
1.885e-01  6.381e-01  
4.345e-01  4.066e-01  
9.712e-01  4.369e-02  
7.453e-01  2.132e-01  
6.883e-01  2.220e-01  
6.883e-01  2.220e-01  
9.098e-02  7.592e-01  
2.068e-01  5.672e-01  
2.172e-01  6.341e-01  
1.405e-01  7.259e-01  
7.077e-01  2.116e-01  
1.031e+00  8.114e-02  
1.923e-01  6.436e-01  
1.726e-01  7.216e-01  
1.568e-01  6.747e-01  
2.808e-01  5.418e-01  
3.235e-02  8.680e-01  
9.591e-01  1.395e-01  
9.759e-01  8.426e-02  
9.405e-03  1.040e+00  
3.457e-01  4.737e-01  
6.955e-01  2.198e-01  
7.629e-01  2.052e-01  
3.262e-01  5.304e-01  
3.314e-02  8.843e-01  
1.382e-01  7.335e-01  
6.237e-01  2.848e-01  
1.595e-02  9.813e-01  
4.168e-02  8.572e-01  
9.619e-01  7.021e-02  
1.760e-01  7.678e-01  
9.760e-01  1.009e-01  
9.591e-01  1.395e-01  
2.297e-01  5.751e-01  
9.716e-01  6.738e-02  
2.619e-01  5.704e-01  
1.797e-02  9.583e-01  
9.587e-01  1.240e-01  
9.638e-01  7.380e-02  
3.235e-02  8.680e-01  
6.507e-01  2.433e-01  
9.613e-01  7.692e-02  
9.745e-01  5.839e-02  
9.823e-01  4.579e-02  
9.742e-01  4.350e-02  
2.494e-01  5.516e-01  
9.884e-01  7.262e-02  
6.820e-01  2.074e-01  
7.095e-01  2.100e-01  
9.587e-01  1.557e-01  
1.855e-02  1.000e+00  
4.502e-01  4.028e-01  
9.686e-01  1.088e-01  
9.594e-01  1.512e-01  
7.629e-01  2.052e-01  
3.314e-02  8.843e-01  
2.578e-01  5.480e-01  
6.584e-02  7.996e-01  
1.656e-01  6.704e-01  
4.593e-01  4.029e-01  
3.261e-01  4.907e-01  
3.262e-01  5.304e-01  
6.947e-01  2.083e-01  
1.382e-01  7.335e-01  
1.656e-01  6.704e-01  
6.272e-01  2.402e-01  
1.855e-02  1.000e+00  
3.606e-02  8.904e-01  
2.202e-01  5.796e-01  
6.376e-01  2.502e-01  
6.426e-01  2.390e-01  
2.102e-01  5.809e-01  
1.503e-02  9.633e-01  
9.724e-01  7.057e-02  
1.299e-01  7.175e-01  
4.528e-02  9.276e-01  
1.537e-01  6.853e-01  
5.315e-01  3.291e-01  
4.677e-01  3.795e-01  
6.151e-02  7.813e-01  
6.395e-01  2.357e-01  
6.231e-01  3.231e-01  
3.382e-01  4.674e-01  
3.573e-01  4.462e-01  
2.274e-01  5.826e-01  
6.326e-01  2.410e-01  
4.192e-01  4.072e-01  
2.699e-02  9.314e-01  
3.545e-01  4.699e-01  
6.395e-01  2.512e-01  
4.389e-01  3.816e-01  
3.382e-01  4.674e-01  
4.866e-01  3.363e-01  
4.528e-02  9.276e-01  
3.375e-01  4.688e-01  
5.233e-01  3.770e-01  
3.836e-01  4.684e-01  
1.537e-01  6.853e-01  
2.202e-01  5.796e-01  
4.502e-01  4.028e-01  
7.656e-01  2.074e-01  
1.382e-01  7.335e-01  
4.192e-01  4.072e-01  
6.294e-01  3.313e-01  
6.261e-01  2.494e-01  
2.175e-01  5.776e-01  
4.822e-01  3.389e-01  
5.058e-01  3.473e-01  
6.241e-01  3.293e-01  
2.494e-01  5.516e-01  
9.587e-01  1.240e-01  
2.942e-01  5.162e-01  
1.299e-01  7.175e-01  
9.715e-01  7.152e-02  
6.301e-01  2.419e-01  
6.374e-01  2.778e-01  
4.964e-02  9.500e-01  
4.761e-01  4.009e-01  
3.836e-01  4.684e-01  
3.730e-01  4.627e-01  
1.382e-01  7.335e-01  
2.088e-01  5.764e-01  
3.250e-01  4.696e-01  
4.822e-01  3.389e-01  
9.619e-01  7.021e-02  
3.573e-01  4.462e-01  
2.619e-01  5.704e-01  
6.395e-01  2.357e-01  
3.026e-01  5.636e-01  
4.389e-01  3.816e-01  
6.241e-01  3.293e-01  
2.145e-01  5.866e-01  
9.632e-01  1.678e-01  
1.508e-01  7.367e-01  
5.030e-01  3.467e-01  
1.728e-01  6.480e-01  
4.226e-01  4.014e-01  
5.002e-01  3.640e-01  
1.656e-01  6.704e-01  
2.004e-01  6.022e-01  
9.621e-01  1.383e-01  
3.375e-01  4.688e-01  
3.545e-01  4.699e-01  
6.245e-01  2.457e-01  
3.333e-01  4.843e-01  
3.368e-01  4.970e-01  
3.573e-01  4.462e-01  
9.098e-02  7.592e-01  
4.173e-01  4.224e-01  
4.495e-01  3.726e-01  
4.528e-02  9.276e-01  
3.368e-01  4.841e-01  
2.619e-01  5.704e-01  
7.019e-01  2.053e-01  
5.277e-01  3.658e-01  
6.294e-01  3.313e-01  
6.261e-01  2.494e-01  
3.545e-01  4.699e-01  
3.040e-01  4.973e-01  
2.535e-01  5.464e-01  
4.941e-01  3.646e-01  
6.374e-01  2.778e-01  
5.133e-01  3.434e-01  
7.629e-01  2.052e-01  
2.088e-01  5.764e-01  
9.619e-01  7.021e-02  
5.114e-02  8.890e-01  
6.241e-01  3.293e-01  
5.233e-01  3.770e-01  
3.448e-01  5.051e-01  
5.017e-01  3.505e-01  
6.151e-02  7.813e-01  
4.502e-01  4.028e-01  
3.250e-01  4.696e-01  
4.715e-01  3.433e-01  
1.031e+00  8.114e-02  
6.404e-01  2.413e-01  
4.923e-01  3.333e-01  
1.299e-01  7.175e-01  
1.297e-02  9.840e-01  
2.673e-01  5.585e-01  
9.587e-01  1.557e-01  
3.333e-01  4.843e-01  
6.947e-01  2.083e-01  
1.348e-02  9.620e-01  
9.889e-01  8.873e-02  
5.058e-01  3.473e-01  
2.202e-01  5.796e-01  
6.510e-01  2.250e-01  
3.235e-02  8.680e-01  
9.594e-01  1.512e-01  
9.612e-01  1.705e-01  
7.161e-02  8.085e-01  
2.494e-01  5.516e-01  
3.573e-01  4.462e-01  
4.077e-01  5.019e-01  
9.634e-01  1.110e-01  
7.077e-01  2.116e-01  
1.528e-01  6.464e-01  
7.095e-01  2.100e-01  
6.614e-01  2.202e-01  
3.262e-01  5.304e-01  
4.677e-01  3.795e-01  
2.912e-01  5.207e-01  
4.593e-01  4.029e-01  
4.946e-01  3.525e-01  
2.068e-01  5.672e-01  
7.077e-01  2.116e-01  
2.172e-01  6.341e-01  
9.760e-01  1.009e-01  
2.222e-01  5.537e-01  
4.280e-01  4.103e-01  
3.375e-01  4.688e-01  
1.537e-01  6.853e-01  
1.793e-01  6.696e-01  
4.866e-01  3.363e-01  
6.610e-01  2.449e-01  
6.582e-01  2.292e-01  
3.016e-01  5.047e-01  
6.448e-01  3.092e-01  
6.326e-01  2.410e-01  
5.503e-02  8.324e-01  
6.610e-01  2.449e-01  
9.760e-01  1.009e-01  
1.526e-01  6.318e-01  
1.495e-01  6.808e-01  
3.262e-01  5.304e-01  
3.836e-01  4.684e-01  
1.728e-01  6.480e-01  
1.562e-01  7.331e-01  
3.457e-01  4.737e-01  
3.026e-01  5.636e-01  
4.822e-01  3.389e-01  
7.102e-01  2.135e-01  
4.528e-02  9.276e-01  
9.632e-01  1.678e-01  
3.782e-01  4.525e-01  
6.584e-02  7.996e-01  
1.273e-01  7.186e-01  
6.947e-01  2.083e-01  
2.222e-01  5.537e-01  
1.526e-01  6.318e-01  
2.616e-01  5.528e-01  
9.798e-01  4.767e-02  
9.695e-01  1.231e-01  
2.673e-01  5.585e-01  
9.742e-01  4.350e-02  
4.884e-01  3.310e-01  
2.578e-01  5.480e-01  
9.681e-01  1.119e-01  
2.106e-01  6.361e-01  
3.235e-02  8.680e-01  
9.949e-01  3.035e-02  
2.202e-01  5.796e-01  
1.062e-01  7.573e-01  
7.077e-01  2.116e-01  
9.677e-01  5.563e-02  
6.758e-01  2.263e-01  
9.632e-01  1.678e-01  
9.728e-01  7.583e-02  
1.807e-01  6.678e-01  
2.172e-01  6.341e-01  
6.950e-01  2.167e-01  
6.301e-01  2.419e-01  
9.796e-01  4.762e-02  
5.251e-01  3.374e-01  
6.559e-01  2.402e-01  
6.947e-01  2.083e-01  
9.739e-01  5.657e-02  
9.884e-01  7.262e-02  
6.464e-02  8.406e-01  
1.382e-01  7.335e-01  
7.131e-01  2.062e-01  
4.964e-02  9.500e-01  
9.632e-01  1.678e-01  
2.274e-01  5.826e-01  
3.235e-02  8.680e-01  
3.127e-01  5.515e-01  
9.604e-02  8.386e-01  
1.793e-01  6.696e-01  
2.552e-02  9.130e-01  
9.631e-01  1.276e-01  
9.742e-01  4.350e-02  
9.952e-01  3.583e-02  
6.464e-02  8.406e-01  
1.680e-02  1.014e+00  
9.632e-01  1.678e-01  
9.808e-02  7.919e-01  
9.715e-01  7.152e-02  
9.823e-01  4.579e-02  
9.742e-01  4.350e-02  
3.314e-02  8.843e-01  
9.798e-01  4.767e-02  
1.348e-02  9.620e-01  
9.889e-01  8.873e-02  
9.763e-01  6.352e-02  
6.464e-02  8.406e-01  
7.453e-01  2.132e-01  
9.745e-01  5.839e-02  
1.082e-01  7.427e-01  
9.727e-01  6.727e-02  
9.742e-01  4.350e-02  
7.131e-01  2.062e-01  
2.699e-02  9.314e-01  
9.686e-01  1.088e-01  
9.946e-01  5.620e-02  
9.877e-01  4.624e-02  
9.763e-01  6.352e-02  
3.457e-01  4.737e-01  
9.808e-02  7.919e-01  
9.715e-01  7.152e-02  
3.235e-02  8.680e-01  
1.311e-01  7.118e-01  
5.761e-02  8.344e-01  
6.614e-01  2.202e-01  
9.591e-01  1.395e-01  
1.048e-01  7.534e-01  
7.594e-01  2.048e-01  
9.881e-01  3.980e-02  
2.356e-01  5.478e-01  
2.356e-01  5.478e-01  
3.127e-01  5.515e-01  
4.822e-01  3.389e-01  
9.686e-01  1.088e-01  
1.348e-02  9.620e-01  
1.656e-01  6.704e-01  
9.889e-01  8.873e-02  
7.019e-01  2.053e-01  
7.837e-02  7.789e-01  
9.745e-01  5.839e-02  
4.884e-01  3.310e-01  
3.545e-01  4.699e-01  
9.798e-01  4.767e-02  
6.902e-01  2.116e-01  
7.102e-01  2.135e-01  
2.912e-01  5.207e-01  
2.494e-01  5.516e-01  
7.161e-02  8.085e-01  
3.314e-02  8.843e-01  
1.865e-01  6.363e-01  
2.007e-01  6.378e-01  
4.593e-01  4.029e-01  
5.212e-01  3.805e-01  
3.261e-01  4.907e-01  
9.621e-01  1.383e-01  
3.448e-01  5.051e-01  
5.241e-01  3.578e-01  
9.632e-01  1.678e-01  
7.161e-02  8.085e-01  
7.131e-01  2.062e-01  
2.912e-01  5.207e-01  
3.026e-01  5.636e-01  
9.946e-01  5.620e-02  
3.514e-01  4.589e-01  
1.528e-01  6.464e-01  
2.744e-01  5.578e-01  
2.494e-01  5.516e-01  
6.326e-01  2.410e-01  
1.565e-01  7.150e-01  
3.579e-01  4.768e-01  
9.889e-01  8.873e-02  
7.131e-01  2.062e-01  
2.379e-01  5.753e-01  
9.873e-01  4.263e-02  
1.311e-01  7.118e-01  
4.996e-01  3.365e-01  
3.876e-01  4.309e-01  
9.918e-02  8.145e-01  
6.301e-01  2.419e-01  
9.689e-01  6.563e-02  
9.798e-01  4.767e-02  
4.375e-01  4.128e-01  
6.584e-02  7.987e-01  
4.280e-01  4.103e-01  
3.026e-01  5.636e-01  
1.348e-02  9.620e-01  
1.062e-01  7.573e-01  
5.058e-01  3.473e-01  
6.614e-01  2.202e-01  
5.251e-01  3.374e-01  
9.405e-03  1.040e+00  
1.855e-02  1.000e+00  
4.593e-01  4.029e-01  
4.243e-01  4.027e-01  
6.404e-01  2.413e-01  
1.728e-01  6.480e-01  
3.782e-01  4.525e-01  
