4.152e-03  1.095e+00  
1.019e+00  5.872e-05  
3.811e-01  4.091e-01  
6.990e-01  2.283e-01  
2.047e-01  6.861e-01  
6.052e-01  2.889e-01  
6.127e-02  1.001e+00  
3.138e-01  5.393e-01  
8.511e-01  1.065e-01  
1.003e+00  2.276e-02  
4.088e-02  9.918e-01  
4.863e-01  3.773e-01  
6.319e-01  2.356e-01  
2.716e-01  5.764e-01  
3.373e-01  5.720e-01  
7.329e-01  1.670e-01  
1.920e-01  8.396e-01  
9.217e-02  9.863e-01  
5.576e-01  2.981e-01  
8.165e-01  1.328e-01  
3.187e-01  5.510e-01  
4.370e-01  3.984e-01  
3.764e-01  4.439e-01  
9.184e-01  8.242e-02  
5.044e-01  3.279e-01  
9.990e-01  2.084e-02  
2.580e-01  5.895e-01  
2.280e-02  9.921e-01  
3.409e-01  5.156e-01  
7.359e-02  9.792e-01  
6.319e-01  2.356e-01  
7.289e-01  2.076e-01  
2.047e-01  6.861e-01  
7.517e-01  1.853e-01  
9.822e-01  3.778e-02  
4.088e-02  9.918e-01  
2.668e-01  5.684e-01  
1.573e-01  9.555e-01  
2.408e-02  9.932e-01  
5.240e-01  3.119e-01  
3.660e-01  4.435e-01  
5.727e-01  3.008e-01  
2.995e-01  4.892e-01  
2.544e-01  6.056e-01  
1.633e-01  9.402e-01  
6.941e-01  2.414e-01  
4.706e-01  3.728e-01  
9.571e-01  7.769e-02  
4.433e-01  3.732e-01  
2.519e-01  6.221e-01  
4.488e-01  4.049e-01  
3.339e-01  5.330e-01  
4.189e-03  1.045e+00  
5.795e-01  2.791e-01  
4.088e-02  9.918e-01  
3.853e-01  4.143e-01  
6.319e-01  2.356e-01  
9.799e-01  1.518e-02  
2.053e-01  7.712e-01  
8.511e-01  1.065e-01  
8.165e-01  1.328e-01  
3.463e-01  5.209e-01  
7.822e-01  1.603e-01  
7.043e-01  2.111e-01  
2.137e-01  8.687e-01  
8.100e-01  1.362e-01  
8.683e-02  9.813e-01  
6.319e-01  2.356e-01  
4.282e-01  3.907e-01  
4.617e-01  3.706e-01  
7.176e-01  1.804e-01  
2.378e-01  7.997e-01  
5.982e-01  2.934e-01  
3.118e-01  5.326e-01  
3.660e-01  4.435e-01  
1.732e-01  8.686e-01  
7.605e-02  9.823e-01  
7.730e-01  1.963e-01  
5.506e-01  2.965e-01  
9.649e-01  5.093e-02  
5.579e-01  2.998e-01  
2.668e-01  5.684e-01  
3.845e-01  4.143e-01  
5.185e-01  3.425e-01  
3.444e-01  4.767e-01  
4.822e-01  3.396e-01  
1.689e-01  8.942e-01  
4.696e-02  9.889e-01  
3.409e-01  5.156e-01  
5.097e-01  3.407e-01  
2.568e-01  5.835e-01  
6.709e-01  2.306e-01  
1.023e+00  1.894e-02  
2.773e-02  1.006e+00  
8.165e-01  1.328e-01  
2.568e-01  5.835e-01  
3.660e-01  4.435e-01  
5.795e-01  2.791e-01  
2.716e-01  5.764e-01  
4.617e-01  3.706e-01  
4.446e-03  9.993e-01  
1.633e-01  9.402e-01  
4.822e-01  3.578e-01  
2.437e-02  1.011e+00  
6.117e-01  2.615e-01  
8.175e-01  1.477e-01  
2.280e-02  9.921e-01  
4.488e-01  4.049e-01  
6.052e-01  2.889e-01  
7.176e-01  1.804e-01  
3.573e-01  4.364e-01  
2.189e-01  7.079e-01  
2.988e-01  5.508e-01  
3.444e-01  5.499e-01  
2.811e-01  5.444e-01  
8.427e-01  9.901e-02  
1.865e-01  8.509e-01  
7.602e-01  1.628e-01  
4.189e-03  1.045e+00  
8.622e-01  1.164e-01  
1.000e+00  2.611e-03  
2.654e-01  7.091e-01  
1.023e+00  1.894e-02  
2.251e-01  7.762e-01  
6.767e-01  2.182e-01  
2.570e-03  1.049e+00  
9.270e-01  8.164e-02  
3.262e-01  5.178e-01  
1.018e+00  5.112e-04  
3.138e-01  5.393e-01  
9.184e-01  8.242e-02  
1.573e-01  9.223e-01  
1.989e-01  7.261e-01  
9.771e-02  9.758e-01  
1.000e+00  1.707e-02  
8.930e-01  8.531e-02  
9.999e-01  4.969e-03  
2.704e-01  6.062e-01  
8.168e-01  1.850e-01  
2.447e-01  7.370e-01  
2.773e-02  1.006e+00  
5.579e-01  2.998e-01  
7.260e-01  2.469e-01  
2.988e-01  5.508e-01  
3.853e-01  4.143e-01  
4.240e-01  4.293e-01  
2.189e-01  7.079e-01  
4.822e-01  3.578e-01  
9.347e-02  9.903e-01  
2.469e-01  5.932e-01  
3.057e-01  5.835e-01  
7.569e-01  1.953e-01  
2.811e-01  5.437e-01  
4.423e-01  4.022e-01  
2.104e-01  6.947e-01  
5.631e-01  2.990e-01  
1.802e-01  8.530e-01  
2.469e-01  5.932e-01  
4.863e-01  3.773e-01  
5.727e-01  3.008e-01  
5.795e-01  2.791e-01  
2.972e-01  5.847e-01  
4.863e-01  3.773e-01  
1.689e-01  8.942e-01  
3.539e-01  4.273e-01  
3.444e-01  5.499e-01  
3.931e-01  4.559e-01  
5.282e-01  3.543e-01  
9.822e-01  3.778e-02  
5.576e-01  2.981e-01  
3.853e-01  4.143e-01  
5.976e-01  3.111e-01  
1.025e-02  1.018e+00  
4.693e-01  3.608e-01  
3.433e-02  9.824e-01  
5.044e-01  3.279e-01  
9.217e-02  9.863e-01  
3.853e-01  4.143e-01  
6.127e-02  1.001e+00  
4.863e-01  3.773e-01  
6.319e-01  2.356e-01  
3.250e-01  5.758e-01  
3.764e-01  4.439e-01  
3.931e-01  4.559e-01  
8.081e-01  1.342e-01  
7.636e-01  1.775e-01  
2.654e-01  7.091e-01  
3.495e-01  4.785e-01  
4.706e-01  3.728e-01  
3.337e-01  4.649e-01  
4.819e-01  3.810e-01  
5.662e-01  3.096e-01  
4.488e-01  4.049e-01  
4.240e-01  4.293e-01  
1.001e+00  2.821e-02  
7.569e-01  1.953e-01  
3.900e-01  5.233e-01  
6.709e-01  2.306e-01  
3.531e-01  4.457e-01  
1.633e-01  9.402e-01  
5.579e-01  2.998e-01  
2.634e-01  6.051e-01  
4.240e-01  4.293e-01  
9.007e-01  1.032e-01  
2.990e-01  5.715e-01  
6.410e-01  2.813e-01  
4.863e-01  3.773e-01  
9.144e-03  9.949e-01  
7.633e-01  1.504e-01  
2.773e-02  1.006e+00  
9.272e-01  5.085e-02  
6.554e-01  2.829e-01  
5.929e-01  2.776e-01  
1.989e-01  7.261e-01  
4.265e-01  3.656e-01  
9.446e-01  5.776e-02  
7.176e-01  1.804e-01  
6.767e-01  2.182e-01  
7.043e-01  2.111e-01  
9.236e-02  9.758e-01  
2.544e-01  6.056e-01  
1.920e-01  8.396e-01  
1.761e-01  8.963e-01  
6.754e-01  2.290e-01  
1.001e+00  1.115e-02  
2.236e-01  7.701e-01  
2.053e-01  7.712e-01  
1.989e-01  7.261e-01  
2.568e-01  5.835e-01  
2.437e-02  1.011e+00  
8.031e-01  1.475e-01  
9.571e-01  7.769e-02  
4.152e-03  1.095e+00  
3.207e-01  4.891e-01  
6.938e-01  2.220e-01  
7.569e-01  1.953e-01  
3.118e-01  5.023e-01  
3.650e-02  9.864e-01  
4.446e-03  9.993e-01  
6.410e-01  2.813e-01  
1.285e-02  9.994e-01  
2.704e-02  9.874e-01  
9.184e-01  8.242e-02  
2.053e-01  7.712e-01  
8.511e-01  1.065e-01  
8.287e-01  1.332e-01  
2.580e-01  5.895e-01  
9.571e-01  7.769e-02  
2.568e-01  5.835e-01  
1.454e-02  9.932e-01  
8.100e-01  1.362e-01  
8.622e-01  1.164e-01  
5.546e-02  9.876e-01  
6.991e-01  2.054e-01  
9.184e-01  8.242e-02  
1.018e+00  5.112e-04  
1.000e+00  1.302e-04  
1.000e+00  2.611e-03  
2.704e-01  6.062e-01  
1.000e+00  1.707e-02  
7.289e-01  2.076e-01  
7.316e-01  1.730e-01  
8.528e-01  1.405e-01  
4.446e-03  9.993e-01  
3.660e-01  4.435e-01  
8.850e-01  1.190e-01  
7.822e-01  1.603e-01  
7.215e-01  1.809e-01  
4.494e-02  1.005e+00  
3.035e-01  5.652e-01  
5.546e-02  9.876e-01  
2.378e-01  7.997e-01  
4.651e-01  4.118e-01  
3.660e-01  4.435e-01  
3.187e-01  5.510e-01  
8.528e-01  1.405e-01  
8.877e-02  9.768e-01  
2.267e-01  7.490e-01  
6.841e-01  2.354e-01  
9.217e-02  9.863e-01  
7.359e-02  9.792e-01  
2.580e-01  5.895e-01  
6.410e-01  2.813e-01  
6.319e-01  2.356e-01  
2.189e-01  7.079e-01  
8.729e-03  1.018e+00  
8.165e-01  1.328e-01  
1.633e-01  9.402e-01  
9.144e-03  9.949e-01  
1.689e-01  8.942e-01  
5.240e-01  3.119e-01  
4.726e-01  3.982e-01  
7.359e-02  9.792e-01  
6.082e-01  2.837e-01  
5.814e-01  2.998e-01  
3.958e-01  4.707e-01  
4.127e-01  4.555e-01  
2.704e-01  6.062e-01  
6.052e-01  2.889e-01  
3.993e-01  3.917e-01  
6.007e-03  9.996e-01  
4.054e-01  4.595e-01  
6.586e-01  2.275e-01  
4.819e-01  3.810e-01  
3.626e-01  4.209e-01  
4.983e-01  3.950e-01  
1.981e-02  9.911e-01  
3.845e-01  4.143e-01  
4.706e-01  3.728e-01  
4.250e-01  4.558e-01  
1.747e-01  8.759e-01  
2.559e-01  6.246e-01  
3.660e-01  4.435e-01  
7.520e-01  1.809e-01  
6.127e-02  1.001e+00  
4.726e-01  3.982e-01  
5.576e-01  2.981e-01  
5.606e-01  2.902e-01  
2.668e-01  5.684e-01  
5.391e-01  3.178e-01  
5.240e-01  3.119e-01  
5.579e-01  2.998e-01  
2.972e-01  5.847e-01  
8.417e-01  1.185e-01  
3.149e-01  5.564e-01  
1.586e-01  9.468e-01  
9.184e-01  8.242e-02  
6.319e-01  2.356e-01  
6.990e-01  2.283e-01  
8.877e-02  9.768e-01  
4.240e-01  4.293e-01  
3.811e-01  4.091e-01  
4.054e-01  4.595e-01  
1.659e-01  8.671e-01  
2.568e-01  5.835e-01  
3.428e-01  5.144e-01  
5.929e-01  2.776e-01  
9.007e-01  1.032e-01  
3.373e-01  5.720e-01  
2.730e-01  6.958e-01  
6.319e-01  2.356e-01  
2.716e-01  5.764e-01  
4.345e-01  3.816e-01  
5.576e-01  2.981e-01  
2.654e-01  7.091e-01  
8.528e-01  1.405e-01  
1.865e-01  8.509e-01  
5.044e-01  3.279e-01  
2.234e-01  7.803e-01  
4.111e-01  4.066e-01  
4.706e-01  3.728e-01  
2.021e-01  7.171e-01  
2.567e-01  7.141e-01  
8.031e-01  1.475e-01  
3.444e-01  4.767e-01  
3.900e-01  5.233e-01  
6.052e-01  2.889e-01  
3.444e-01  4.767e-01  
3.428e-01  5.144e-01  
3.853e-01  4.143e-01  
7.359e-02  9.792e-01  
4.360e-01  4.256e-01  
4.360e-01  4.256e-01  
1.981e-02  9.911e-01  
3.573e-01  4.364e-01  
3.118e-01  5.023e-01  
7.778e-01  1.782e-01  
5.795e-01  2.791e-01  
5.579e-01  2.998e-01  
6.371e-01  2.488e-01  
3.463e-01  5.209e-01  
3.250e-01  5.758e-01  
3.250e-01  5.758e-01  
4.822e-01  3.578e-01  
6.286e-01  2.430e-01  
5.662e-01  3.096e-01  
7.569e-01  1.953e-01  
1.969e-01  6.819e-01  
9.546e-01  5.776e-02  
4.494e-02  1.005e+00  
5.749e-01  2.857e-01  
4.822e-01  3.578e-01  
3.409e-01  5.156e-01  
5.242e-01  3.364e-01  
9.771e-02  9.758e-01  
4.423e-01  4.022e-01  
3.393e-01  5.036e-01  
4.822e-01  3.396e-01  
1.000e+00  1.707e-02  
6.767e-01  2.182e-01  
5.579e-01  2.998e-01  
1.766e-01  8.614e-01  
4.189e-03  1.045e+00  
3.344e-01  5.829e-01  
8.165e-01  1.328e-01  
3.853e-01  4.143e-01  
8.031e-01  1.475e-01  
8.729e-03  1.018e+00  
1.001e+00  1.115e-02  
5.097e-01  3.407e-01  
2.704e-01  6.062e-01  
6.991e-01  2.054e-01  
1.981e-02  9.911e-01  
8.285e-01  1.244e-01  
7.633e-01  1.504e-01  
2.202e-02  9.977e-01  
2.811e-01  5.437e-01  
3.811e-01  4.091e-01  
4.250e-01  4.558e-01  
8.730e-01  9.949e-02  
7.517e-01  1.853e-01  
1.989e-01  7.261e-01  
7.517e-01  1.853e-01  
7.043e-01  2.111e-01  
3.339e-01  5.330e-01  
4.282e-01  3.907e-01  
3.187e-01  5.510e-01  
4.417e-01  3.624e-01  
5.162e-01  3.190e-01  
2.511e-01  5.847e-01  
7.176e-01  1.804e-01  
2.580e-01  5.895e-01  
9.272e-01  5.085e-02  
3.149e-01  5.564e-01  
4.282e-01  3.907e-01  
3.444e-01  4.767e-01  
2.269e-01  8.619e-01  
2.234e-01  7.803e-01  
4.822e-01  3.578e-01  
6.554e-01  2.829e-01  
7.043e-01  2.111e-01  
3.393e-01  5.036e-01  
6.052e-01  2.889e-01  
6.052e-01  2.889e-01  
2.833e-02  9.983e-01  
6.990e-01  2.283e-01  
9.397e-01  5.981e-02  
2.041e-01  8.311e-01  
1.610e-01  8.545e-01  
3.339e-01  5.330e-01  
3.990e-01  4.004e-01  
2.378e-01  7.997e-01  
2.059e-01  7.297e-01  
3.264e-01  5.187e-01  
2.901e-01  5.903e-01  
4.863e-01  3.773e-01  
6.990e-01  2.283e-01  
8.078e-02  9.756e-01  
8.031e-01  1.475e-01  
3.845e-01  4.143e-01  
3.650e-02  9.864e-01  
1.573e-01  9.555e-01  
6.990e-01  2.283e-01  
2.519e-01  6.221e-01  
1.934e-01  7.772e-01  
2.568e-01  5.835e-01  
1.001e+00  1.115e-02  
8.427e-01  9.901e-02  
2.866e-01  5.825e-01  
9.999e-01  4.969e-03  
5.097e-01  3.407e-01  
2.730e-01  6.958e-01  
8.850e-01  1.190e-01  
2.251e-01  7.762e-01  
3.416e-03  1.002e+00  
1.001e+00  1.115e-02  
2.436e-01  6.718e-01  
1.654e-01  9.107e-01  
7.290e-01  1.847e-01  
9.397e-01  5.981e-02  
7.202e-01  2.579e-01  
8.528e-01  1.405e-01  
1.001e+00  1.115e-02  
2.053e-01  7.712e-01  
1.969e-01  6.819e-01  
7.043e-01  2.111e-01  
5.727e-01  3.008e-01  
9.721e-01  3.822e-02  
5.576e-01  2.981e-01  
6.709e-01  2.306e-01  
7.636e-01  1.775e-01  
9.446e-01  5.776e-02  
1.018e+00  1.519e-04  
3.650e-02  9.864e-01  
1.989e-01  7.261e-01  
7.416e-01  1.976e-01  
5.890e-02  9.826e-01  
8.287e-01  1.332e-01  
2.695e-01  5.786e-01  
4.088e-02  9.918e-01  
3.208e-01  5.390e-01  
2.437e-02  1.011e+00  
1.969e-01  6.819e-01  
3.416e-03  1.002e+00  
8.622e-01  1.164e-01  
9.397e-01  5.981e-02  
1.000e+00  1.707e-02  
9.771e-02  9.758e-01  
4.152e-03  1.095e+00  
8.528e-01  1.405e-01  
9.217e-02  9.863e-01  
9.272e-01  5.085e-02  
9.837e-01  3.770e-02  
1.012e+00  3.446e-02  
2.381e-02  1.004e+00  
1.000e+00  1.707e-02  
1.285e-02  9.994e-01  
1.012e+00  3.446e-02  
1.012e+00  3.446e-02  
4.088e-02  9.918e-01  
7.413e-01  1.835e-01  
1.000e+00  1.302e-04  
9.144e-03  9.949e-01  
1.000e+00  1.707e-02  
9.639e-01  4.199e-02  
7.636e-01  1.775e-01  
1.799e-02  9.912e-01  
9.007e-01  1.032e-01  
9.546e-01  5.776e-02  
1.000e+00  2.611e-03  
1.109e+00  2.601e-02  
3.186e-01  5.232e-01  
1.216e-01  9.760e-01  
1.000e+00  2.611e-03  
1.799e-02  9.912e-01  
1.632e-01  9.266e-01  
4.088e-02  9.918e-01  
6.767e-01  2.182e-01  
8.165e-01  1.328e-01  
9.144e-03  9.949e-01  
7.215e-01  1.809e-01  
1.001e+00  1.637e-03  
3.187e-01  5.510e-01  
2.469e-01  5.932e-01  
3.373e-01  5.720e-01  
5.242e-01  3.364e-01  
9.571e-01  7.769e-02  
4.924e-02  1.089e+00  
2.189e-01  7.079e-01  
9.571e-01  7.769e-02  
7.636e-01  1.775e-01  
4.446e-03  9.993e-01  
9.978e-01  4.101e-02  
5.202e-01  3.404e-01  
3.495e-01  4.785e-01  
1.001e+00  1.637e-03  
7.082e-01  2.100e-01  
6.990e-01  2.283e-01  
3.444e-01  5.499e-01  
2.972e-01  5.847e-01  
9.347e-02  9.903e-01  
9.144e-03  9.949e-01  
1.969e-01  6.819e-01  
2.429e-01  7.614e-01  
4.433e-01  3.732e-01  
4.706e-01  3.728e-01  
3.958e-01  4.707e-01  
8.511e-01  1.065e-01  
3.444e-01  5.499e-01  
5.242e-01  3.501e-01  
8.417e-01  1.185e-01  
5.890e-02  9.826e-01  
7.215e-01  1.809e-01  
3.444e-01  5.499e-01  
3.031e-01  5.092e-01  
1.023e+00  1.894e-02  
3.444e-01  4.767e-01  
1.920e-01  8.396e-01  
2.901e-01  5.903e-01  
3.187e-01  5.510e-01  
5.579e-01  2.998e-01  
1.989e-01  7.261e-01  
3.495e-01  4.785e-01  
1.001e+00  3.673e-04  
7.517e-01  1.853e-01  
2.469e-01  5.932e-01  
9.918e-01  1.382e-02  
1.641e-01  8.650e-01  
5.703e-01  3.508e-01  
4.240e-01  4.293e-01  
1.813e-01  9.093e-01  
5.795e-01  2.791e-01  
9.702e-01  6.272e-02  
1.000e+00  1.302e-04  
3.811e-01  4.091e-01  
8.683e-02  9.813e-01  
3.845e-01  4.143e-01  
2.811e-01  5.444e-01  
1.285e-02  9.994e-01  
2.437e-02  1.011e+00  
4.822e-01  3.396e-01  
6.754e-01  2.290e-01  
5.662e-01  3.096e-01  
4.189e-03  1.045e+00  
8.729e-03  1.018e+00  
4.597e-01  4.200e-01  
4.423e-01  4.022e-01  
6.319e-01  2.356e-01  
1.969e-01  6.819e-01  
3.990e-01  4.004e-01  
