2.447e-02  1.061e+00  
1.042e+00  1.454e-02  
4.165e-01  4.205e-01  
6.641e-01  2.259e-01  
2.135e-01  6.500e-01  
5.400e-01  3.248e-01  
1.426e-01  7.833e-01  
3.014e-01  5.495e-01  
9.302e-01  8.537e-02  
9.386e-01  7.298e-02  
5.755e-02  8.688e-01  
4.882e-01  3.757e-01  
6.488e-01  2.320e-01  
2.394e-01  5.586e-01  
3.587e-01  4.859e-01  
7.611e-01  1.693e-01  
1.355e-01  7.008e-01  
1.422e-01  7.625e-01  
5.594e-01  3.285e-01  
7.797e-01  1.504e-01  
2.348e-01  5.584e-01  
4.646e-01  3.965e-01  
4.012e-01  4.674e-01  
9.313e-01  7.390e-02  
5.179e-01  3.239e-01  
9.893e-01  3.298e-02  
2.366e-01  5.615e-01  
2.828e-02  8.878e-01  
3.546e-01  5.438e-01  
6.756e-02  8.246e-01  
6.482e-01  2.241e-01  
7.220e-01  2.089e-01  
1.620e-01  6.431e-01  
7.398e-01  1.908e-01  
9.435e-01  5.373e-02  
4.529e-02  8.584e-01  
2.619e-01  5.388e-01  
1.345e-01  7.771e-01  
1.019e-01  7.429e-01  
5.362e-01  3.162e-01  
3.849e-01  4.696e-01  
5.049e-01  3.274e-01  
3.356e-01  5.258e-01  
2.357e-01  5.505e-01  
1.355e-01  7.008e-01  
6.549e-01  2.293e-01  
5.049e-01  3.274e-01  
9.314e-01  7.380e-02  
4.741e-01  3.623e-01  
2.170e-01  5.666e-01  
4.012e-01  4.674e-01  
2.366e-01  5.615e-01  
2.447e-02  1.061e+00  
6.690e-01  2.195e-01  
1.016e-01  8.342e-01  
4.165e-01  4.205e-01  
6.577e-01  2.331e-01  
1.008e+00  1.923e-02  
1.960e-01  6.344e-01  
9.323e-01  8.085e-02  
7.778e-01  1.406e-01  
3.523e-01  4.800e-01  
7.816e-01  1.748e-01  
6.835e-01  2.117e-01  
1.553e-01  6.617e-01  
7.133e-01  2.048e-01  
1.016e-01  8.342e-01  
6.482e-01  2.241e-01  
4.451e-01  3.778e-01  
4.597e-01  3.542e-01  
7.133e-01  2.048e-01  
1.933e-01  6.341e-01  
6.000e-01  3.322e-01  
2.550e-01  5.630e-01  
4.012e-01  4.674e-01  
1.397e-01  6.809e-01  
1.116e-01  7.616e-01  
7.816e-01  1.748e-01  
5.179e-01  3.239e-01  
9.437e-01  6.455e-02  
5.783e-01  3.182e-01  
2.394e-01  5.586e-01  
3.803e-01  4.703e-01  
4.975e-01  3.511e-01  
3.733e-01  4.909e-01  
5.179e-01  3.239e-01  
1.464e-01  6.450e-01  
4.806e-02  1.039e+00  
3.453e-01  5.344e-01  
4.885e-01  3.318e-01  
2.170e-01  6.037e-01  
6.482e-01  2.241e-01  
9.935e-01  3.574e-02  
3.871e-02  9.029e-01  
7.808e-01  1.483e-01  
2.512e-01  5.454e-01  
3.930e-01  5.009e-01  
5.561e-01  3.136e-01  
2.547e-01  5.513e-01  
4.535e-01  3.649e-01  
6.803e-02  8.221e-01  
1.254e-01  7.163e-01  
5.108e-01  4.001e-01  
8.722e-02  7.864e-01  
6.518e-01  2.496e-01  
7.778e-01  1.406e-01  
2.545e-02  9.499e-01  
4.685e-01  4.384e-01  
6.482e-01  2.241e-01  
7.133e-01  2.048e-01  
3.805e-01  5.054e-01  
1.491e-01  6.721e-01  
2.547e-01  5.513e-01  
3.528e-01  4.792e-01  
2.226e-01  5.643e-01  
9.294e-01  6.914e-02  
1.491e-01  6.721e-01  
8.032e-01  1.858e-01  
8.722e-02  7.864e-01  
9.313e-01  7.390e-02  
9.893e-01  3.298e-02  
2.249e-01  6.159e-01  
9.405e-01  7.554e-02  
1.491e-01  6.721e-01  
6.612e-01  2.179e-01  
1.904e-02  1.105e+00  
9.302e-01  8.537e-02  
3.546e-01  5.438e-01  
1.042e+00  1.454e-02  
3.014e-01  5.495e-01  
9.329e-01  7.668e-02  
1.362e-01  6.749e-01  
1.491e-01  6.721e-01  
1.016e-01  8.342e-01  
1.008e+00  2.682e-02  
7.788e-01  1.406e-01  
1.017e+00  2.170e-02  
2.394e-01  5.586e-01  
7.661e-01  1.627e-01  
2.078e-01  5.823e-01  
3.362e-02  9.125e-01  
5.557e-01  2.946e-01  
6.841e-01  2.541e-01  
2.619e-01  5.388e-01  
3.684e-01  4.447e-01  
4.267e-01  4.007e-01  
1.905e-01  6.219e-01  
5.245e-01  3.415e-01  
1.067e-01  7.283e-01  
2.394e-01  5.586e-01  
2.961e-01  5.150e-01  
7.622e-01  1.679e-01  
2.242e-01  5.941e-01  
4.535e-01  3.649e-01  
1.933e-01  6.341e-01  
4.885e-01  3.318e-01  
1.529e-01  6.492e-01  
2.249e-01  6.159e-01  
4.741e-01  3.623e-01  
5.557e-01  2.946e-01  
6.612e-01  2.179e-01  
2.547e-01  5.513e-01  
5.561e-01  3.136e-01  
1.464e-01  6.621e-01  
3.884e-01  4.444e-01  
3.479e-01  4.945e-01  
3.679e-01  4.759e-01  
4.956e-01  3.481e-01  
9.672e-01  4.801e-02  
5.049e-01  3.274e-01  
4.165e-01  4.205e-01  
5.082e-01  3.914e-01  
2.447e-02  1.061e+00  
4.741e-01  3.623e-01  
4.806e-02  1.039e+00  
5.049e-01  3.274e-01  
1.134e-01  7.160e-01  
3.684e-01  4.447e-01  
1.116e-01  7.616e-01  
4.518e-01  3.649e-01  
6.532e-01  2.478e-01  
2.357e-01  5.505e-01  
3.972e-01  4.276e-01  
3.683e-01  4.424e-01  
9.450e-01  8.336e-02  
7.280e-01  1.797e-01  
2.110e-01  6.038e-01  
3.642e-01  4.523e-01  
4.597e-01  3.542e-01  
3.419e-01  5.117e-01  
4.617e-01  3.656e-01  
4.885e-01  3.318e-01  
4.589e-01  4.357e-01  
4.266e-01  4.558e-01  
9.725e-01  4.883e-02  
7.058e-01  1.978e-01  
3.803e-01  4.703e-01  
6.518e-01  2.496e-01  
3.280e-01  4.771e-01  
1.355e-01  7.008e-01  
4.956e-01  3.481e-01  
2.268e-01  5.609e-01  
4.441e-01  4.073e-01  
9.302e-01  8.537e-02  
2.637e-01  5.667e-01  
5.632e-01  2.823e-01  
4.597e-01  3.542e-01  
6.756e-02  8.246e-01  
7.622e-01  1.679e-01  
3.349e-02  9.738e-01  
9.307e-01  7.267e-02  
6.518e-01  2.302e-01  
5.783e-01  3.182e-01  
2.249e-01  6.159e-01  
4.465e-01  3.848e-01  
9.507e-01  6.402e-02  
7.808e-01  2.152e-01  
6.518e-01  2.302e-01  
6.693e-01  2.209e-01  
6.632e-02  8.389e-01  
2.249e-01  6.159e-01  
1.537e-01  6.608e-01  
1.422e-01  7.625e-01  
6.599e-01  2.163e-01  
1.020e+00  2.006e-02  
1.786e-01  6.126e-01  
1.450e-01  7.217e-01  
1.557e-01  6.661e-01  
2.437e-01  5.661e-01  
6.802e-02  8.030e-01  
7.133e-01  2.048e-01  
9.307e-01  7.670e-02  
2.545e-02  9.499e-01  
3.479e-01  4.945e-01  
6.612e-01  2.179e-01  
7.179e-01  1.968e-01  
3.356e-01  5.258e-01  
6.632e-02  8.389e-01  
1.426e-01  7.833e-01  
6.164e-01  2.809e-01  
2.093e-02  1.080e+00  
7.126e-02  8.793e-01  
9.294e-01  6.914e-02  
1.537e-01  6.608e-01  
9.507e-01  6.402e-02  
7.694e-01  1.585e-01  
2.274e-01  5.649e-01  
9.375e-01  7.431e-02  
2.242e-01  5.941e-01  
2.447e-02  1.061e+00  
7.776e-01  1.433e-01  
9.313e-01  7.390e-02  
5.139e-02  8.911e-01  
6.612e-01  2.179e-01  
9.314e-01  7.380e-02  
1.019e+00  1.533e-02  
9.893e-01  3.298e-02  
1.043e+00  3.158e-02  
2.461e-01  5.373e-01  
1.006e+00  3.947e-02  
6.577e-01  2.331e-01  
7.058e-01  1.978e-01  
9.323e-01  8.085e-02  
2.747e-02  9.447e-01  
5.108e-01  4.001e-01  
9.313e-01  7.390e-02  
7.661e-01  1.627e-01  
7.164e-01  1.950e-01  
6.050e-02  8.599e-01  
2.942e-01  5.752e-01  
6.050e-02  8.599e-01  
2.135e-01  6.500e-01  
4.741e-01  4.179e-01  
3.419e-01  5.117e-01  
3.419e-01  5.117e-01  
7.697e-01  1.695e-01  
9.917e-02  7.387e-01  
1.960e-01  6.344e-01  
6.541e-01  2.441e-01  
6.756e-02  8.246e-01  
8.722e-02  7.864e-01  
2.170e-01  5.666e-01  
6.328e-01  2.872e-01  
6.488e-01  2.320e-01  
2.110e-01  6.038e-01  
2.222e-02  1.039e+00  
9.294e-01  6.914e-02  
1.116e-01  7.616e-01  
5.158e-02  8.534e-01  
1.450e-01  7.217e-01  
5.783e-01  3.494e-01  
4.882e-01  3.757e-01  
1.054e-01  8.102e-01  
5.793e-01  2.826e-01  
6.000e-01  3.322e-01  
3.948e-01  4.660e-01  
4.209e-01  4.580e-01  
2.394e-01  5.586e-01  
5.557e-01  2.946e-01  
4.266e-01  4.558e-01  
2.447e-02  1.061e+00  
3.250e-01  4.676e-01  
6.690e-01  2.195e-01  
4.882e-01  3.757e-01  
3.934e-01  4.607e-01  
4.786e-01  3.640e-01  
1.016e-01  8.342e-01  
3.733e-01  4.909e-01  
4.885e-01  3.318e-01  
3.610e-01  4.456e-01  
1.422e-01  7.625e-01  
2.268e-01  5.609e-01  
4.466e-01  3.706e-01  
7.610e-01  1.769e-01  
1.067e-01  7.283e-01  
4.535e-01  3.649e-01  
5.783e-01  3.182e-01  
6.000e-01  3.322e-01  
2.357e-01  5.505e-01  
5.049e-01  3.274e-01  
5.245e-01  3.415e-01  
5.561e-01  3.136e-01  
2.665e-01  5.431e-01  
7.788e-01  1.406e-01  
2.619e-01  5.388e-01  
1.426e-01  7.833e-01  
9.323e-01  8.085e-02  
6.635e-01  2.363e-01  
6.541e-01  2.441e-01  
1.150e-01  7.173e-01  
4.882e-01  3.757e-01  
4.165e-01  4.205e-01  
3.954e-01  4.436e-01  
1.422e-01  7.625e-01  
2.268e-01  5.609e-01  
3.684e-01  4.447e-01  
5.561e-01  3.136e-01  
9.365e-01  6.207e-02  
3.884e-01  4.444e-01  
2.110e-01  6.038e-01  
6.518e-01  2.302e-01  
2.547e-01  5.513e-01  
4.646e-01  3.965e-01  
5.673e-01  3.128e-01  
2.268e-01  5.609e-01  
7.733e-01  1.454e-01  
1.464e-01  6.450e-01  
5.023e-01  3.361e-01  
1.881e-01  6.370e-01  
4.685e-01  4.384e-01  
4.882e-01  3.757e-01  
1.757e-01  6.539e-01  
2.249e-01  6.159e-01  
7.661e-01  1.627e-01  
3.545e-01  4.654e-01  
3.805e-01  5.054e-01  
5.349e-01  3.129e-01  
3.400e-01  4.920e-01  
3.805e-01  5.054e-01  
3.849e-01  4.696e-01  
8.722e-02  7.864e-01  
4.589e-01  4.357e-01  
4.266e-01  4.558e-01  
5.139e-02  8.911e-01  
3.541e-01  4.738e-01  
2.619e-01  5.388e-01  
7.611e-01  1.693e-01  
5.179e-01  3.239e-01  
5.594e-01  3.285e-01  
6.541e-01  2.267e-01  
3.479e-01  4.945e-01  
2.366e-01  5.615e-01  
2.170e-01  5.666e-01  
4.617e-01  3.656e-01  
6.599e-01  2.163e-01  
4.885e-01  3.318e-01  
7.275e-01  1.849e-01  
2.226e-01  5.643e-01  
9.307e-01  7.670e-02  
8.745e-02  7.680e-01  
5.675e-01  3.259e-01  
4.988e-01  3.756e-01  
3.479e-01  4.945e-01  
4.741e-01  3.623e-01  
1.116e-01  7.616e-01  
5.108e-01  4.001e-01  
3.453e-01  5.344e-01  
4.767e-01  3.590e-01  
9.452e-01  9.390e-02  
6.577e-01  2.331e-01  
4.956e-01  3.481e-01  
1.491e-01  6.721e-01  
2.093e-02  1.080e+00  
2.942e-01  5.752e-01  
7.816e-01  1.748e-01  
3.849e-01  4.696e-01  
7.661e-01  1.627e-01  
1.904e-02  1.105e+00  
1.013e+00  2.896e-02  
4.889e-01  3.460e-01  
2.461e-01  5.373e-01  
6.536e-01  2.256e-01  
2.545e-02  9.499e-01  
9.383e-01  9.148e-02  
9.450e-01  8.336e-02  
7.126e-02  8.793e-01  
2.619e-01  5.388e-01  
3.570e-01  4.539e-01  
3.930e-01  5.009e-01  
9.294e-01  6.914e-02  
7.661e-01  1.627e-01  
1.553e-01  6.617e-01  
6.981e-01  1.974e-01  
6.549e-01  2.176e-01  
3.479e-01  4.945e-01  
4.741e-01  4.179e-01  
2.820e-01  5.473e-01  
5.108e-01  4.001e-01  
4.885e-01  3.318e-01  
2.078e-01  5.823e-01  
6.890e-01  2.121e-01  
2.170e-01  6.037e-01  
9.313e-01  7.390e-02  
2.550e-01  5.630e-01  
4.267e-01  4.007e-01  
3.473e-01  4.645e-01  
1.666e-01  6.277e-01  
1.881e-01  6.370e-01  
4.617e-01  3.656e-01  
6.541e-01  2.441e-01  
6.491e-01  2.248e-01  
3.314e-01  4.815e-01  
5.812e-01  2.910e-01  
6.488e-01  2.320e-01  
4.052e-02  8.518e-01  
6.518e-01  2.302e-01  
9.507e-01  6.402e-02  
1.464e-01  6.621e-01  
1.553e-01  6.617e-01  
2.961e-01  5.150e-01  
3.930e-01  5.009e-01  
1.933e-01  6.341e-01  
1.491e-01  6.721e-01  
3.356e-01  5.258e-01  
2.366e-01  5.615e-01  
4.741e-01  3.623e-01  
6.634e-01  2.339e-01  
7.656e-02  7.858e-01  
7.694e-01  1.585e-01  
4.372e-01  4.582e-01  
4.052e-02  8.518e-01  
1.067e-01  7.283e-01  
6.612e-01  2.179e-01  
2.242e-01  5.941e-01  
1.529e-01  6.492e-01  
2.461e-01  5.373e-01  
1.006e+00  3.947e-02  
9.314e-01  7.380e-02  
2.461e-01  5.373e-01  
1.008e+00  2.682e-02  
4.956e-01  3.481e-01  
2.512e-01  5.454e-01  
9.302e-01  8.537e-02  
1.960e-01  6.344e-01  
2.545e-02  9.499e-01  
1.043e+00  3.158e-02  
1.984e-01  6.293e-01  
1.078e-01  7.457e-01  
7.276e-01  2.033e-01  
9.365e-01  6.207e-02  
6.541e-01  2.441e-01  
9.314e-01  7.380e-02  
1.008e+00  2.682e-02  
1.537e-01  6.608e-01  
1.618e-01  6.691e-01  
6.549e-01  2.176e-01  
5.561e-01  3.136e-01  
1.006e+00  3.947e-02  
5.245e-01  3.415e-01  
6.488e-01  2.320e-01  
7.666e-01  1.637e-01  
9.447e-01  5.987e-02  
1.020e+00  2.006e-02  
7.116e-02  8.686e-01  
1.362e-01  6.749e-01  
7.059e-01  2.087e-01  
1.016e-01  8.342e-01  
7.733e-01  1.454e-01  
2.268e-01  5.609e-01  
5.755e-02  8.688e-01  
3.226e-01  4.927e-01  
1.040e-01  7.283e-01  
1.464e-01  6.450e-01  
3.349e-02  9.738e-01  
9.307e-01  7.670e-02  
9.307e-01  7.670e-02  
9.935e-01  3.574e-02  
6.050e-02  8.599e-01  
1.904e-02  1.105e+00  
9.450e-01  8.336e-02  
1.112e-01  7.959e-01  
9.314e-01  7.380e-02  
9.683e-01  5.055e-02  
9.313e-01  7.390e-02  
3.373e-02  8.754e-01  
1.006e+00  3.947e-02  
2.447e-02  1.061e+00  
1.020e+00  2.006e-02  
9.507e-01  6.402e-02  
8.722e-02  7.864e-01  
7.398e-01  1.908e-01  
1.036e+00  1.772e-02  
9.917e-02  7.387e-01  
1.066e+00  4.026e-02  
9.507e-01  6.402e-02  
7.697e-01  1.695e-01  
3.398e-02  8.791e-01  
9.383e-01  9.148e-02  
9.387e-01  9.093e-02  
1.020e+00  2.006e-02  
9.589e-01  5.842e-02  
3.226e-01  4.927e-01  
1.078e-01  7.457e-01  
9.316e-01  7.595e-02  
6.044e-02  8.850e-01  
1.254e-01  7.163e-01  
6.403e-02  8.320e-01  
6.518e-01  2.302e-01  
7.788e-01  1.405e-01  
1.112e-01  7.959e-01  
7.816e-01  1.748e-01  
1.020e+00  2.006e-02  
2.393e-01  5.554e-01  
2.242e-01  5.941e-01  
2.942e-01  5.752e-01  
4.988e-01  3.756e-01  
9.313e-01  7.390e-02  
3.349e-02  9.738e-01  
1.960e-01  6.344e-01  
9.314e-01  7.380e-02  
7.611e-01  1.862e-01  
6.403e-02  8.320e-01  
1.043e+00  3.158e-02  
5.179e-01  3.239e-01  
3.587e-01  4.859e-01  
1.020e+00  2.006e-02  
6.612e-01  2.179e-01  
7.808e-01  2.152e-01  
3.311e-01  5.366e-01  
2.170e-01  5.666e-01  
1.016e-01  8.342e-01  
3.871e-02  9.029e-01  
2.135e-01  6.500e-01  
1.881e-01  6.370e-01  
4.659e-01  3.712e-01  
5.049e-01  3.274e-01  
3.684e-01  4.447e-01  
9.302e-01  8.537e-02  
3.749e-01  5.535e-01  
4.832e-01  3.550e-01  
9.302e-01  8.537e-02  
1.422e-01  7.625e-01  
6.972e-01  2.027e-01  
2.665e-01  5.431e-01  
2.945e-01  5.377e-01  
9.935e-01  3.574e-02  
3.587e-01  4.859e-01  
1.529e-01  6.492e-01  
2.366e-01  5.615e-01  
2.619e-01  5.388e-01  
5.793e-01  2.826e-01  
1.529e-01  6.492e-01  
3.388e-01  4.553e-01  
1.006e+00  2.756e-02  
7.006e-01  1.953e-01  
2.472e-01  5.672e-01  
9.935e-01  3.574e-02  
1.040e-01  7.283e-01  
4.975e-01  3.511e-01  
4.012e-01  4.674e-01  
1.355e-01  7.008e-01  
5.608e-01  2.847e-01  
1.043e+00  3.158e-02  
9.935e-01  3.574e-02  
4.589e-01  4.357e-01  
6.632e-02  8.389e-01  
4.267e-01  4.007e-01  
2.512e-01  5.454e-01  
2.021e-02  9.959e-01  
1.112e-01  7.959e-01  
4.741e-01  3.623e-01  
6.599e-01  2.163e-01  
5.179e-01  3.239e-01  
2.300e-02  1.042e+00  
1.904e-02  1.105e+00  
4.741e-01  4.179e-01  
4.399e-01  3.978e-01  
6.482e-01  2.241e-01  
1.537e-01  6.608e-01  
3.684e-01  4.447e-01  
