2.015e-02  9.783e-01  
9.907e-01  3.340e-02  
4.077e-01  4.382e-01  
6.399e-01  2.194e-01  
2.122e-01  6.041e-01  
5.083e-01  3.212e-01  
6.635e-02  8.169e-01  
3.518e-01  4.870e-01  
8.041e-01  1.307e-01  
9.861e-01  3.082e-02  
5.169e-02  8.351e-01  
4.741e-01  3.342e-01  
6.079e-01  2.569e-01  
2.292e-01  5.513e-01  
3.505e-01  4.573e-01  
7.619e-01  1.737e-01  
1.535e-01  6.521e-01  
1.310e-01  7.018e-01  
5.417e-01  3.082e-01  
7.644e-01  1.522e-01  
2.969e-01  5.286e-01  
4.458e-01  4.058e-01  
3.749e-01  4.573e-01  
9.897e-01  3.029e-02  
4.903e-01  3.575e-01  
9.867e-01  2.842e-02  
2.318e-01  5.921e-01  
3.311e-02  8.702e-01  
2.925e-01  4.921e-01  
8.994e-02  7.800e-01  
6.121e-01  2.623e-01  
6.698e-01  2.257e-01  
1.634e-01  6.332e-01  
7.749e-01  1.803e-01  
9.810e-01  2.849e-02  
5.746e-02  8.565e-01  
2.494e-01  5.735e-01  
1.260e-01  7.035e-01  
8.057e-02  7.799e-01  
5.709e-01  3.150e-01  
3.633e-01  4.525e-01  
4.818e-01  3.371e-01  
3.158e-01  4.935e-01  
2.349e-01  5.708e-01  
1.522e-01  6.726e-01  
6.278e-01  2.291e-01  
4.818e-01  3.371e-01  
9.825e-01  5.906e-02  
4.296e-01  3.744e-01  
2.198e-01  5.996e-01  
3.343e-01  4.701e-01  
2.969e-01  5.286e-01  
2.989e-02  9.102e-01  
5.592e-01  2.931e-01  
7.195e-02  7.807e-01  
4.296e-01  3.744e-01  
6.094e-01  2.671e-01  
9.867e-01  2.842e-02  
2.198e-01  5.996e-01  
8.356e-01  1.189e-01  
7.846e-01  1.366e-01  
3.447e-01  4.523e-01  
7.719e-01  1.441e-01  
6.629e-01  2.266e-01  
1.532e-01  6.409e-01  
7.635e-01  1.637e-01  
7.233e-02  7.869e-01  
6.227e-01  2.538e-01  
4.296e-01  3.744e-01  
4.689e-01  3.456e-01  
6.577e-01  2.164e-01  
2.077e-01  5.964e-01  
5.959e-01  2.860e-01  
3.011e-01  5.034e-01  
4.130e-01  4.160e-01  
1.260e-01  7.035e-01  
1.142e-01  7.151e-01  
7.749e-01  1.803e-01  
4.798e-01  3.413e-01  
9.861e-01  3.082e-02  
5.224e-01  2.998e-01  
2.639e-01  5.520e-01  
3.473e-01  4.469e-01  
4.903e-01  3.575e-01  
3.620e-01  4.601e-01  
4.903e-01  3.575e-01  
1.428e-01  6.864e-01  
5.543e-02  8.405e-01  
3.293e-01  4.775e-01  
4.798e-01  3.413e-01  
2.250e-01  5.935e-01  
6.423e-01  2.621e-01  
9.810e-01  2.849e-02  
4.065e-02  8.926e-01  
7.804e-01  1.406e-01  
2.286e-01  5.835e-01  
3.565e-01  4.771e-01  
5.959e-01  2.860e-01  
2.639e-01  5.520e-01  
4.343e-01  3.689e-01  
7.133e-02  8.469e-01  
1.310e-01  7.018e-01  
4.741e-01  3.342e-01  
7.133e-02  8.469e-01  
6.361e-01  2.648e-01  
7.800e-01  1.456e-01  
2.989e-02  9.102e-01  
4.458e-01  4.058e-01  
6.079e-01  2.569e-01  
7.164e-01  2.226e-01  
3.385e-01  4.637e-01  
2.198e-01  5.996e-01  
2.741e-01  5.323e-01  
3.297e-01  4.589e-01  
2.198e-01  5.994e-01  
9.286e-01  1.080e-01  
1.637e-01  6.403e-01  
7.804e-01  1.406e-01  
8.057e-02  7.799e-01  
8.041e-01  1.307e-01  
9.883e-01  3.705e-02  
2.101e-01  5.929e-01  
9.913e-01  4.222e-02  
1.548e-01  6.516e-01  
7.514e-01  2.558e-01  
1.538e-02  1.010e+00  
9.404e-01  9.349e-02  
3.518e-01  4.870e-01  
9.863e-01  2.787e-02  
3.011e-01  5.034e-01  
9.014e-01  7.153e-02  
1.398e-01  7.434e-01  
1.337e-01  6.964e-01  
1.193e-01  7.770e-01  
9.863e-01  2.787e-02  
8.041e-01  1.307e-01  
9.998e-01  2.973e-02  
2.257e-01  5.930e-01  
7.619e-01  1.737e-01  
2.198e-01  5.994e-01  
4.321e-02  8.925e-01  
5.596e-01  2.977e-01  
6.227e-01  2.538e-01  
2.930e-01  5.219e-01  
3.565e-01  4.771e-01  
4.024e-01  4.066e-01  
2.079e-01  5.959e-01  
4.798e-01  3.413e-01  
1.193e-01  7.770e-01  
2.349e-01  5.708e-01  
2.930e-01  5.219e-01  
7.749e-01  1.803e-01  
3.011e-01  5.034e-01  
4.458e-01  4.058e-01  
1.814e-01  6.341e-01  
5.461e-01  2.983e-01  
1.535e-01  6.523e-01  
2.198e-01  5.994e-01  
4.387e-01  3.624e-01  
6.077e-01  3.048e-01  
6.123e-01  2.690e-01  
2.842e-01  5.521e-01  
5.224e-01  3.170e-01  
1.428e-01  6.864e-01  
3.938e-01  4.580e-01  
3.132e-01  4.982e-01  
3.293e-01  4.775e-01  
4.818e-01  3.371e-01  
9.867e-01  2.842e-02  
4.741e-01  3.342e-01  
4.130e-01  4.160e-01  
5.709e-01  3.150e-01  
2.015e-02  9.783e-01  
4.477e-01  3.603e-01  
5.511e-02  8.252e-01  
4.818e-01  3.371e-01  
9.904e-02  7.367e-01  
4.169e-01  4.413e-01  
9.904e-02  7.367e-01  
4.296e-01  3.744e-01  
6.079e-01  2.591e-01  
2.514e-01  5.656e-01  
3.533e-01  4.562e-01  
3.421e-01  4.558e-01  
7.804e-01  1.406e-01  
7.616e-01  1.577e-01  
2.267e-01  5.895e-01  
3.343e-01  4.701e-01  
4.760e-01  3.502e-01  
3.293e-01  4.775e-01  
4.379e-01  3.691e-01  
5.146e-01  3.141e-01  
4.386e-01  3.782e-01  
3.620e-01  4.601e-01  
9.863e-01  2.787e-02  
7.775e-01  1.718e-01  
3.565e-01  4.771e-01  
6.235e-01  2.273e-01  
3.360e-01  5.192e-01  
1.398e-01  7.434e-01  
5.083e-01  3.212e-01  
2.318e-01  5.921e-01  
4.458e-01  4.058e-01  
8.612e-01  1.274e-01  
2.813e-01  5.202e-01  
6.002e-01  2.863e-01  
4.477e-01  3.603e-01  
7.233e-02  7.869e-01  
7.657e-01  1.646e-01  
3.659e-02  9.122e-01  
9.014e-01  7.153e-02  
5.959e-01  2.817e-01  
5.596e-01  2.977e-01  
1.750e-01  6.545e-01  
4.327e-01  4.012e-01  
9.889e-01  3.783e-02  
7.738e-01  1.593e-01  
6.544e-01  2.563e-01  
7.514e-01  2.558e-01  
9.475e-02  7.782e-01  
2.198e-01  5.996e-01  
1.585e-01  6.425e-01  
1.310e-01  7.018e-01  
6.451e-01  2.331e-01  
9.955e-01  4.076e-02  
1.792e-01  6.059e-01  
1.260e-01  7.035e-01  
1.543e-01  6.631e-01  
2.842e-01  5.521e-01  
8.809e-02  8.070e-01  
7.651e-01  1.601e-01  
8.612e-01  1.274e-01  
1.407e-02  1.043e+00  
3.360e-01  5.192e-01  
7.514e-01  2.558e-01  
7.672e-01  1.508e-01  
2.976e-01  5.082e-01  
5.543e-02  8.405e-01  
9.976e-02  7.661e-01  
6.227e-01  2.538e-01  
1.538e-02  1.010e+00  
7.010e-02  8.182e-01  
9.286e-01  1.080e-01  
1.705e-01  6.399e-01  
8.041e-01  1.307e-01  
7.775e-01  1.718e-01  
2.318e-01  5.921e-01  
8.999e-01  7.585e-02  
2.318e-01  5.921e-01  
2.927e-02  8.884e-01  
7.810e-01  1.487e-01  
8.130e-01  1.300e-01  
3.659e-02  9.122e-01  
7.749e-01  1.803e-01  
9.404e-01  9.349e-02  
9.913e-01  4.222e-02  
9.861e-01  3.082e-02  
9.863e-01  2.787e-02  
2.198e-01  5.994e-01  
9.897e-01  3.029e-02  
6.698e-01  2.257e-01  
6.577e-01  2.164e-01  
7.719e-01  1.441e-01  
2.989e-02  9.102e-01  
4.130e-01  4.160e-01  
8.612e-01  1.274e-01  
7.804e-01  1.406e-01  
7.619e-01  1.737e-01  
5.543e-02  8.405e-01  
2.198e-01  5.994e-01  
7.133e-02  8.469e-01  
1.548e-01  6.516e-01  
4.458e-01  4.058e-01  
3.162e-01  4.757e-01  
2.964e-01  4.949e-01  
7.719e-01  1.441e-01  
9.101e-02  7.647e-01  
1.781e-01  6.748e-01  
6.361e-01  2.648e-01  
8.311e-02  7.899e-01  
8.057e-02  7.799e-01  
2.333e-01  5.658e-01  
6.002e-01  2.863e-01  
6.323e-01  2.295e-01  
2.257e-01  5.930e-01  
2.531e-02  1.122e+00  
1.034e+00  5.942e-02  
1.142e-01  7.151e-01  
5.067e-02  8.673e-01  
1.310e-01  7.018e-01  
5.192e-01  3.203e-01  
4.453e-01  3.689e-01  
6.635e-02  8.169e-01  
6.094e-01  2.671e-01  
5.709e-01  3.150e-01  
3.565e-01  4.771e-01  
3.807e-01  4.534e-01  
2.290e-01  6.243e-01  
5.959e-01  2.817e-01  
4.169e-01  4.413e-01  
3.050e-02  9.398e-01  
3.293e-01  4.775e-01  
6.081e-01  2.743e-01  
4.554e-01  3.689e-01  
3.749e-01  4.573e-01  
4.528e-01  3.483e-01  
3.659e-02  9.122e-01  
3.534e-01  4.512e-01  
4.766e-01  3.553e-01  
3.965e-01  3.984e-01  
1.310e-01  7.018e-01  
2.198e-01  5.994e-01  
4.453e-01  3.689e-01  
7.749e-01  1.803e-01  
1.220e-01  7.104e-01  
4.453e-01  3.689e-01  
5.709e-01  3.150e-01  
5.959e-01  2.860e-01  
2.244e-01  5.814e-01  
4.760e-01  3.502e-01  
5.086e-01  3.246e-01  
5.249e-01  3.038e-01  
2.292e-01  5.513e-01  
8.130e-01  1.300e-01  
2.969e-01  5.286e-01  
9.904e-02  7.367e-01  
8.939e-01  9.767e-02  
5.709e-01  3.150e-01  
6.423e-01  2.621e-01  
1.091e-01  7.108e-01  
4.050e-01  3.881e-01  
4.169e-01  4.413e-01  
3.890e-01  4.348e-01  
1.535e-01  6.521e-01  
2.286e-01  5.835e-01  
3.518e-01  4.870e-01  
5.461e-01  2.983e-01  
9.014e-01  7.153e-02  
3.807e-01  4.534e-01  
2.189e-01  5.934e-01  
5.959e-01  2.817e-01  
2.514e-01  5.656e-01  
4.903e-01  3.575e-01  
5.276e-01  3.003e-01  
2.122e-01  6.041e-01  
7.804e-01  1.406e-01  
1.548e-01  6.516e-01  
4.760e-01  3.502e-01  
1.532e-01  6.409e-01  
4.050e-01  3.881e-01  
4.798e-01  3.413e-01  
1.700e-01  6.195e-01  
2.079e-01  5.959e-01  
7.719e-01  1.441e-01  
2.976e-01  5.082e-01  
3.297e-01  4.589e-01  
5.959e-01  2.817e-01  
3.351e-01  4.797e-01  
3.360e-01  5.192e-01  
3.633e-01  4.525e-01  
8.422e-02  8.248e-01  
4.333e-01  3.823e-01  
4.130e-01  4.160e-01  
5.169e-02  8.351e-01  
3.540e-01  4.472e-01  
2.969e-01  5.286e-01  
7.716e-01  1.606e-01  
5.246e-01  3.070e-01  
5.276e-01  3.003e-01  
5.959e-01  2.860e-01  
3.343e-01  4.701e-01  
2.911e-01  5.218e-01  
2.286e-01  5.835e-01  
4.689e-01  3.456e-01  
6.544e-01  2.563e-01  
4.813e-01  3.409e-01  
7.635e-01  1.637e-01  
2.290e-01  6.243e-01  
9.404e-01  9.349e-02  
7.133e-02  8.469e-01  
5.709e-01  3.150e-01  
4.760e-01  3.502e-01  
2.925e-01  4.921e-01  
4.818e-01  3.371e-01  
1.122e-01  7.584e-01  
4.050e-01  3.881e-01  
3.293e-01  4.775e-01  
4.818e-01  3.371e-01  
9.796e-01  7.972e-02  
6.577e-01  2.164e-01  
5.856e-01  3.516e-01  
1.543e-01  6.631e-01  
2.531e-02  1.122e+00  
2.930e-01  5.219e-01  
7.836e-01  1.571e-01  
3.533e-01  4.562e-01  
7.775e-01  1.718e-01  
2.015e-02  9.783e-01  
9.867e-01  2.842e-02  
4.810e-01  3.520e-01  
2.514e-01  5.656e-01  
6.409e-01  2.200e-01  
3.659e-02  9.122e-01  
8.107e-01  1.345e-01  
7.836e-01  1.571e-01  
7.841e-02  8.065e-01  
2.969e-01  5.286e-01  
3.565e-01  4.771e-01  
3.824e-01  4.194e-01  
9.046e-01  1.016e-01  
7.657e-01  1.646e-01  
1.548e-01  6.516e-01  
6.577e-01  2.164e-01  
6.698e-01  2.257e-01  
2.976e-01  5.082e-01  
4.458e-01  4.058e-01  
2.842e-01  5.521e-01  
4.024e-01  4.066e-01  
4.762e-01  3.437e-01  
2.198e-01  5.996e-01  
7.743e-01  1.638e-01  
2.097e-01  5.804e-01  
9.394e-01  7.679e-02  
2.895e-01  5.054e-01  
4.178e-01  4.052e-01  
3.565e-01  4.771e-01  
1.637e-01  6.403e-01  
1.532e-01  6.409e-01  
4.296e-01  3.744e-01  
6.116e-01  2.802e-01  
6.451e-01  2.331e-01  
3.360e-01  5.192e-01  
6.002e-01  2.863e-01  
5.959e-01  2.817e-01  
6.635e-02  8.169e-01  
6.423e-01  2.621e-01  
9.710e-01  1.061e-01  
1.585e-01  6.425e-01  
1.522e-01  6.726e-01  
2.813e-01  5.202e-01  
4.169e-01  4.413e-01  
1.996e-01  6.114e-01  
1.428e-01  6.864e-01  
3.132e-01  4.982e-01  
2.813e-01  5.202e-01  
4.554e-01  3.689e-01  
6.409e-01  2.200e-01  
3.659e-02  9.122e-01  
7.800e-01  1.456e-01  
3.897e-01  4.042e-01  
6.815e-02  8.209e-01  
1.260e-01  7.035e-01  
6.423e-01  2.538e-01  
2.257e-01  5.930e-01  
1.535e-01  6.523e-01  
2.719e-01  5.299e-01  
9.955e-01  4.076e-02  
8.790e-01  1.245e-01  
2.257e-01  5.930e-01  
9.894e-01  3.342e-02  
4.813e-01  3.409e-01  
2.639e-01  5.520e-01  
8.790e-01  1.245e-01  
1.996e-01  6.114e-01  
2.989e-02  9.102e-01  
9.867e-01  2.842e-02  
2.198e-01  5.996e-01  
7.133e-02  8.469e-01  
7.672e-01  1.508e-01  
9.863e-01  2.787e-02  
7.514e-01  2.558e-01  
7.800e-01  1.456e-01  
9.825e-01  5.906e-02  
1.694e-01  6.235e-01  
1.750e-01  6.545e-01  
6.638e-01  2.289e-01  
5.959e-01  2.860e-01  
9.955e-01  4.076e-02  
4.741e-01  3.342e-01  
6.361e-01  2.648e-01  
7.719e-01  1.441e-01  
9.883e-01  3.705e-02  
9.955e-01  4.076e-02  
6.733e-02  8.106e-01  
1.532e-01  6.409e-01  
7.743e-01  1.638e-01  
8.422e-02  8.248e-01  
7.800e-01  1.456e-01  
2.639e-01  5.520e-01  
5.169e-02  8.351e-01  
3.011e-01  5.034e-01  
9.904e-02  7.367e-01  
1.750e-01  6.545e-01  
3.097e-02  9.095e-01  
8.058e-01  1.366e-01  
9.900e-01  8.679e-02  
9.883e-01  3.705e-02  
8.656e-02  7.436e-01  
1.129e-02  1.081e+00  
7.800e-01  1.456e-01  
9.904e-02  7.367e-01  
9.913e-01  4.222e-02  
9.863e-01  2.787e-02  
9.894e-01  3.342e-02  
3.823e-02  8.989e-01  
9.913e-01  4.222e-02  
2.744e-02  9.538e-01  
9.883e-01  3.705e-02  
9.822e-01  7.316e-02  
9.475e-02  7.782e-01  
7.749e-01  1.803e-01  
9.895e-01  3.705e-02  
1.142e-01  7.151e-01  
9.897e-01  3.029e-02  
9.034e-01  7.880e-02  
7.738e-01  1.593e-01  
4.030e-02  1.025e+00  
7.804e-01  1.406e-01  
9.796e-01  7.972e-02  
9.867e-01  2.842e-02  
9.865e-01  6.607e-02  
3.293e-01  4.775e-01  
1.188e-01  7.089e-01  
9.796e-01  7.972e-02  
2.989e-02  9.102e-01  
1.398e-01  7.434e-01  
5.746e-02  8.565e-01  
6.423e-01  2.621e-01  
8.058e-01  1.366e-01  
9.796e-02  7.459e-01  
7.738e-01  1.593e-01  
9.897e-01  3.029e-02  
2.377e-01  5.572e-01  
2.349e-01  5.708e-01  
3.510e-01  5.312e-01  
4.813e-01  3.409e-01  
8.107e-01  1.345e-01  
2.989e-02  9.102e-01  
2.122e-01  6.041e-01  
9.796e-01  7.972e-02  
7.640e-01  1.644e-01  
7.133e-02  8.469e-01  
9.874e-01  3.716e-02  
4.751e-01  3.409e-01  
3.360e-01  5.192e-01  
9.955e-01  4.076e-02  
7.775e-01  1.718e-01  
6.577e-01  2.164e-01  
3.011e-01  5.034e-01  
2.440e-01  5.518e-01  
9.475e-02  7.782e-01  
4.651e-02  8.494e-01  
1.814e-01  6.341e-01  
1.985e-01  6.015e-01  
4.714e-01  3.761e-01  
4.751e-01  3.409e-01  
3.343e-01  4.701e-01  
7.810e-01  1.487e-01  
3.158e-01  4.935e-01  
4.903e-01  3.575e-01  
8.107e-01  1.345e-01  
1.193e-01  7.770e-01  
7.164e-01  2.226e-01  
2.930e-01  5.219e-01  
2.976e-01  5.082e-01  
9.861e-01  3.082e-02  
3.533e-01  4.562e-01  
1.548e-01  6.516e-01  
2.842e-01  5.521e-01  
2.976e-01  5.082e-01  
5.276e-01  3.003e-01  
1.428e-01  6.864e-01  
3.568e-01  4.473e-01  
9.892e-01  3.617e-02  
7.635e-01  1.637e-01  
2.360e-01  5.602e-01  
9.883e-01  3.705e-02  
1.260e-01  7.035e-01  
4.903e-01  3.575e-01  
3.568e-01  4.473e-01  
1.260e-01  7.035e-01  
5.476e-01  3.039e-01  
9.796e-01  7.972e-02  
9.897e-01  3.029e-02  
4.024e-01  4.066e-01  
8.057e-02  7.799e-01  
4.130e-01  4.160e-01  
2.292e-01  5.513e-01  
2.505e-02  9.695e-01  
9.101e-02  7.647e-01  
4.760e-01  3.502e-01  
6.638e-01  2.289e-01  
5.461e-01  2.983e-01  
4.030e-02  1.025e+00  
1.538e-02  1.010e+00  
4.379e-01  3.691e-01  
4.253e-01  4.006e-01  
6.423e-01  2.621e-01  
1.473e-01  6.438e-01  
3.897e-01  4.042e-01  
