7.208e-03  1.066e+00  
1.000e+00  1.777e-02  
4.583e-01  4.260e-01  
6.956e-01  2.243e-01  
2.215e-01  6.037e-01  
5.516e-01  3.531e-01  
1.486e-02  1.007e+00  
3.226e-01  5.276e-01  
8.409e-01  1.138e-01  
9.245e-01  6.030e-02  
3.959e-02  1.001e+00  
4.583e-01  4.260e-01  
6.302e-01  2.297e-01  
2.555e-01  7.930e-01  
3.502e-01  4.547e-01  
7.791e-01  1.496e-01  
2.142e-01  8.259e-01  
1.351e-01  9.973e-01  
6.227e-01  3.229e-01  
8.316e-01  1.319e-01  
2.892e-01  5.451e-01  
4.362e-01  4.027e-01  
3.932e-01  4.418e-01  
9.379e-01  7.384e-02  
4.838e-01  3.381e-01  
9.659e-01  2.653e-02  
2.870e-01  6.893e-01  
2.598e-02  9.939e-01  
3.513e-01  4.816e-01  
1.726e-02  9.977e-01  
6.661e-01  2.443e-01  
7.187e-01  1.852e-01  
2.199e-01  7.423e-01  
7.646e-01  1.852e-01  
9.498e-01  3.688e-02  
1.351e-02  1.013e+00  
2.754e-01  5.248e-01  
1.413e-02  1.000e+00  
6.597e-02  9.946e-01  
5.325e-01  3.455e-01  
3.629e-01  4.403e-01  
5.258e-01  3.343e-01  
3.174e-01  5.620e-01  
2.273e-01  6.033e-01  
1.873e-01  9.966e-01  
7.156e-01  1.967e-01  
4.945e-01  3.544e-01  
9.130e-01  6.362e-02  
4.889e-01  4.022e-01  
2.224e-01  5.719e-01  
4.147e-01  4.393e-01  
2.331e-01  5.642e-01  
1.559e-02  1.006e+00  
6.084e-01  2.945e-01  
4.902e-02  1.004e+00  
4.583e-01  4.260e-01  
6.638e-01  2.684e-01  
1.000e+00  1.777e-02  
2.304e-01  7.659e-01  
8.861e-01  9.666e-02  
7.926e-01  1.384e-01  
3.513e-01  4.816e-01  
7.980e-01  1.271e-01  
7.646e-01  1.852e-01  
2.196e-01  6.956e-01  
7.811e-01  1.483e-01  
3.905e-02  9.970e-01  
6.661e-01  2.443e-01  
4.625e-01  4.014e-01  
4.845e-01  3.883e-01  
7.554e-01  1.965e-01  
2.215e-01  6.037e-01  
6.661e-01  2.443e-01  
2.754e-01  5.248e-01  
3.917e-01  4.191e-01  
1.554e-01  9.927e-01  
1.351e-01  9.973e-01  
7.811e-01  1.483e-01  
5.897e-01  3.511e-01  
9.341e-01  4.519e-02  
5.304e-01  3.187e-01  
2.754e-01  5.248e-01  
4.088e-01  4.232e-01  
5.064e-01  3.451e-01  
3.647e-01  4.447e-01  
5.454e-01  3.345e-01  
2.142e-01  8.259e-01  
1.761e-02  9.977e-01  
3.480e-01  5.234e-01  
4.893e-01  3.534e-01  
2.224e-01  5.719e-01  
6.302e-01  2.297e-01  
9.424e-01  3.808e-02  
2.424e-02  1.009e+00  
7.980e-01  1.271e-01  
2.331e-01  5.642e-01  
3.955e-01  4.427e-01  
6.383e-01  2.528e-01  
2.391e-01  5.922e-01  
4.625e-01  4.014e-01  
1.413e-02  1.000e+00  
1.486e-02  1.007e+00  
5.789e-01  3.762e-01  
1.486e-02  1.007e+00  
6.383e-01  2.528e-01  
8.316e-01  1.319e-01  
2.028e-02  9.964e-01  
4.491e-01  4.038e-01  
6.638e-01  2.684e-01  
7.132e-01  2.179e-01  
3.781e-01  5.202e-01  
2.191e-01  6.125e-01  
2.892e-01  5.451e-01  
3.502e-01  4.547e-01  
2.391e-01  5.922e-01  
8.686e-01  8.178e-02  
2.212e-01  8.357e-01  
7.811e-01  1.483e-01  
1.486e-02  1.007e+00  
9.415e-01  1.099e-01  
9.797e-01  1.418e-02  
2.372e-01  6.623e-01  
9.397e-01  6.182e-02  
2.187e-01  7.423e-01  
7.017e-01  2.081e-01  
8.211e-03  1.064e+00  
9.036e-01  7.682e-02  
3.239e-01  4.980e-01  
1.000e+00  1.777e-02  
3.226e-01  5.276e-01  
9.245e-01  6.030e-02  
1.409e-01  9.929e-01  
1.554e-01  9.927e-01  
4.374e-02  9.995e-01  
9.806e-01  1.853e-02  
8.409e-01  1.138e-01  
9.941e-01  9.005e-03  
2.286e-01  6.502e-01  
7.853e-01  1.784e-01  
2.263e-01  6.495e-01  
1.717e-02  9.941e-01  
6.178e-01  2.883e-01  
6.661e-01  2.443e-01  
2.555e-01  6.252e-01  
3.934e-01  5.038e-01  
3.917e-01  4.191e-01  
2.372e-01  6.623e-01  
5.285e-01  3.679e-01  
1.351e-01  9.973e-01  
2.413e-01  5.665e-01  
3.174e-01  5.620e-01  
7.533e-01  1.729e-01  
2.892e-01  5.451e-01  
4.509e-01  4.073e-01  
2.263e-01  6.495e-01  
6.227e-01  3.229e-01  
1.743e-01  9.933e-01  
2.421e-01  7.362e-01  
5.188e-01  3.519e-01  
6.128e-01  2.816e-01  
6.061e-01  2.470e-01  
2.657e-01  5.741e-01  
4.890e-01  3.336e-01  
2.222e-01  8.434e-01  
3.863e-01  4.279e-01  
4.147e-01  4.393e-01  
3.934e-01  5.038e-01  
5.188e-01  3.519e-01  
9.659e-01  2.653e-02  
5.034e-01  3.485e-01  
4.105e-01  4.263e-01  
6.115e-01  3.225e-01  
1.351e-02  1.013e+00  
5.325e-01  3.455e-01  
1.717e-02  9.951e-01  
5.209e-01  3.283e-01  
1.336e-01  9.935e-01  
4.088e-01  4.232e-01  
4.902e-02  1.004e+00  
5.188e-01  3.519e-01  
6.449e-01  2.384e-01  
2.925e-01  6.304e-01  
3.955e-01  4.427e-01  
3.630e-01  4.384e-01  
8.074e-01  1.390e-01  
7.853e-01  1.784e-01  
2.538e-01  6.144e-01  
3.714e-01  4.507e-01  
4.838e-01  3.381e-01  
3.781e-01  5.202e-01  
4.889e-01  4.022e-01  
5.173e-01  3.167e-01  
4.087e-01  4.161e-01  
3.917e-01  4.191e-01  
9.379e-01  7.384e-02  
7.554e-01  1.965e-01  
3.758e-01  5.044e-01  
6.221e-01  2.451e-01  
3.313e-01  5.217e-01  
4.902e-02  1.004e+00  
4.890e-01  3.336e-01  
2.370e-01  6.172e-01  
4.491e-01  4.038e-01  
9.395e-01  7.834e-02  
2.331e-01  5.642e-01  
5.966e-01  2.804e-01  
5.034e-01  3.557e-01  
8.238e-02  9.943e-01  
7.449e-01  1.564e-01  
1.726e-02  9.977e-01  
9.245e-01  6.030e-02  
6.061e-01  2.470e-01  
6.396e-01  3.071e-01  
2.268e-01  7.275e-01  
4.625e-01  4.014e-01  
9.395e-01  5.761e-02  
7.291e-01  1.989e-01  
6.478e-01  2.317e-01  
6.797e-01  2.116e-01  
2.028e-02  9.964e-01  
2.421e-01  7.362e-01  
2.222e-01  8.434e-01  
1.803e-01  9.919e-01  
7.017e-01  2.181e-01  
9.751e-01  1.458e-02  
2.320e-01  8.433e-01  
2.170e-01  7.002e-01  
2.142e-01  8.259e-01  
2.665e-01  6.115e-01  
4.902e-02  1.004e+00  
7.791e-01  1.496e-01  
8.409e-01  1.138e-01  
6.688e-03  1.069e+00  
3.403e-01  4.911e-01  
7.132e-01  2.179e-01  
7.533e-01  1.729e-01  
2.754e-01  5.248e-01  
3.831e-02  1.030e+00  
3.738e-02  1.001e+00  
6.093e-01  2.630e-01  
8.875e-03  1.001e+00  
3.831e-02  1.030e+00  
8.686e-01  8.178e-02  
2.320e-01  8.433e-01  
7.980e-01  1.271e-01  
7.980e-01  1.271e-01  
2.538e-01  6.144e-01  
9.107e-01  6.668e-02  
2.538e-01  6.144e-01  
9.775e-03  9.995e-01  
8.409e-01  1.138e-01  
8.686e-01  8.178e-02  
2.424e-02  1.009e+00  
7.095e-01  2.138e-01  
9.036e-01  7.682e-02  
1.000e+00  1.341e-04  
1.002e+00  1.812e-02  
9.995e-01  3.723e-03  
2.413e-01  5.665e-01  
9.520e-01  3.064e-02  
7.853e-01  1.784e-01  
7.094e-01  1.970e-01  
8.001e-01  1.279e-01  
1.933e-02  1.009e+00  
4.370e-01  4.169e-01  
9.109e-01  8.899e-02  
8.001e-01  1.279e-01  
7.385e-01  1.953e-01  
2.424e-02  1.009e+00  
2.892e-01  5.451e-01  
7.454e-02  9.949e-01  
2.215e-01  6.037e-01  
4.370e-01  4.169e-01  
3.222e-01  4.910e-01  
3.124e-01  5.069e-01  
7.791e-01  1.496e-01  
3.905e-02  9.970e-01  
2.268e-01  7.275e-01  
6.638e-01  2.684e-01  
2.445e-02  1.016e+00  
1.471e-02  9.969e-01  
2.319e-01  5.986e-01  
5.966e-01  2.804e-01  
6.362e-01  2.382e-01  
2.215e-01  6.037e-01  
1.351e-02  1.013e+00  
9.245e-01  6.030e-02  
1.873e-01  9.966e-01  
1.679e-02  9.950e-01  
1.873e-01  9.966e-01  
5.516e-01  3.531e-01  
4.845e-01  3.883e-01  
7.440e-02  1.000e+00  
6.638e-01  2.684e-01  
6.853e-01  3.231e-01  
4.147e-01  4.393e-01  
3.969e-01  4.390e-01  
2.304e-01  5.729e-01  
6.128e-01  2.816e-01  
4.159e-01  4.168e-01  
2.115e-02  9.954e-01  
3.476e-01  4.453e-01  
6.453e-01  2.777e-01  
4.890e-01  3.336e-01  
4.147e-01  4.393e-01  
4.945e-01  3.544e-01  
2.002e-02  1.015e+00  
3.224e-01  4.996e-01  
5.192e-01  3.466e-01  
4.625e-01  4.014e-01  
1.554e-01  9.927e-01  
2.391e-01  5.922e-01  
4.625e-01  4.014e-01  
7.466e-01  1.731e-01  
1.413e-02  1.000e+00  
4.370e-01  4.169e-01  
6.128e-01  2.816e-01  
6.853e-01  3.231e-01  
2.870e-01  6.893e-01  
4.890e-01  3.336e-01  
5.192e-01  3.466e-01  
5.940e-01  3.437e-01  
2.224e-01  5.719e-01  
8.409e-01  1.138e-01  
2.916e-01  5.721e-01  
1.743e-01  9.933e-01  
9.245e-01  6.030e-02  
5.912e-01  2.555e-01  
6.478e-01  2.317e-01  
1.486e-02  1.007e+00  
4.625e-01  4.014e-01  
4.159e-01  4.168e-01  
3.224e-01  4.996e-01  
1.554e-01  9.927e-01  
2.585e-01  6.685e-01  
3.224e-01  4.996e-01  
5.325e-01  3.455e-01  
9.094e-01  8.029e-02  
3.647e-01  4.318e-01  
2.413e-01  5.665e-01  
6.459e-01  2.528e-01  
2.215e-01  6.037e-01  
4.330e-01  3.929e-01  
6.115e-01  3.192e-01  
2.319e-01  5.986e-01  
7.980e-01  1.271e-01  
2.190e-01  9.949e-01  
5.034e-01  3.485e-01  
2.215e-01  6.037e-01  
4.370e-01  4.169e-01  
5.191e-01  3.693e-01  
2.304e-01  7.659e-01  
2.421e-01  7.362e-01  
8.285e-01  1.468e-01  
3.781e-01  5.202e-01  
3.932e-01  4.418e-01  
6.210e-01  3.048e-01  
3.152e-01  4.923e-01  
3.224e-01  4.996e-01  
4.088e-01  4.232e-01  
4.374e-02  9.995e-01  
4.373e-01  4.351e-01  
4.088e-01  4.232e-01  
1.717e-02  9.951e-01  
3.542e-01  4.588e-01  
3.174e-01  5.620e-01  
7.466e-01  1.731e-01  
5.313e-01  3.438e-01  
5.304e-01  3.187e-01  
6.638e-01  2.684e-01  
3.932e-01  4.418e-01  
2.916e-01  5.721e-01  
2.555e-01  6.252e-01  
4.838e-01  3.381e-01  
6.638e-01  2.684e-01  
5.516e-01  3.531e-01  
7.646e-01  1.852e-01  
2.224e-01  5.719e-01  
9.379e-01  7.384e-02  
4.374e-02  9.995e-01  
5.034e-01  3.485e-01  
5.516e-01  3.531e-01  
3.226e-01  5.276e-01  
5.034e-01  3.485e-01  
1.863e-02  1.032e+00  
5.015e-01  4.279e-01  
3.152e-01  4.923e-01  
5.034e-01  3.557e-01  
9.379e-01  7.384e-02  
6.661e-01  2.443e-01  
5.543e-01  2.881e-01  
1.191e-01  9.932e-01  
2.244e-03  1.034e+00  
2.370e-01  6.172e-01  
8.074e-01  1.390e-01  
3.513e-01  4.816e-01  
7.778e-01  1.503e-01  
8.211e-03  1.064e+00  
9.869e-01  1.552e-02  
5.034e-01  3.485e-01  
2.413e-01  5.665e-01  
7.095e-01  2.138e-01  
1.726e-02  9.977e-01  
8.409e-01  1.138e-01  
7.778e-01  1.503e-01  
7.454e-02  9.949e-01  
2.858e-01  6.089e-01  
3.934e-01  5.038e-01  
3.969e-01  4.390e-01  
8.599e-01  9.816e-02  
7.853e-01  1.784e-01  
2.199e-01  7.423e-01  
7.554e-01  1.965e-01  
7.017e-01  2.181e-01  
3.328e-01  5.334e-01  
4.491e-01  4.038e-01  
3.174e-01  5.620e-01  
4.583e-01  4.260e-01  
5.188e-01  3.519e-01  
2.413e-01  5.665e-01  
7.094e-01  1.970e-01  
2.538e-01  6.144e-01  
8.735e-01  8.942e-02  
3.152e-01  5.452e-01  
4.740e-01  4.365e-01  
3.224e-01  4.996e-01  
2.199e-01  7.423e-01  
2.268e-01  7.275e-01  
4.890e-01  3.336e-01  
6.383e-01  2.528e-01  
6.956e-01  2.243e-01  
3.313e-01  5.217e-01  
6.396e-01  3.071e-01  
6.128e-01  2.816e-01  
2.115e-02  9.954e-01  
6.478e-01  2.317e-01  
8.074e-01  1.390e-01  
2.222e-01  8.434e-01  
1.873e-01  9.966e-01  
3.755e-01  5.598e-01  
3.955e-01  4.427e-01  
2.170e-01  7.002e-01  
2.222e-01  8.434e-01  
4.147e-01  4.393e-01  
2.555e-01  6.252e-01  
4.845e-01  3.883e-01  
6.661e-01  2.443e-01  
7.454e-02  9.949e-01  
7.778e-01  1.503e-01  
3.849e-01  4.168e-01  
1.717e-02  9.951e-01  
1.596e-01  9.959e-01  
7.095e-01  2.138e-01  
3.118e-01  6.433e-01  
2.214e-01  7.999e-01  
2.892e-01  5.451e-01  
9.849e-01  4.849e-02  
8.074e-01  1.390e-01  
2.781e-01  5.807e-01  
9.806e-01  1.853e-02  
4.890e-01  3.336e-01  
2.422e-01  5.535e-01  
8.074e-01  1.390e-01  
2.320e-01  8.433e-01  
1.726e-02  9.977e-01  
1.000e+00  3.446e-05  
2.461e-01  7.250e-01  
1.763e-01  9.921e-01  
7.156e-01  1.967e-01  
9.341e-01  4.519e-02  
6.956e-01  2.243e-01  
8.074e-01  1.390e-01  
9.559e-01  3.506e-02  
2.170e-01  7.002e-01  
2.222e-01  8.434e-01  
7.325e-01  2.246e-01  
6.396e-01  3.071e-01  
9.907e-01  2.039e-02  
5.325e-01  3.455e-01  
6.839e-01  2.088e-01  
7.671e-01  1.672e-01  
9.756e-01  3.342e-02  
1.000e+00  3.446e-05  
2.424e-02  1.009e+00  
2.142e-01  8.353e-01  
7.054e-01  2.081e-01  
1.413e-02  1.000e+00  
8.520e-01  1.388e-01  
2.224e-01  5.719e-01  
1.351e-02  1.013e+00  
2.943e-01  5.392e-01  
1.377e-01  9.959e-01  
2.232e-01  7.084e-01  
1.351e-02  1.013e+00  
8.570e-01  1.214e-01  
9.397e-01  6.182e-02  
9.822e-01  2.390e-02  
1.413e-02  1.000e+00  
6.688e-03  1.069e+00  
7.953e-01  1.331e-01  
1.351e-01  9.973e-01  
9.379e-01  7.384e-02  
9.379e-01  7.384e-02  
9.397e-01  6.182e-02  
2.424e-02  1.009e+00  
9.797e-01  1.418e-02  
1.019e-02  1.000e+00  
1.000e+00  3.446e-05  
9.822e-01  2.390e-02  
1.351e-01  9.973e-01  
7.646e-01  1.852e-01  
9.822e-01  2.390e-02  
4.374e-02  9.995e-01  
9.822e-01  2.390e-02  
9.907e-01  2.039e-02  
7.811e-01  1.483e-01  
6.742e-03  9.958e-01  
8.599e-01  9.816e-02  
9.036e-01  7.682e-02  
9.797e-01  1.418e-02  
9.341e-01  4.519e-02  
3.174e-01  5.620e-01  
1.351e-01  9.973e-01  
9.582e-01  5.820e-02  
1.413e-02  1.000e+00  
1.554e-01  9.927e-01  
5.482e-02  9.989e-01  
6.478e-01  2.317e-01  
8.717e-01  1.271e-01  
1.717e-02  9.951e-01  
7.422e-01  1.824e-01  
9.869e-01  1.552e-02  
2.747e-01  6.190e-01  
2.858e-01  6.089e-01  
3.082e-01  5.421e-01  
5.081e-01  3.674e-01  
9.402e-01  1.019e-01  
1.726e-02  9.977e-01  
2.372e-01  7.901e-01  
8.832e-01  7.609e-02  
7.466e-01  1.731e-01  
1.717e-02  9.941e-01  
9.907e-01  2.039e-02  
5.672e-01  3.596e-01  
3.542e-01  4.588e-01  
1.000e+00  3.446e-05  
7.095e-01  2.138e-01  
7.291e-01  1.989e-01  
3.226e-01  5.276e-01  
3.118e-01  6.433e-01  
4.902e-02  1.004e+00  
2.598e-02  9.939e-01  
2.170e-01  7.002e-01  
2.690e-01  7.488e-01  
4.943e-01  4.016e-01  
5.516e-01  3.531e-01  
3.934e-01  5.038e-01  
7.980e-01  1.271e-01  
3.239e-01  4.980e-01  
4.991e-01  3.603e-01  
9.415e-01  1.099e-01  
2.023e-02  9.989e-01  
7.554e-01  1.965e-01  
2.563e-01  5.696e-01  
3.152e-01  5.452e-01  
9.520e-01  3.064e-02  
3.224e-01  4.996e-01  
2.256e-01  8.464e-01  
2.892e-01  5.451e-01  
3.174e-01  5.620e-01  
6.396e-01  3.071e-01  
2.268e-01  7.275e-01  
3.934e-01  5.038e-01  
1.002e+00  1.812e-02  
7.646e-01  1.852e-01  
2.313e-01  6.408e-01  
9.822e-01  2.390e-02  
1.486e-02  1.007e+00  
5.247e-01  3.319e-01  
4.088e-01  4.232e-01  
1.803e-01  9.919e-01  
5.825e-01  2.801e-01  
9.559e-01  3.506e-02  
9.559e-01  3.506e-02  
4.370e-01  4.169e-01  
2.598e-02  9.939e-01  
3.849e-01  4.168e-01  
2.587e-01  5.630e-01  
2.424e-02  1.009e+00  
4.902e-02  1.004e+00  
5.034e-01  3.485e-01  
7.095e-01  2.138e-01  
6.046e-01  3.625e-01  
8.211e-03  1.064e+00  
8.211e-03  1.064e+00  
4.491e-01  4.038e-01  
4.362e-01  4.027e-01  
6.478e-01  2.317e-01  
2.201e-01  7.459e-01  
4.087e-01  4.161e-01  
