7.697e-04  1.239e+00  
1.013e+00  4.410e-04  
3.926e-01  4.404e-01  
7.166e-01  2.523e-01  
2.063e-01  6.443e-01  
5.686e-01  3.561e-01  
6.366e-02  9.990e-01  
3.250e-01  5.556e-01  
8.555e-01  1.317e-01  
9.896e-01  6.196e-02  
1.462e-02  9.995e-01  
5.268e-01  3.860e-01  
5.797e-01  3.201e-01  
2.637e-01  5.647e-01  
3.753e-01  4.940e-01  
7.414e-01  1.750e-01  
1.657e-01  7.402e-01  
1.392e-01  8.535e-01  
5.794e-01  3.227e-01  
8.104e-01  1.453e-01  
3.140e-01  6.274e-01  
4.458e-01  3.937e-01  
3.923e-01  4.548e-01  
8.991e-01  8.867e-02  
5.345e-01  3.662e-01  
9.834e-01  3.054e-02  
1.971e-01  6.875e-01  
1.856e-02  9.987e-01  
3.540e-01  5.177e-01  
6.366e-02  9.990e-01  
6.330e-01  2.530e-01  
6.807e-01  1.993e-01  
1.909e-01  6.838e-01  
7.289e-01  1.726e-01  
9.774e-01  4.227e-02  
2.755e-03  9.984e-01  
2.878e-01  5.876e-01  
1.557e-01  7.596e-01  
1.013e-01  1.001e+00  
6.043e-01  3.419e-01  
3.755e-01  4.677e-01  
5.176e-01  3.205e-01  
3.647e-01  5.347e-01  
2.264e-01  5.980e-01  
1.548e-01  7.725e-01  
6.579e-01  2.355e-01  
4.989e-01  3.367e-01  
9.507e-01  7.542e-02  
4.683e-01  3.970e-01  
2.096e-01  6.103e-01  
4.040e-01  4.224e-01  
2.869e-01  5.626e-01  
8.451e-03  1.005e+00  
5.760e-01  2.866e-01  
1.462e-02  9.995e-01  
4.698e-01  3.877e-01  
6.024e-01  2.709e-01  
1.027e+00  1.609e-02  
1.940e-01  6.681e-01  
8.936e-01  1.023e-01  
8.573e-01  1.188e-01  
3.222e-01  4.815e-01  
8.052e-01  1.577e-01  
7.040e-01  2.052e-01  
1.711e-01  7.245e-01  
7.801e-01  1.679e-01  
6.366e-02  9.990e-01  
6.579e-01  2.355e-01  
4.234e-01  4.407e-01  
4.808e-01  3.540e-01  
7.337e-01  1.861e-01  
2.063e-01  6.443e-01  
5.900e-01  2.819e-01  
3.295e-01  5.221e-01  
4.420e-01  4.289e-01  
1.557e-01  7.596e-01  
4.196e-02  1.001e+00  
7.289e-01  1.726e-01  
5.955e-01  2.900e-01  
9.892e-01  3.270e-02  
5.383e-01  3.044e-01  
2.819e-01  5.316e-01  
3.751e-01  4.301e-01  
5.121e-01  3.591e-01  
3.706e-01  4.666e-01  
5.955e-01  2.900e-01  
1.669e-01  7.979e-01  
2.702e-03  9.984e-01  
3.352e-01  5.207e-01  
4.941e-01  3.331e-01  
2.474e-01  5.719e-01  
6.699e-01  2.361e-01  
9.732e-01  3.141e-02  
3.873e-03  9.999e-01  
8.375e-01  1.252e-01  
2.357e-01  6.471e-01  
4.234e-01  4.407e-01  
5.760e-01  2.866e-01  
3.293e-01  5.833e-01  
5.119e-01  4.472e-01  
5.323e-02  9.988e-01  
1.583e-01  8.660e-01  
4.999e-01  3.649e-01  
5.105e-02  1.000e+00  
6.330e-01  2.530e-01  
8.104e-01  1.402e-01  
6.320e-03  9.991e-01  
4.136e-01  4.185e-01  
6.591e-01  2.700e-01  
7.295e-01  2.136e-01  
3.564e-01  5.530e-01  
2.070e-01  6.525e-01  
2.824e-01  5.291e-01  
3.511e-01  4.926e-01  
2.544e-01  6.522e-01  
9.382e-01  8.578e-02  
1.820e-01  7.811e-01  
7.801e-01  1.679e-01  
1.462e-02  9.995e-01  
8.484e-01  1.177e-01  
9.814e-01  2.036e-02  
2.637e-01  5.647e-01  
9.632e-01  7.232e-02  
1.862e-01  7.211e-01  
7.290e-01  1.978e-01  
8.451e-03  1.005e+00  
9.507e-01  7.542e-02  
3.250e-01  5.556e-01  
1.074e+00  7.290e-03  
3.647e-01  5.347e-01  
9.896e-01  6.196e-02  
1.529e-01  8.779e-01  
1.557e-01  8.215e-01  
5.105e-02  1.000e+00  
9.990e-01  1.446e-02  
8.545e-01  1.233e-01  
9.963e-01  9.591e-03  
2.051e-01  6.292e-01  
7.643e-01  1.515e-01  
2.063e-01  6.443e-01  
7.371e-03  9.993e-01  
6.088e-01  2.777e-01  
6.554e-01  2.216e-01  
3.293e-01  5.833e-01  
3.424e-01  4.831e-01  
4.134e-01  4.325e-01  
2.474e-01  5.719e-01  
5.526e-01  3.302e-01  
1.317e-01  8.935e-01  
2.357e-01  6.471e-01  
2.869e-01  5.626e-01  
7.264e-01  1.734e-01  
3.250e-01  5.556e-01  
4.540e-01  4.109e-01  
1.714e-01  8.144e-01  
5.742e-01  2.839e-01  
1.657e-01  7.402e-01  
2.474e-01  5.719e-01  
5.119e-01  4.472e-01  
5.595e-01  3.082e-01  
6.167e-01  2.600e-01  
2.808e-01  5.699e-01  
6.238e-01  3.585e-01  
1.557e-01  7.596e-01  
4.319e-01  4.636e-01  
3.540e-01  5.177e-01  
4.319e-01  4.636e-01  
5.449e-01  3.541e-01  
1.007e+00  1.683e-02  
5.121e-01  3.591e-01  
4.158e-01  4.188e-01  
6.018e-01  3.101e-01  
6.759e-03  1.001e+00  
4.808e-01  3.540e-01  
5.323e-02  9.988e-01  
5.526e-01  3.302e-01  
1.317e-01  8.935e-01  
4.134e-01  4.325e-01  
1.316e-01  9.676e-01  
4.973e-01  3.905e-01  
6.350e-01  2.506e-01  
3.125e-01  6.325e-01  
4.097e-01  4.228e-01  
3.728e-01  4.464e-01  
8.104e-01  1.453e-01  
8.012e-01  1.857e-01  
2.481e-01  6.738e-01  
3.288e-01  4.937e-01  
5.121e-01  3.591e-01  
3.540e-01  5.177e-01  
5.022e-01  4.296e-01  
5.391e-01  2.944e-01  
4.040e-01  4.224e-01  
3.986e-01  4.372e-01  
9.899e-01  3.766e-02  
7.455e-01  1.977e-01  
3.334e-01  4.830e-01  
7.295e-01  2.136e-01  
3.466e-01  5.204e-01  
1.546e-01  8.320e-01  
5.955e-01  2.900e-01  
2.690e-01  5.868e-01  
4.556e-01  3.629e-01  
9.095e-01  1.065e-01  
2.927e-01  5.788e-01  
6.024e-01  2.709e-01  
5.526e-01  3.302e-01  
8.966e-03  9.994e-01  
7.285e-01  1.655e-01  
1.418e-02  9.992e-01  
9.835e-01  6.407e-02  
6.330e-01  2.530e-01  
6.043e-01  3.419e-01  
1.557e-01  7.596e-01  
4.698e-01  3.877e-01  
9.926e-01  1.340e-02  
6.807e-01  1.993e-01  
6.699e-01  2.361e-01  
6.776e-01  2.145e-01  
5.323e-02  9.988e-01  
2.277e-01  6.609e-01  
1.862e-01  7.211e-01  
1.557e-01  7.596e-01  
6.699e-01  2.361e-01  
9.838e-01  1.826e-02  
1.770e-01  6.791e-01  
1.862e-01  7.211e-01  
1.764e-01  7.167e-01  
2.972e-01  5.355e-01  
7.579e-03  9.992e-01  
8.555e-01  1.317e-01  
8.781e-01  9.131e-02  
1.632e-03  1.013e+00  
3.647e-01  5.347e-01  
6.554e-01  2.216e-01  
7.455e-01  1.977e-01  
3.138e-01  5.111e-01  
4.773e-03  9.989e-01  
6.203e-02  9.988e-01  
5.955e-01  2.900e-01  
6.647e-03  9.991e-01  
2.949e-02  1.001e+00  
9.382e-01  8.578e-02  
1.770e-01  6.791e-01  
8.555e-01  1.317e-01  
7.643e-01  1.515e-01  
2.512e-01  6.565e-01  
9.514e-01  6.224e-02  
2.557e-01  5.909e-01  
2.755e-03  9.984e-01  
8.555e-01  1.317e-01  
8.973e-01  1.096e-01  
6.647e-03  9.991e-01  
6.975e-01  2.028e-01  
9.813e-01  2.752e-02  
1.000e+00  2.241e-03  
9.969e-01  1.820e-02  
9.926e-01  1.340e-02  
2.420e-01  5.529e-01  
9.892e-01  3.270e-02  
6.554e-01  2.216e-01  
7.279e-01  1.722e-01  
8.104e-01  1.402e-01  
9.850e-04  9.991e-01  
3.973e-01  4.252e-01  
8.599e-01  1.152e-01  
8.158e-01  1.317e-01  
7.643e-01  1.515e-01  
1.462e-02  9.995e-01  
3.090e-01  5.716e-01  
6.366e-02  9.990e-01  
2.474e-01  5.719e-01  
4.458e-01  3.937e-01  
3.647e-01  5.347e-01  
3.295e-01  5.221e-01  
7.801e-01  1.679e-01  
8.421e-02  1.000e+00  
1.770e-01  6.791e-01  
6.554e-01  2.216e-01  
3.873e-03  9.999e-01  
5.323e-02  9.988e-01  
2.357e-01  6.471e-01  
6.024e-01  2.709e-01  
6.781e-01  2.360e-01  
2.080e-01  6.405e-01  
3.873e-03  9.999e-01  
9.095e-01  1.065e-01  
1.570e-01  7.829e-01  
1.718e-02  1.001e+00  
1.465e-01  7.888e-01  
5.356e-01  3.039e-01  
4.683e-01  3.970e-01  
5.105e-02  1.000e+00  
6.037e-01  2.639e-01  
5.955e-01  2.900e-01  
3.295e-01  4.711e-01  
4.234e-01  4.407e-01  
2.474e-01  5.719e-01  
5.955e-01  2.900e-01  
4.006e-01  4.098e-01  
9.471e-03  9.991e-01  
3.753e-01  4.940e-01  
6.037e-01  2.639e-01  
4.941e-01  3.331e-01  
3.973e-01  4.252e-01  
5.526e-01  3.302e-01  
6.965e-04  9.995e-01  
3.424e-01  4.831e-01  
5.526e-01  3.302e-01  
4.319e-01  4.636e-01  
1.601e-01  8.113e-01  
2.637e-01  5.647e-01  
4.675e-01  3.533e-01  
7.279e-01  1.722e-01  
1.584e-01  8.320e-01  
4.683e-01  3.970e-01  
5.900e-01  2.819e-01  
5.900e-01  2.819e-01  
2.637e-01  5.647e-01  
5.686e-01  3.561e-01  
5.630e-01  3.103e-01  
5.377e-01  3.067e-01  
3.140e-01  6.274e-01  
8.555e-01  1.317e-01  
3.293e-01  5.833e-01  
1.529e-01  8.779e-01  
9.382e-01  8.578e-02  
6.579e-01  2.355e-01  
6.554e-01  2.216e-01  
1.584e-01  8.320e-01  
4.420e-01  4.289e-01  
4.134e-01  4.325e-01  
3.772e-01  4.455e-01  
1.548e-01  7.725e-01  
2.080e-01  6.405e-01  
3.222e-01  4.815e-01  
5.900e-01  2.819e-01  
8.936e-01  1.023e-01  
3.728e-01  4.464e-01  
2.357e-01  6.471e-01  
7.024e-01  2.237e-01  
3.003e-01  6.255e-01  
5.526e-01  3.302e-01  
5.391e-01  2.944e-01  
2.277e-01  6.609e-01  
8.522e-01  1.203e-01  
1.711e-01  7.245e-01  
5.595e-01  3.082e-01  
1.862e-01  7.211e-01  
4.134e-01  4.325e-01  
4.841e-01  3.660e-01  
1.691e-01  6.402e-01  
1.940e-01  6.681e-01  
8.973e-01  1.096e-01  
3.729e-01  5.163e-01  
3.334e-01  4.830e-01  
5.784e-01  3.381e-01  
2.869e-01  5.626e-01  
3.647e-01  5.347e-01  
3.923e-01  4.548e-01  
5.105e-02  1.000e+00  
3.973e-01  4.252e-01  
4.234e-01  4.407e-01  
6.965e-04  9.995e-01  
3.564e-01  5.530e-01  
2.869e-01  5.626e-01  
7.643e-01  1.515e-01  
5.595e-01  3.082e-01  
5.797e-01  3.201e-01  
6.330e-01  2.530e-01  
3.857e-01  5.141e-01  
2.976e-01  5.522e-01  
2.869e-01  5.626e-01  
4.808e-01  3.540e-01  
6.699e-01  2.361e-01  
4.941e-01  3.331e-01  
7.801e-01  1.679e-01  
1.770e-01  6.791e-01  
9.969e-01  1.820e-02  
6.366e-02  9.990e-01  
6.024e-01  2.709e-01  
5.084e-01  3.625e-01  
3.254e-01  4.831e-01  
4.989e-01  3.367e-01  
1.378e-01  9.087e-01  
4.698e-01  3.877e-01  
3.753e-01  4.940e-01  
4.683e-01  3.970e-01  
9.896e-01  6.196e-02  
6.699e-01  2.361e-01  
5.686e-01  3.561e-01  
1.657e-01  7.402e-01  
6.965e-04  9.995e-01  
3.090e-01  5.716e-01  
8.164e-01  1.364e-01  
3.772e-01  4.455e-01  
8.014e-01  1.689e-01  
2.132e-03  9.995e-01  
9.892e-01  3.270e-02  
5.686e-01  3.561e-01  
2.895e-01  6.427e-01  
6.860e-01  2.159e-01  
1.632e-03  1.013e+00  
8.599e-01  1.152e-01  
8.012e-01  1.857e-01  
8.421e-02  1.000e+00  
2.762e-01  5.478e-01  
3.923e-01  4.548e-01  
3.870e-01  4.487e-01  
8.936e-01  1.023e-01  
7.610e-01  1.756e-01  
1.601e-01  8.113e-01  
7.290e-01  1.978e-01  
6.860e-01  2.159e-01  
3.540e-01  5.177e-01  
4.458e-01  3.937e-01  
3.140e-01  6.274e-01  
4.136e-01  4.185e-01  
5.121e-01  3.486e-01  
2.051e-01  6.292e-01  
7.285e-01  1.655e-01  
1.711e-01  7.245e-01  
9.382e-01  8.578e-02  
3.326e-01  5.488e-01  
5.526e-01  3.302e-01  
3.706e-01  4.666e-01  
1.711e-01  7.245e-01  
1.971e-01  6.875e-01  
5.526e-01  3.302e-01  
7.241e-01  2.965e-01  
7.166e-01  2.523e-01  
3.392e-01  4.699e-01  
5.391e-01  2.944e-01  
7.011e-01  2.575e-01  
7.371e-03  9.993e-01  
7.290e-01  1.978e-01  
8.991e-01  8.867e-02  
1.764e-01  7.167e-01  
1.719e-01  7.570e-01  
3.564e-01  5.530e-01  
4.134e-01  4.325e-01  
2.070e-01  6.525e-01  
1.711e-01  7.245e-01  
3.564e-01  5.530e-01  
2.748e-01  5.655e-01  
4.698e-01  3.877e-01  
6.554e-01  2.216e-01  
1.036e-02  9.992e-01  
8.163e-01  1.630e-01  
4.097e-01  4.228e-01  
2.949e-02  1.001e+00  
1.577e-01  8.391e-01  
7.024e-01  2.237e-01  
2.357e-01  6.471e-01  
1.770e-01  6.791e-01  
2.748e-01  5.655e-01  
9.858e-01  1.479e-02  
8.890e-01  9.499e-02  
2.738e-01  5.447e-01  
9.838e-01  1.826e-02  
4.941e-01  3.331e-01  
2.773e-01  5.860e-01  
8.890e-01  9.499e-02  
1.971e-01  6.875e-01  
2.702e-03  9.984e-01  
9.963e-01  9.591e-03  
2.070e-01  6.525e-01  
1.465e-01  7.888e-01  
7.279e-01  1.722e-01  
9.865e-01  4.203e-02  
6.727e-01  2.308e-01  
8.546e-01  1.400e-01  
9.892e-01  3.270e-02  
1.770e-01  6.791e-01  
1.862e-01  7.211e-01  
7.055e-01  1.990e-01  
6.451e-01  2.909e-01  
9.926e-01  1.340e-02  
4.941e-01  3.331e-01  
6.860e-01  2.159e-01  
7.643e-01  1.515e-01  
9.865e-01  4.203e-02  
1.298e+00  1.288e-03  
8.451e-03  1.005e+00  
1.570e-01  7.829e-01  
7.446e-01  1.934e-01  
6.147e-02  9.996e-01  
8.522e-01  1.203e-01  
3.344e-01  6.365e-01  
2.132e-03  9.995e-01  
3.113e-01  5.287e-01  
1.392e-01  8.535e-01  
1.940e-01  6.587e-01  
6.647e-03  9.991e-01  
8.890e-01  9.499e-02  
9.896e-01  6.196e-02  
9.838e-01  1.826e-02  
8.041e-03  9.992e-01  
1.112e-03  1.012e+00  
8.553e-01  1.250e-01  
4.196e-02  1.001e+00  
9.969e-01  1.820e-02  
9.899e-01  3.766e-02  
9.892e-01  3.270e-02  
7.579e-03  9.992e-01  
9.838e-01  1.826e-02  
5.912e-03  9.991e-01  
1.027e+00  1.609e-02  
9.677e-01  4.948e-02  
1.316e-01  9.676e-01  
7.455e-01  1.977e-01  
1.298e+00  1.288e-03  
4.196e-02  1.001e+00  
9.768e-01  3.030e-02  
9.892e-01  3.270e-02  
7.926e-01  1.735e-01  
9.471e-03  9.991e-01  
8.599e-01  1.152e-01  
9.382e-01  8.578e-02  
1.007e+00  1.683e-02  
9.821e-01  3.889e-02  
3.212e-01  5.305e-01  
5.105e-02  1.000e+00  
9.434e-01  6.533e-02  
5.323e-02  9.988e-01  
1.470e-01  8.233e-01  
1.462e-02  9.995e-01  
6.699e-01  2.361e-01  
8.522e-01  1.203e-01  
1.820e-02  9.994e-01  
7.446e-01  1.934e-01  
1.000e+00  9.822e-04  
2.748e-01  5.655e-01  
3.003e-01  6.255e-01  
3.113e-01  4.762e-01  
5.526e-01  3.302e-01  
9.382e-01  8.578e-02  
9.445e-04  9.990e-01  
2.474e-01  5.719e-01  
9.434e-01  6.533e-02  
7.643e-01  1.515e-01  
8.421e-02  1.000e+00  
9.768e-01  3.030e-02  
5.526e-01  3.302e-01  
3.424e-01  4.831e-01  
1.027e+00  1.609e-02  
7.289e-01  1.726e-01  
7.150e-01  2.015e-01  
3.293e-01  5.833e-01  
2.730e-01  5.642e-01  
5.105e-02  1.000e+00  
3.873e-03  9.999e-01  
1.862e-01  7.211e-01  
2.035e-01  6.504e-01  
5.119e-01  4.472e-01  
5.526e-01  3.302e-01  
3.706e-01  4.666e-01  
7.849e-01  1.386e-01  
3.647e-01  5.347e-01  
5.526e-01  3.302e-01  
8.522e-01  1.203e-01  
4.196e-02  1.001e+00  
7.290e-01  1.978e-01  
3.293e-01  5.833e-01  
3.325e-01  5.517e-01  
1.084e+00  4.559e-02  
3.753e-01  4.940e-01  
1.711e-01  7.245e-01  
2.972e-01  5.355e-01  
3.090e-01  5.716e-01  
5.797e-01  3.201e-01  
1.719e-01  7.570e-01  
3.706e-01  4.666e-01  
9.969e-01  1.820e-02  
7.320e-01  1.808e-01  
2.748e-01  5.655e-01  
9.926e-01  1.340e-02  
1.557e-01  8.215e-01  
5.670e-01  3.510e-01  
3.973e-01  4.252e-01  
1.557e-01  8.215e-01  
5.742e-01  2.839e-01  
1.007e+00  1.683e-02  
1.007e+00  1.683e-02  
3.884e-01  4.351e-01  
6.366e-02  9.990e-01  
4.197e-01  3.939e-01  
2.869e-01  5.626e-01  
1.462e-02  9.995e-01  
1.347e-01  9.093e-01  
5.654e-01  3.420e-01  
7.152e-01  2.236e-01  
5.686e-01  3.561e-01  
7.760e-03  1.005e+00  
6.965e-04  9.995e-01  
4.476e-01  4.184e-01  
5.119e-01  4.472e-01  
7.024e-01  2.237e-01  
1.653e-01  7.220e-01  
4.097e-01  4.228e-01  
