2.979e-02  1.068e+00  
1.092e+00  6.924e-02  
6.719e-01  6.948e-01  
9.031e-01  3.455e-01  
1.913e-01  1.037e+00  
8.390e-01  4.683e-01  
4.353e-02  1.067e+00  
5.147e-01  8.397e-01  
1.004e+00  1.369e-01  
1.019e+00  9.287e-02  
3.575e-02  1.069e+00  
6.814e-01  6.419e-01  
8.491e-01  3.982e-01  
3.457e-01  9.581e-01  
5.946e-01  8.126e-01  
1.021e+00  1.054e-01  
2.077e-01  1.029e+00  
2.018e-01  1.027e+00  
8.384e-01  4.560e-01  
1.007e+00  1.600e-01  
3.593e-01  9.572e-01  
6.856e-01  6.349e-01  
6.726e-01  7.170e-01  
1.003e+00  1.397e-01  
7.268e-01  6.110e-01  
1.050e+00  7.617e-02  
3.790e-01  9.598e-01  
3.169e-02  1.066e+00  
5.921e-01  8.089e-01  
2.979e-02  1.068e+00  
8.757e-01  3.683e-01  
1.010e+00  1.196e-01  
1.943e-01  1.034e+00  
1.010e+00  1.196e-01  
1.026e+00  8.037e-02  
4.217e-02  1.066e+00  
3.894e-01  9.691e-01  
3.223e-02  1.067e+00  
3.812e-02  1.068e+00  
8.404e-01  4.353e-01  
6.707e-01  6.939e-01  
8.390e-01  4.574e-01  
5.258e-01  8.268e-01  
3.969e-01  9.477e-01  
2.077e-01  1.029e+00  
8.351e-01  4.600e-01  
7.268e-01  6.110e-01  
1.027e+00  1.160e-01  
6.785e-01  6.485e-01  
3.552e-01  9.588e-01  
6.694e-01  7.007e-01  
5.238e-01  8.536e-01  
3.553e-02  1.067e+00  
8.394e-01  4.289e-01  
4.217e-02  1.066e+00  
6.736e-01  6.577e-01  
8.611e-01  3.812e-01  
1.062e+00  8.099e-02  
2.015e-01  1.031e+00  
1.011e+00  1.229e-01  
1.006e+00  1.598e-01  
5.217e-01  8.297e-01  
1.018e+00  8.581e-02  
9.575e-01  3.326e-01  
2.020e-01  1.030e+00  
1.009e+00  1.476e-01  
5.312e-02  1.066e+00  
8.640e-01  3.788e-01  
6.793e-01  6.460e-01  
6.938e-01  6.308e-01  
1.018e+00  8.581e-02  
2.015e-01  1.031e+00  
8.400e-01  4.576e-01  
5.147e-01  8.397e-01  
6.726e-01  7.170e-01  
2.031e-01  1.027e+00  
3.575e-02  1.069e+00  
1.013e+00  1.148e-01  
8.384e-01  4.634e-01  
1.035e+00  9.029e-02  
8.377e-01  4.488e-01  
3.856e-01  9.570e-01  
6.789e-01  7.445e-01  
7.069e-01  6.217e-01  
6.726e-01  7.170e-01  
8.396e-01  4.306e-01  
2.010e-01  1.028e+00  
4.405e-02  1.066e+00  
5.258e-01  8.268e-01  
7.833e-01  5.965e-01  
3.705e-01  9.629e-01  
8.972e-01  3.552e-01  
1.054e+00  8.692e-02  
4.366e-02  1.067e+00  
1.003e+00  1.401e-01  
3.707e-01  9.616e-01  
6.698e-01  6.669e-01  
8.423e-01  4.589e-01  
3.790e-01  9.598e-01  
7.077e-01  6.189e-01  
3.071e-02  1.066e+00  
1.943e-01  1.049e+00  
7.635e-01  5.969e-01  
3.575e-02  1.069e+00  
8.481e-01  4.036e-01  
1.030e+00  7.266e-02  
3.303e-02  1.066e+00  
6.717e-01  6.630e-01  
8.626e-01  3.797e-01  
1.171e+00  1.933e-01  
5.946e-01  8.126e-01  
2.077e-01  1.029e+00  
3.348e-01  9.896e-01  
5.301e-01  8.177e-01  
3.894e-01  9.691e-01  
1.011e+00  1.229e-01  
1.989e-01  1.032e+00  
1.010e+00  1.196e-01  
3.198e-02  1.066e+00  
1.002e+00  1.419e-01  
1.059e+00  7.722e-02  
3.423e-01  9.652e-01  
1.075e+00  8.347e-02  
1.943e-01  1.034e+00  
9.215e-01  3.460e-01  
3.181e-02  1.069e+00  
1.024e+00  1.079e-01  
5.217e-01  8.297e-01  
1.080e+00  8.571e-02  
5.419e-01  8.186e-01  
1.075e+00  8.347e-02  
1.943e-01  1.049e+00  
2.069e-01  1.027e+00  
4.350e-02  1.067e+00  
1.070e+00  7.803e-02  
1.005e+00  1.720e-01  
1.080e+00  8.571e-02  
3.629e-01  9.589e-01  
1.009e+00  1.476e-01  
3.484e-01  9.629e-01  
3.198e-02  1.066e+00  
8.363e-01  4.500e-01  
8.777e-01  3.645e-01  
3.348e-01  9.896e-01  
5.921e-01  8.089e-01  
6.728e-01  6.972e-01  
3.401e-01  9.728e-01  
7.910e-01  5.922e-01  
3.812e-02  1.068e+00  
3.348e-01  9.896e-01  
5.320e-01  9.358e-01  
1.030e+00  7.266e-02  
5.217e-01  8.297e-01  
6.814e-01  6.419e-01  
1.989e-01  1.032e+00  
8.385e-01  4.702e-01  
2.074e-01  1.029e+00  
3.348e-01  9.896e-01  
6.793e-01  6.460e-01  
8.394e-01  4.289e-01  
8.534e-01  3.982e-01  
3.856e-01  9.570e-01  
6.938e-01  6.308e-01  
2.062e-01  1.025e+00  
6.709e-01  7.062e-01  
5.243e-01  8.203e-01  
5.921e-01  8.089e-01  
7.077e-01  6.189e-01  
1.027e+00  9.327e-02  
8.396e-01  4.306e-01  
6.715e-01  6.796e-01  
8.390e-01  4.574e-01  
3.485e-02  1.067e+00  
7.268e-01  6.110e-01  
3.198e-02  1.066e+00  
8.384e-01  4.560e-01  
2.074e-01  1.029e+00  
6.728e-01  6.972e-01  
1.943e-01  1.049e+00  
7.328e-01  6.238e-01  
8.450e-01  3.997e-01  
3.731e-01  9.635e-01  
6.694e-01  7.007e-01  
5.946e-01  8.126e-01  
1.021e+00  1.054e-01  
1.007e+00  1.600e-01  
3.563e-01  9.640e-01  
6.201e-01  8.074e-01  
7.731e-01  5.934e-01  
5.516e-01  8.130e-01  
7.019e-01  6.253e-01  
8.390e-01  4.683e-01  
6.793e-01  6.460e-01  
6.732e-01  7.240e-01  
1.025e+00  9.912e-02  
9.076e-01  3.478e-01  
5.258e-01  8.268e-01  
8.611e-01  3.812e-01  
5.285e-01  8.299e-01  
1.978e-01  1.032e+00  
8.384e-01  4.560e-01  
3.908e-01  9.576e-01  
6.807e-01  6.400e-01  
1.006e+00  1.598e-01  
3.813e-01  9.659e-01  
8.394e-01  4.289e-01  
6.938e-01  6.308e-01  
3.123e-02  1.066e+00  
1.012e+00  2.037e-01  
3.071e-02  1.066e+00  
1.025e+00  9.539e-02  
8.481e-01  4.036e-01  
8.426e-01  4.095e-01  
1.957e-01  1.027e+00  
6.747e-01  6.449e-01  
1.027e+00  1.029e-01  
8.351e-01  4.600e-01  
8.904e-01  3.564e-01  
9.204e-01  3.381e-01  
2.891e-02  1.067e+00  
2.106e-01  1.039e+00  
2.069e-01  1.027e+00  
2.062e-01  1.025e+00  
1.022e+00  7.932e-02  
1.062e+00  8.099e-02  
2.032e-01  1.029e+00  
2.069e-01  1.027e+00  
2.020e-01  1.030e+00  
3.423e-01  9.652e-01  
3.123e-02  1.066e+00  
1.020e+00  1.050e-01  
1.046e+00  8.562e-02  
3.079e-02  1.066e+00  
5.419e-01  8.186e-01  
8.351e-01  4.600e-01  
1.021e+00  1.054e-01  
5.285e-01  8.299e-01  
3.198e-02  1.066e+00  
3.123e-02  1.066e+00  
8.481e-01  4.036e-01  
3.697e-02  1.067e+00  
3.169e-02  1.066e+00  
1.009e+00  1.525e-01  
2.187e-01  1.035e+00  
1.075e+00  8.347e-02  
1.009e+00  1.476e-01  
3.908e-01  9.576e-01  
1.035e+00  1.083e-01  
3.926e-01  9.678e-01  
3.890e-02  1.066e+00  
1.006e+00  1.598e-01  
1.011e+00  1.229e-01  
4.058e-02  1.067e+00  
8.611e-01  3.812e-01  
1.013e+00  1.409e-01  
1.080e+00  8.571e-02  
1.070e+00  8.863e-02  
1.062e+00  8.099e-02  
3.813e-01  9.659e-01  
1.063e+00  8.610e-02  
9.076e-01  3.478e-01  
8.351e-01  4.600e-01  
1.007e+00  1.600e-01  
3.169e-02  1.066e+00  
6.793e-01  6.460e-01  
1.004e+00  1.714e-01  
1.013e+00  1.574e-01  
1.143e+00  3.989e-01  
3.169e-02  1.066e+00  
3.920e-01  9.558e-01  
3.071e-02  1.066e+00  
2.035e-01  1.032e+00  
6.814e-01  6.419e-01  
5.301e-01  8.177e-01  
5.189e-01  8.247e-01  
1.003e+00  1.401e-01  
4.125e-02  1.072e+00  
1.943e-01  1.034e+00  
8.611e-01  3.812e-01  
3.169e-02  1.066e+00  
4.350e-02  1.067e+00  
3.908e-01  9.576e-01  
8.481e-01  4.036e-01  
8.859e-01  3.618e-01  
1.913e-01  1.037e+00  
3.071e-02  1.066e+00  
1.024e+00  1.056e-01  
2.069e-01  1.027e+00  
4.405e-02  1.066e+00  
1.978e-01  1.032e+00  
8.377e-01  4.488e-01  
7.268e-01  6.110e-01  
4.050e-02  1.066e+00  
8.611e-01  3.812e-01  
8.378e-01  4.461e-01  
6.128e-01  8.162e-01  
6.694e-01  7.007e-01  
3.423e-01  9.652e-01  
8.390e-01  4.574e-01  
6.728e-01  6.972e-01  
3.697e-02  1.067e+00  
6.707e-01  6.939e-01  
8.495e-01  3.996e-01  
7.428e-01  6.255e-01  
6.709e-01  7.062e-01  
7.833e-01  5.965e-01  
3.691e-02  1.067e+00  
6.093e-01  8.121e-01  
7.739e-01  5.984e-01  
6.707e-01  6.939e-01  
2.031e-01  1.027e+00  
3.790e-01  9.598e-01  
7.001e-01  6.223e-01  
1.006e+00  1.580e-01  
1.943e-01  1.049e+00  
7.077e-01  6.189e-01  
8.390e-01  4.574e-01  
8.394e-01  4.289e-01  
3.423e-01  9.652e-01  
8.390e-01  4.574e-01  
8.481e-01  4.036e-01  
8.378e-01  4.461e-01  
3.705e-01  9.629e-01  
1.007e+00  1.600e-01  
5.238e-01  8.536e-01  
1.969e-01  1.047e+00  
1.020e+00  1.050e-01  
8.508e-01  3.955e-01  
8.640e-01  3.788e-01  
1.943e-01  1.049e+00  
6.856e-01  6.349e-01  
6.707e-01  6.939e-01  
6.709e-01  7.062e-01  
2.032e-01  1.029e+00  
3.654e-01  9.595e-01  
5.557e-01  8.163e-01  
8.390e-01  4.683e-01  
1.044e+00  9.805e-02  
6.707e-01  6.939e-01  
3.654e-01  9.598e-01  
8.777e-01  3.645e-01  
3.348e-01  9.896e-01  
7.077e-01  6.189e-01  
8.404e-01  4.353e-01  
3.423e-01  9.652e-01  
1.003e+00  1.506e-01  
2.020e-01  1.030e+00  
7.910e-01  5.922e-01  
2.020e-01  1.030e+00  
6.814e-01  6.419e-01  
6.938e-01  6.308e-01  
2.055e-01  1.028e+00  
3.406e-01  9.871e-01  
1.003e+00  1.462e-01  
5.217e-01  8.297e-01  
5.419e-01  8.186e-01  
8.404e-01  4.353e-01  
5.186e-01  8.250e-01  
5.306e-01  8.184e-01  
6.728e-01  6.972e-01  
4.058e-02  1.067e+00  
6.726e-01  6.647e-01  
6.707e-01  6.939e-01  
3.198e-02  1.066e+00  
6.201e-01  8.074e-01  
5.320e-01  9.358e-01  
1.002e+00  1.596e-01  
8.426e-01  4.095e-01  
8.394e-01  4.289e-01  
8.640e-01  3.788e-01  
5.481e-01  8.190e-01  
5.238e-01  8.536e-01  
3.926e-01  9.678e-01  
7.268e-01  6.110e-01  
8.588e-01  3.877e-01  
8.607e-01  3.848e-01  
1.143e+00  3.989e-01  
3.563e-01  9.640e-01  
1.024e+00  1.079e-01  
5.312e-02  1.066e+00  
8.390e-01  4.683e-01  
7.268e-01  6.110e-01  
5.285e-01  8.299e-01  
7.833e-01  5.965e-01  
3.123e-02  1.066e+00  
7.069e-01  6.217e-01  
5.419e-01  8.186e-01  
7.497e-01  5.988e-01  
1.011e+00  1.338e-01  
8.904e-01  3.564e-01  
8.370e-01  4.349e-01  
2.077e-01  1.029e+00  
3.303e-02  1.066e+00  
5.174e-01  8.956e-01  
1.011e+00  1.229e-01  
6.719e-01  6.948e-01  
1.003e+00  1.506e-01  
3.198e-02  1.066e+00  
1.080e+00  8.571e-02  
8.607e-01  3.848e-01  
3.839e-01  9.556e-01  
8.640e-01  3.788e-01  
2.979e-02  1.068e+00  
1.030e+00  7.266e-02  
1.011e+00  1.338e-01  
4.538e-02  1.066e+00  
3.926e-01  9.678e-01  
6.789e-01  7.445e-01  
6.694e-01  7.007e-01  
1.009e+00  1.476e-01  
1.010e+00  1.960e-01  
2.041e-01  1.029e+00  
9.899e-01  3.166e-01  
9.575e-01  3.326e-01  
5.157e-01  8.414e-01  
6.819e-01  6.396e-01  
3.908e-01  9.576e-01  
6.728e-01  6.972e-01  
7.731e-01  5.934e-01  
1.913e-01  1.037e+00  
1.036e+00  2.711e-01  
3.423e-01  9.652e-01  
1.046e+00  8.562e-02  
5.217e-01  8.297e-01  
6.802e-01  6.443e-01  
5.921e-01  8.089e-01  
1.973e-01  1.028e+00  
1.913e-01  1.037e+00  
7.635e-01  5.969e-01  
8.491e-01  3.982e-01  
9.031e-01  3.455e-01  
5.186e-01  8.250e-01  
8.448e-01  4.117e-01  
8.491e-01  3.982e-01  
4.217e-02  1.066e+00  
8.955e-01  3.603e-01  
1.003e+00  1.401e-01  
2.020e-01  1.030e+00  
2.108e-01  1.029e+00  
5.258e-01  8.268e-01  
6.694e-01  7.007e-01  
1.943e-01  1.034e+00  
1.989e-01  1.032e+00  
5.419e-01  8.186e-01  
3.790e-01  9.598e-01  
6.938e-01  6.308e-01  
9.076e-01  3.478e-01  
4.366e-02  1.067e+00  
1.030e+00  7.266e-02  
6.698e-01  6.669e-01  
4.353e-02  1.067e+00  
1.958e-01  1.034e+00  
9.076e-01  3.478e-01  
3.699e-01  9.581e-01  
2.035e-01  1.032e+00  
3.908e-01  9.576e-01  
1.046e+00  8.562e-02  
1.013e+00  1.574e-01  
3.699e-01  9.581e-01  
1.076e+00  8.019e-02  
8.377e-01  4.488e-01  
3.813e-01  9.659e-01  
1.003e+00  1.438e-01  
2.033e-01  1.034e+00  
4.310e-02  1.066e+00  
1.066e+00  7.912e-02  
1.943e-01  1.034e+00  
2.035e-01  1.032e+00  
1.013e+00  1.871e-01  
1.035e+00  1.083e-01  
8.640e-01  3.788e-01  
1.021e+00  1.054e-01  
1.056e+00  9.213e-02  
1.943e-01  1.034e+00  
2.032e-01  1.029e+00  
9.110e-01  3.453e-01  
8.491e-01  3.982e-01  
1.056e+00  9.213e-02  
6.800e-01  6.421e-01  
8.955e-01  3.603e-01  
1.143e+00  3.989e-01  
1.059e+00  1.030e-01  
1.076e+00  8.019e-02  
4.217e-02  1.066e+00  
2.074e-01  1.029e+00  
1.030e+00  7.266e-02  
4.058e-02  1.067e+00  
1.013e+00  1.574e-01  
4.292e-01  9.768e-01  
3.071e-02  1.066e+00  
5.320e-01  9.358e-01  
4.021e-02  1.066e+00  
1.984e-01  1.024e+00  
3.169e-02  1.066e+00  
1.006e+00  1.500e-01  
1.035e+00  1.083e-01  
1.055e+00  7.168e-02  
4.749e-02  1.066e+00  
3.181e-02  1.069e+00  
1.003e+00  1.506e-01  
3.812e-02  1.068e+00  
1.056e+00  9.213e-02  
1.054e+00  8.692e-02  
1.025e+00  9.539e-02  
3.697e-02  1.067e+00  
1.062e+00  8.099e-02  
3.890e-02  1.066e+00  
1.080e+00  8.571e-02  
1.046e+00  8.562e-02  
3.123e-02  1.066e+00  
1.143e+00  3.989e-01  
1.050e+00  7.617e-02  
1.813e-01  1.034e+00  
1.070e+00  7.803e-02  
1.025e+00  9.539e-02  
1.030e+00  7.266e-02  
3.890e-02  1.066e+00  
1.013e+00  1.574e-01  
1.056e+00  9.213e-02  
1.076e+00  8.019e-02  
1.056e+00  9.213e-02  
5.285e-01  8.299e-01  
3.238e-02  1.066e+00  
1.029e+00  1.156e-01  
3.238e-02  1.066e+00  
1.966e-01  1.049e+00  
3.553e-02  1.067e+00  
9.031e-01  3.455e-01  
1.014e+00  1.078e-01  
2.971e-02  1.066e+00  
1.020e+00  1.050e-01  
1.072e+00  7.325e-02  
3.731e-01  9.632e-01  
3.856e-01  9.570e-01  
5.238e-01  8.536e-01  
7.910e-01  5.922e-01  
1.009e+00  1.476e-01  
2.979e-02  1.068e+00  
2.063e-01  1.029e+00  
1.044e+00  9.805e-02  
1.006e+00  1.580e-01  
3.691e-02  1.067e+00  
1.046e+00  8.562e-02  
6.800e-01  6.421e-01  
5.946e-01  8.126e-01  
1.056e+00  9.213e-02  
1.171e+00  1.933e-01  
9.899e-01  3.166e-01  
5.110e-01  8.518e-01  
3.839e-01  9.556e-01  
3.812e-02  1.068e+00  
3.856e-02  1.066e+00  
1.913e-01  1.037e+00  
2.077e-01  1.029e+00  
7.234e-01  6.275e-01  
8.384e-01  4.560e-01  
6.201e-01  8.074e-01  
1.013e+00  1.574e-01  
5.157e-01  8.414e-01  
7.731e-01  5.934e-01  
1.044e+00  9.805e-02  
4.353e-02  1.067e+00  
1.025e+00  7.075e-02  
3.348e-01  9.896e-01  
5.147e-01  8.397e-01  
1.033e+00  8.888e-02  
5.946e-01  8.126e-01  
2.018e-01  1.027e+00  
3.731e-01  9.632e-01  
5.238e-01  8.536e-01  
8.640e-01  3.788e-01  
2.069e-01  1.027e+00  
6.093e-01  8.121e-01  
1.059e+00  7.722e-02  
8.351e-01  4.600e-01  
3.727e-01  9.597e-01  
1.070e+00  8.863e-02  
2.069e-01  1.027e+00  
8.377e-01  4.488e-01  
6.694e-01  7.007e-01  
2.020e-01  1.030e+00  
8.396e-01  4.306e-01  
1.025e+00  9.539e-02  
1.044e+00  8.477e-02  
6.698e-01  6.669e-01  
3.512e-02  1.066e+00  
6.785e-01  6.485e-01  
3.920e-01  9.569e-01  
3.071e-02  1.066e+00  
3.812e-02  1.068e+00  
7.428e-01  6.255e-01  
9.076e-01  3.478e-01  
8.377e-01  4.488e-01  
4.050e-02  1.066e+00  
3.245e-02  1.065e+00  
6.807e-01  6.400e-01  
6.807e-01  6.400e-01  
8.611e-01  3.812e-01  
1.832e-01  1.035e+00  
6.728e-01  6.972e-01  
