5.330e-02  1.040e+00  
1.043e+00  4.631e-02  
6.919e-01  6.670e-01  
9.352e-01  3.043e-01  
3.034e-01  9.908e-01  
8.622e-01  4.673e-01  
6.511e-02  1.034e+00  
5.281e-01  8.372e-01  
1.027e+00  1.603e-01  
1.040e+00  7.575e-02  
8.164e-02  1.036e+00  
7.303e-01  5.781e-01  
9.060e-01  3.812e-01  
4.356e-01  8.943e-01  
5.827e-01  7.521e-01  
1.021e+00  1.951e-01  
4.524e-02  1.039e+00  
9.981e-02  1.038e+00  
8.706e-01  4.631e-01  
1.019e+00  1.906e-01  
4.398e-01  8.948e-01  
7.033e-01  6.129e-01  
6.489e-01  7.331e-01  
1.026e+00  1.183e-01  
8.761e-01  5.093e-01  
1.026e+00  1.183e-01  
3.664e-01  9.711e-01  
6.317e-02  1.036e+00  
5.518e-01  7.923e-01  
4.983e-02  1.041e+00  
8.846e-01  3.552e-01  
1.017e+00  1.809e-01  
2.885e-01  9.902e-01  
1.020e+00  1.307e-01  
1.031e+00  9.292e-02  
7.527e-02  1.037e+00  
4.372e-01  8.963e-01  
6.635e-02  1.034e+00  
6.731e-02  1.036e+00  
8.761e-01  5.093e-01  
6.141e-01  7.417e-01  
7.916e-01  5.266e-01  
5.351e-01  8.150e-01  
4.020e-01  9.117e-01  
2.177e-01  1.005e+00  
8.918e-01  3.341e-01  
7.615e-01  5.701e-01  
1.026e+00  1.080e-01  
7.156e-01  6.064e-01  
3.703e-01  9.671e-01  
6.860e-01  6.674e-01  
4.534e-01  8.970e-01  
4.983e-02  1.041e+00  
8.846e-01  3.552e-01  
8.686e-02  1.035e+00  
6.965e-01  6.537e-01  
9.074e-01  3.091e-01  
1.031e+00  9.292e-02  
3.213e-01  9.946e-01  
1.027e+00  9.681e-02  
1.033e+00  6.350e-02  
5.596e-01  7.720e-01  
1.021e+00  1.951e-01  
9.192e-01  3.079e-01  
2.589e-01  9.975e-01  
1.013e+00  1.817e-01  
7.265e-02  1.035e+00  
9.191e-01  3.098e-01  
7.235e-01  5.768e-01  
6.886e-01  6.781e-01  
9.343e-01  2.869e-01  
2.692e-01  9.901e-01  
8.603e-01  4.262e-01  
5.227e-01  8.775e-01  
6.141e-01  7.417e-01  
6.274e-02  1.032e+00  
7.265e-02  1.035e+00  
1.033e+00  6.350e-02  
8.491e-01  5.060e-01  
1.037e+00  6.622e-02  
8.706e-01  4.631e-01  
4.629e-01  8.936e-01  
6.135e-01  7.470e-01  
7.608e-01  5.550e-01  
5.307e-01  8.202e-01  
7.948e-01  5.293e-01  
1.271e-01  1.038e+00  
5.592e-02  1.047e+00  
5.372e-01  8.015e-01  
7.650e-01  5.354e-01  
3.664e-01  9.711e-01  
9.330e-01  2.902e-01  
1.040e+00  6.135e-02  
5.804e-02  1.046e+00  
1.040e+00  4.911e-02  
3.769e-01  9.426e-01  
5.307e-01  8.202e-01  
9.060e-01  3.812e-01  
4.356e-01  8.943e-01  
7.079e-01  6.107e-01  
8.164e-02  1.036e+00  
8.808e-02  1.034e+00  
7.407e-01  5.572e-01  
1.271e-01  1.038e+00  
8.761e-01  3.604e-01  
1.019e+00  1.906e-01  
4.983e-02  1.041e+00  
6.860e-01  6.674e-01  
8.975e-01  3.611e-01  
1.035e+00  5.757e-02  
5.539e-01  7.796e-01  
2.589e-01  9.975e-01  
4.629e-01  8.936e-01  
5.596e-01  7.720e-01  
4.082e-01  9.064e-01  
1.020e+00  1.434e-01  
5.891e-02  1.035e+00  
1.018e+00  2.190e-01  
5.804e-02  1.046e+00  
1.040e+00  7.575e-02  
1.026e+00  1.183e-01  
3.213e-01  9.946e-01  
1.042e+00  6.829e-02  
2.844e-01  9.905e-01  
9.074e-01  3.091e-01  
6.661e-02  1.052e+00  
1.031e+00  9.292e-02  
5.486e-01  7.943e-01  
1.045e+00  5.805e-02  
5.258e-01  8.531e-01  
1.026e+00  1.080e-01  
1.166e-01  1.038e+00  
6.511e-02  1.034e+00  
5.592e-02  1.047e+00  
1.031e+00  9.436e-02  
1.027e+00  1.603e-01  
1.043e+00  4.631e-02  
3.877e-01  9.236e-01  
1.040e+00  4.911e-02  
2.819e-01  9.914e-01  
7.753e-02  1.042e+00  
8.764e-01  4.320e-01  
9.243e-01  2.938e-01  
5.203e-01  8.953e-01  
5.827e-01  7.521e-01  
6.813e-01  7.059e-01  
3.213e-01  9.946e-01  
7.650e-01  5.354e-01  
9.165e-02  1.033e+00  
3.870e-01  9.242e-01  
4.358e-01  8.943e-01  
9.330e-01  2.902e-01  
5.329e-01  8.262e-01  
7.137e-01  5.890e-01  
2.901e-01  9.909e-01  
8.706e-01  4.631e-01  
5.891e-02  1.035e+00  
3.769e-01  9.426e-01  
7.222e-01  5.817e-01  
8.761e-01  5.093e-01  
8.632e-01  4.220e-01  
4.535e-01  8.926e-01  
6.886e-01  6.781e-01  
2.177e-01  1.005e+00  
6.372e-01  7.354e-01  
5.372e-01  8.015e-01  
5.903e-01  7.474e-01  
6.886e-01  6.781e-01  
1.040e+00  6.135e-02  
8.085e-01  5.491e-01  
6.919e-01  6.670e-01  
8.519e-01  4.645e-01  
6.218e-02  1.038e+00  
7.137e-01  5.890e-01  
6.731e-02  1.036e+00  
6.886e-01  6.781e-01  
1.166e-01  1.038e+00  
6.832e-01  6.843e-01  
4.388e-02  1.047e+00  
7.731e-01  5.320e-01  
9.074e-01  3.091e-01  
4.082e-01  9.064e-01  
6.489e-01  7.341e-01  
6.141e-01  7.417e-01  
1.021e+00  1.951e-01  
1.019e+00  1.688e-01  
2.177e-01  1.005e+00  
6.137e-01  7.431e-01  
7.553e-01  5.542e-01  
5.596e-01  7.720e-01  
6.835e-01  6.877e-01  
9.327e-01  3.244e-01  
6.860e-01  6.674e-01  
6.722e-01  7.318e-01  
1.039e+00  6.482e-02  
9.222e-01  2.955e-01  
5.486e-01  7.943e-01  
8.706e-01  4.631e-01  
5.461e-01  7.921e-01  
1.317e-01  1.039e+00  
8.622e-01  4.673e-01  
4.152e-01  8.993e-01  
6.813e-01  7.059e-01  
1.021e+00  1.392e-01  
4.535e-01  8.926e-01  
8.846e-01  3.552e-01  
7.303e-01  5.781e-01  
8.686e-02  1.035e+00  
1.025e+00  1.174e-01  
6.524e-02  1.036e+00  
1.028e+00  1.032e-01  
8.773e-01  3.813e-01  
8.761e-01  3.604e-01  
2.692e-01  9.901e-01  
6.868e-01  6.911e-01  
1.031e+00  9.436e-02  
9.675e-01  2.659e-01  
9.127e-01  3.149e-01  
9.243e-01  2.938e-01  
7.527e-02  1.037e+00  
3.034e-01  9.908e-01  
3.112e-01  9.941e-01  
2.177e-01  1.005e+00  
8.974e-01  3.318e-01  
1.042e+00  5.945e-02  
2.628e-01  9.924e-01  
5.592e-02  1.047e+00  
2.727e-01  9.919e-01  
3.717e-01  9.377e-01  
1.271e-01  1.038e+00  
1.040e+00  4.911e-02  
1.021e+00  1.392e-01  
5.592e-02  1.047e+00  
5.486e-01  7.943e-01  
9.330e-01  2.902e-01  
1.033e+00  6.350e-02  
5.307e-01  8.202e-01  
9.679e-02  1.033e+00  
6.731e-02  1.036e+00  
8.632e-01  4.220e-01  
6.858e-02  1.060e+00  
9.165e-02  1.033e+00  
1.024e+00  1.219e-01  
4.524e-02  1.039e+00  
1.029e+00  1.272e-01  
1.027e+00  1.603e-01  
3.664e-01  9.711e-01  
1.028e+00  1.032e-01  
3.803e-01  9.278e-01  
5.731e-02  1.045e+00  
1.019e+00  1.906e-01  
1.040e+00  4.911e-02  
8.164e-02  1.036e+00  
9.243e-01  2.938e-01  
1.026e+00  1.183e-01  
1.045e+00  5.075e-02  
1.039e+00  6.633e-02  
1.048e+00  4.872e-02  
4.356e-01  8.943e-01  
1.021e+00  1.392e-01  
1.033e+00  6.350e-02  
1.035e+00  5.757e-02  
1.019e+00  1.906e-01  
6.902e-02  1.037e+00  
6.945e-01  6.585e-01  
1.032e+00  8.693e-02  
1.017e+00  1.809e-01  
1.020e+00  1.307e-01  
5.731e-02  1.045e+00  
4.525e-01  8.895e-01  
8.686e-02  1.035e+00  
3.112e-01  9.941e-01  
6.835e-01  6.877e-01  
5.408e-01  7.959e-01  
5.281e-01  8.372e-01  
1.021e+00  1.951e-01  
8.164e-02  1.036e+00  
3.034e-01  9.908e-01  
9.100e-01  3.058e-01  
1.272e-01  1.038e+00  
4.983e-02  1.041e+00  
3.870e-01  9.242e-01  
8.975e-01  3.611e-01  
8.933e-01  3.445e-01  
2.692e-01  9.901e-01  
5.350e-02  1.048e+00  
1.026e+00  9.831e-02  
1.166e-01  1.038e+00  
6.218e-02  1.038e+00  
6.511e-02  1.034e+00  
8.415e-01  5.114e-01  
6.965e-01  6.537e-01  
1.272e-01  1.038e+00  
8.761e-01  3.604e-01  
8.706e-01  4.631e-01  
5.827e-01  7.521e-01  
6.813e-01  7.059e-01  
4.058e-01  9.092e-01  
8.869e-01  4.001e-01  
6.835e-01  6.877e-01  
5.731e-02  1.045e+00  
5.837e-01  7.512e-01  
8.869e-01  4.001e-01  
7.407e-01  5.572e-01  
6.372e-01  7.354e-01  
7.608e-01  5.550e-01  
1.272e-01  1.038e+00  
5.837e-01  7.512e-01  
7.608e-01  5.550e-01  
6.832e-01  6.843e-01  
6.511e-02  1.034e+00  
2.901e-01  9.909e-01  
7.051e-01  6.141e-01  
1.021e+00  1.516e-01  
8.808e-02  1.034e+00  
6.918e-01  7.355e-01  
8.761e-01  5.093e-01  
8.625e-01  4.289e-01  
4.082e-01  9.064e-01  
8.393e-01  5.134e-01  
9.191e-01  3.098e-01  
8.584e-01  4.570e-01  
4.398e-01  8.948e-01  
1.024e+00  1.528e-01  
4.747e-01  8.898e-01  
1.074e-01  1.035e+00  
1.024e+00  1.168e-01  
8.859e-01  3.968e-01  
8.632e-01  4.220e-01  
1.093e-01  1.035e+00  
7.137e-01  5.890e-01  
6.832e-01  6.843e-01  
6.489e-01  7.331e-01  
9.981e-02  1.038e+00  
3.769e-01  9.426e-01  
5.756e-01  7.570e-01  
8.650e-01  4.562e-01  
1.021e+00  1.392e-01  
6.372e-01  7.354e-01  
3.736e-01  9.392e-01  
9.352e-01  3.043e-01  
3.877e-01  9.236e-01  
7.115e-01  5.946e-01  
8.869e-01  4.001e-01  
3.719e-01  9.443e-01  
1.029e+00  1.724e-01  
8.491e-02  1.037e+00  
8.761e-01  5.093e-01  
2.901e-01  9.909e-01  
6.832e-01  6.843e-01  
7.615e-01  5.701e-01  
2.786e-01  9.904e-01  
3.769e-01  9.426e-01  
1.040e+00  4.911e-02  
5.722e-01  7.617e-01  
5.307e-01  8.202e-01  
9.014e-01  3.308e-01  
5.307e-01  8.202e-01  
5.625e-01  7.816e-01  
6.141e-01  7.417e-01  
1.016e-01  1.035e+00  
6.868e-01  6.911e-01  
6.835e-01  6.877e-01  
8.194e-02  1.035e+00  
6.135e-01  7.470e-01  
5.225e-01  8.775e-01  
1.016e+00  2.252e-01  
9.100e-01  3.058e-01  
7.615e-01  5.701e-01  
9.009e-01  3.250e-01  
5.722e-01  7.617e-01  
4.629e-01  8.936e-01  
4.318e-01  9.003e-01  
7.615e-01  5.701e-01  
8.970e-01  3.352e-01  
7.650e-01  5.354e-01  
1.013e+00  1.817e-01  
3.664e-01  9.711e-01  
1.024e+00  1.090e-01  
1.031e-01  1.037e+00  
8.584e-01  4.570e-01  
7.597e-01  5.426e-01  
5.227e-01  8.955e-01  
6.868e-01  6.911e-01  
9.981e-02  1.038e+00  
7.091e-01  6.086e-01  
5.596e-01  7.720e-01  
7.615e-01  5.701e-01  
1.025e+00  1.207e-01  
9.014e-01  3.308e-01  
8.491e-01  5.060e-01  
4.524e-02  1.039e+00  
5.941e-02  1.041e+00  
4.358e-01  8.943e-01  
1.027e+00  1.603e-01  
5.903e-01  7.513e-01  
1.017e+00  1.809e-01  
4.983e-02  1.041e+00  
1.041e+00  7.328e-02  
7.658e-01  5.443e-01  
2.692e-01  9.901e-01  
9.330e-01  2.902e-01  
5.092e-02  1.044e+00  
1.033e+00  6.350e-02  
1.035e+00  5.757e-02  
1.031e-01  1.037e+00  
4.398e-01  8.948e-01  
6.141e-01  7.417e-01  
6.813e-01  7.059e-01  
1.020e+00  1.434e-01  
1.033e+00  6.350e-02  
6.635e-02  1.034e+00  
9.343e-01  2.869e-01  
9.224e-01  3.200e-01  
5.486e-01  7.943e-01  
7.041e-01  6.309e-01  
4.681e-01  8.888e-01  
6.945e-01  6.585e-01  
7.261e-01  5.710e-01  
2.901e-01  9.909e-01  
9.343e-01  2.869e-01  
3.664e-01  9.711e-01  
1.031e+00  9.292e-02  
5.225e-01  8.775e-01  
6.926e-01  6.425e-01  
5.596e-01  7.720e-01  
2.727e-01  9.919e-01  
2.727e-01  9.919e-01  
7.303e-01  5.781e-01  
8.975e-01  3.611e-01  
8.974e-01  3.318e-01  
5.372e-01  8.015e-01  
8.632e-01  4.220e-01  
8.632e-01  4.220e-01  
5.592e-02  1.047e+00  
9.074e-01  3.091e-01  
1.020e+00  1.434e-01  
6.635e-02  1.034e+00  
2.177e-01  1.005e+00  
5.281e-01  8.372e-01  
6.141e-01  7.417e-01  
3.006e-01  9.903e-01  
2.692e-01  9.901e-01  
5.372e-01  8.015e-01  
4.358e-01  8.943e-01  
7.105e-01  5.974e-01  
9.074e-01  3.091e-01  
1.271e-01  1.038e+00  
1.021e+00  1.951e-01  
6.965e-01  6.537e-01  
8.686e-02  1.035e+00  
8.491e-02  1.037e+00  
9.223e-01  3.041e-01  
3.664e-01  9.711e-01  
2.901e-01  9.909e-01  
4.358e-01  8.943e-01  
1.027e+00  9.681e-02  
1.029e+00  1.272e-01  
4.356e-01  8.943e-01  
1.044e+00  8.457e-02  
7.658e-01  5.443e-01  
4.358e-01  8.943e-01  
1.021e+00  1.392e-01  
3.213e-01  9.946e-01  
4.983e-02  1.041e+00  
1.042e+00  5.945e-02  
3.112e-01  9.941e-01  
8.735e-02  1.037e+00  
9.327e-01  3.244e-01  
1.031e+00  9.436e-02  
8.975e-01  3.611e-01  
1.017e+00  1.868e-01  
1.042e+00  6.829e-02  
2.659e-01  9.956e-01  
6.635e-02  1.034e+00  
9.330e-01  2.902e-01  
8.869e-01  4.001e-01  
1.031e+00  9.436e-02  
8.085e-01  5.491e-01  
9.327e-01  3.244e-01  
1.035e+00  5.757e-02  
1.035e+00  6.659e-02  
1.042e+00  6.342e-02  
9.977e-02  1.033e+00  
2.589e-01  9.975e-01  
9.330e-01  2.902e-01  
1.187e-01  1.037e+00  
1.025e+00  1.174e-01  
4.058e-01  9.092e-01  
5.804e-02  1.046e+00  
5.227e-01  8.955e-01  
1.271e-01  1.038e+00  
2.692e-01  9.901e-01  
6.218e-02  1.038e+00  
1.019e+00  1.688e-01  
1.028e+00  1.032e-01  
1.045e+00  4.779e-02  
1.272e-01  1.038e+00  
5.131e-02  1.049e+00  
1.019e+00  1.904e-01  
8.197e-02  1.032e+00  
1.042e+00  6.342e-02  
1.042e+00  6.829e-02  
1.031e+00  9.292e-02  
5.804e-02  1.046e+00  
1.041e+00  7.328e-02  
4.894e-02  1.045e+00  
1.042e+00  5.945e-02  
1.042e+00  6.829e-02  
1.166e-01  1.038e+00  
1.013e+00  1.897e-01  
1.044e+00  4.523e-02  
6.511e-02  1.034e+00  
1.042e+00  5.401e-02  
1.027e+00  9.681e-02  
1.013e+00  2.032e-01  
6.039e-02  1.051e+00  
1.020e+00  1.434e-01  
1.028e+00  1.032e-01  
1.031e+00  9.436e-02  
1.027e+00  9.681e-02  
5.281e-01  8.372e-01  
7.091e-02  1.036e+00  
1.040e+00  7.575e-02  
8.139e-02  1.038e+00  
8.490e-02  1.038e+00  
1.154e-01  1.041e+00  
9.014e-01  3.308e-01  
1.040e+00  4.911e-02  
9.977e-02  1.033e+00  
1.027e+00  1.603e-01  
1.042e+00  5.945e-02  
4.082e-01  9.064e-01  
3.870e-01  9.242e-01  
5.227e-01  8.955e-01  
8.761e-01  5.093e-01  
1.022e+00  1.197e-01  
5.731e-02  1.045e+00  
3.213e-01  9.946e-01  
1.022e+00  1.197e-01  
9.675e-01  2.659e-01  
6.596e-02  1.037e+00  
1.042e+00  6.342e-02  
8.415e-01  5.114e-01  
5.259e-01  8.296e-01  
1.031e+00  9.436e-02  
9.343e-01  2.869e-01  
9.343e-01  2.869e-01  
5.486e-01  7.943e-01  
4.356e-01  8.943e-01  
7.527e-02  1.037e+00  
6.782e-02  1.046e+00  
2.951e-01  9.916e-01  
2.885e-01  9.902e-01  
7.079e-01  6.107e-01  
8.415e-01  5.114e-01  
5.539e-01  7.796e-01  
1.019e+00  1.904e-01  
5.486e-01  7.943e-01  
7.597e-01  5.426e-01  
1.020e+00  1.434e-01  
1.272e-01  1.038e+00  
1.039e+00  4.694e-02  
4.535e-01  8.926e-01  
5.225e-01  8.775e-01  
1.026e+00  1.183e-01  
5.837e-01  7.512e-01  
2.313e-01  1.000e+00  
4.356e-01  8.943e-01  
5.225e-01  8.775e-01  
8.706e-01  4.631e-01  
2.177e-01  1.005e+00  
5.903e-01  7.513e-01  
1.041e+00  7.328e-02  
1.018e+00  1.728e-01  
3.717e-01  9.377e-01  
1.041e+00  6.332e-02  
8.655e-02  1.033e+00  
7.916e-01  5.266e-01  
6.722e-01  7.318e-01  
6.511e-02  1.034e+00  
8.722e-01  4.309e-01  
1.032e+00  8.693e-02  
1.032e+00  8.693e-02  
6.813e-01  7.059e-01  
1.271e-01  1.038e+00  
6.898e-01  6.507e-01  
4.629e-01  8.936e-01  
5.731e-02  1.045e+00  
5.592e-02  1.047e+00  
7.615e-01  5.701e-01  
8.986e-01  3.253e-01  
8.580e-01  5.179e-01  
5.804e-02  1.046e+00  
5.731e-02  1.045e+00  
7.137e-01  5.890e-01  
6.971e-01  6.235e-01  
8.632e-01  4.220e-01  
8.491e-02  1.037e+00  
6.832e-01  6.843e-01  
