1.459e-03  1.285e+00  
1.000e+00  1.166e-09  
4.688e-01  3.879e-01  
6.434e-01  2.238e-01  
2.214e-01  6.533e-01  
5.513e-01  3.238e-01  
1.021e-01  1.000e+00  
2.857e-01  5.101e-01  
8.560e-01  1.059e-01  
9.675e-01  6.747e-02  
6.099e-02  9.984e-01  
4.688e-01  3.879e-01  
5.932e-01  2.721e-01  
2.819e-01  6.057e-01  
3.838e-01  4.953e-01  
7.804e-01  1.474e-01  
2.152e-01  6.538e-01  
5.380e-02  1.001e+00  
5.798e-01  2.888e-01  
8.388e-01  1.590e-01  
2.702e-01  5.529e-01  
4.310e-01  3.873e-01  
3.800e-01  4.761e-01  
9.025e-01  8.386e-02  
4.792e-01  3.496e-01  
9.845e-01  2.037e-02  
2.407e-01  5.907e-01  
5.017e-02  9.988e-01  
3.226e-01  5.366e-01  
8.666e-02  9.999e-01  
6.233e-01  2.449e-01  
6.566e-01  2.026e-01  
1.869e-01  6.923e-01  
7.252e-01  1.828e-01  
9.822e-01  4.694e-02  
4.109e-02  9.987e-01  
2.648e-01  5.467e-01  
5.017e-02  9.988e-01  
1.124e-01  9.973e-01  
5.408e-01  3.025e-01  
3.800e-01  4.761e-01  
5.080e-01  3.200e-01  
3.149e-01  4.903e-01  
2.475e-01  5.875e-01  
2.152e-01  6.538e-01  
6.535e-01  2.191e-01  
5.121e-01  3.797e-01  
9.443e-01  7.399e-02  
4.686e-01  4.037e-01  
2.359e-01  6.638e-01  
4.283e-01  4.334e-01  
3.226e-01  5.366e-01  
1.175e-02  1.273e+00  
5.798e-01  2.888e-01  
7.867e-02  9.973e-01  
4.378e-01  4.051e-01  
6.157e-01  2.507e-01  
1.002e+00  8.851e-03  
1.906e-01  6.807e-01  
8.803e-01  9.546e-02  
8.810e-01  1.060e-01  
3.344e-01  4.716e-01  
7.804e-01  1.474e-01  
6.872e-01  2.143e-01  
1.718e-01  6.852e-01  
7.850e-01  1.633e-01  
5.149e-02  1.007e+00  
6.434e-01  2.238e-01  
4.310e-01  3.873e-01  
5.121e-01  3.797e-01  
7.330e-01  2.053e-01  
1.895e-01  6.441e-01  
5.593e-01  2.965e-01  
3.088e-01  5.324e-01  
4.390e-01  4.483e-01  
8.452e-02  9.986e-01  
8.666e-02  9.999e-01  
7.290e-01  1.715e-01  
5.354e-01  3.073e-01  
1.001e+00  2.664e-02  
5.668e-01  3.083e-01  
2.819e-01  5.620e-01  
3.895e-01  4.589e-01  
5.354e-01  3.426e-01  
3.678e-01  4.626e-01  
5.344e-01  3.096e-01  
1.895e-01  6.441e-01  
5.693e-02  9.977e-01  
3.222e-01  5.042e-01  
4.978e-01  3.503e-01  
2.352e-01  5.537e-01  
6.872e-01  2.143e-01  
9.978e-01  3.447e-02  
9.124e-03  9.982e-01  
8.663e-01  1.112e-01  
2.819e-01  6.057e-01  
4.084e-01  4.178e-01  
5.912e-01  2.683e-01  
2.819e-01  6.057e-01  
4.582e-01  3.781e-01  
7.058e-02  1.003e+00  
1.534e-01  7.144e-01  
4.792e-01  3.496e-01  
9.335e-02  1.001e+00  
6.588e-01  2.796e-01  
8.152e-01  1.266e-01  
2.690e-02  1.179e+00  
4.289e-01  4.111e-01  
6.410e-01  2.558e-01  
7.252e-01  1.828e-01  
2.857e-01  5.101e-01  
1.895e-01  6.441e-01  
3.146e-01  5.825e-01  
2.857e-01  5.101e-01  
2.069e-01  6.095e-01  
9.064e-01  9.369e-02  
1.718e-01  6.852e-01  
9.580e-01  9.544e-02  
2.690e-02  1.179e+00  
8.656e-01  9.194e-02  
9.845e-01  2.037e-02  
1.852e-01  6.471e-01  
9.675e-01  6.747e-02  
1.750e-01  6.726e-01  
7.997e-01  2.053e-01  
6.322e-03  1.005e+00  
9.148e-01  7.724e-02  
3.164e-01  5.273e-01  
1.000e+00  1.166e-09  
3.226e-01  5.366e-01  
9.675e-01  6.747e-02  
7.949e-02  9.983e-01  
1.853e-01  9.911e-01  
8.452e-02  9.986e-01  
1.003e+00  1.907e-02  
8.539e-01  1.078e-01  
9.946e-01  1.093e-02  
2.486e-01  6.335e-01  
7.290e-01  1.715e-01  
2.152e-01  6.538e-01  
4.206e-02  9.987e-01  
5.798e-01  2.888e-01  
6.485e-01  2.303e-01  
2.950e-01  5.164e-01  
3.143e-01  4.944e-01  
4.390e-01  4.483e-01  
2.136e-01  6.201e-01  
5.045e-01  3.396e-01  
6.363e-02  9.995e-01  
2.352e-01  5.537e-01  
3.146e-01  5.825e-01  
7.386e-01  1.948e-01  
3.097e-01  5.125e-01  
4.582e-01  3.781e-01  
2.052e-01  6.810e-01  
5.444e-01  2.905e-01  
1.996e-01  8.396e-01  
2.486e-01  6.335e-01  
4.289e-01  4.111e-01  
5.513e-01  3.238e-01  
6.259e-01  2.565e-01  
2.692e-01  5.280e-01  
5.408e-01  3.025e-01  
8.666e-02  9.999e-01  
3.895e-01  4.589e-01  
3.143e-01  4.944e-01  
3.800e-01  4.761e-01  
4.384e-01  3.979e-01  
9.876e-01  4.399e-02  
5.115e-01  3.072e-01  
4.084e-01  4.178e-01  
5.444e-01  2.905e-01  
1.175e-02  1.273e+00  
5.045e-01  3.396e-01  
5.559e-02  1.003e+00  
5.266e-01  3.224e-01  
1.415e-01  1.000e+00  
3.935e-01  4.542e-01  
8.452e-02  9.986e-01  
4.792e-01  3.496e-01  
6.504e-01  2.645e-01  
2.819e-01  5.620e-01  
3.811e-01  4.398e-01  
3.869e-01  4.604e-01  
8.056e-01  1.420e-01  
7.629e-01  1.749e-01  
1.852e-01  6.471e-01  
3.678e-01  4.626e-01  
4.978e-01  3.503e-01  
3.344e-01  4.716e-01  
4.567e-01  3.781e-01  
5.181e-01  3.435e-01  
4.554e-01  4.444e-01  
4.390e-01  4.483e-01  
9.522e-01  4.048e-02  
7.122e-01  2.039e-01  
3.042e-01  4.932e-01  
6.410e-01  2.558e-01  
3.398e-01  5.466e-01  
1.703e-01  9.967e-01  
5.255e-01  3.083e-01  
2.819e-01  6.057e-01  
4.310e-01  3.873e-01  
8.550e-01  1.045e-01  
3.111e-01  5.209e-01  
5.912e-01  2.683e-01  
4.792e-01  3.496e-01  
5.380e-02  1.001e+00  
7.472e-01  1.541e-01  
2.690e-02  1.179e+00  
9.577e-01  6.186e-02  
5.912e-01  2.683e-01  
5.997e-01  2.890e-01  
2.069e-01  6.095e-01  
4.688e-01  3.879e-01  
9.978e-01  3.447e-02  
7.252e-01  1.828e-01  
6.434e-01  2.238e-01  
6.535e-01  2.191e-01  
3.614e-02  9.995e-01  
2.286e-01  6.183e-01  
1.906e-01  6.807e-01  
1.996e-01  8.396e-01  
6.561e-01  2.237e-01  
9.776e-01  2.762e-02  
2.052e-01  6.810e-01  
1.895e-01  6.441e-01  
1.648e-01  6.800e-01  
2.726e-01  5.812e-01  
8.370e-02  1.000e+00  
7.804e-01  1.474e-01  
8.539e-01  1.078e-01  
3.248e-03  1.274e+00  
3.398e-01  5.466e-01  
6.872e-01  2.143e-01  
7.629e-01  1.749e-01  
3.398e-01  5.466e-01  
5.559e-02  1.003e+00  
8.666e-02  9.999e-01  
6.504e-01  2.645e-01  
1.228e-02  9.980e-01  
5.063e-02  1.003e+00  
8.803e-01  9.546e-02  
2.152e-01  6.538e-01  
8.777e-01  1.153e-01  
8.388e-01  1.590e-01  
2.286e-01  6.183e-01  
1.001e+00  5.301e-03  
2.466e-01  5.475e-01  
2.226e-03  1.270e+00  
8.152e-01  1.266e-01  
8.539e-01  1.078e-01  
7.058e-02  1.003e+00  
6.850e-01  2.052e-01  
9.433e-01  8.217e-02  
1.002e+00  8.422e-04  
9.633e-01  2.673e-02  
1.001e+00  5.301e-03  
2.819e-01  6.057e-01  
1.010e+00  1.243e-02  
6.660e-01  2.077e-01  
7.122e-01  2.039e-01  
8.766e-01  8.786e-02  
2.690e-02  1.179e+00  
4.292e-01  3.837e-01  
8.777e-01  1.153e-01  
8.212e-01  1.713e-01  
7.804e-01  1.474e-01  
5.559e-02  1.003e+00  
2.720e-01  5.317e-01  
5.380e-02  1.001e+00  
1.895e-01  6.441e-01  
4.384e-01  3.979e-01  
3.818e-01  5.192e-01  
3.164e-01  5.311e-01  
7.838e-01  1.522e-01  
8.725e-02  9.971e-01  
2.106e-01  6.608e-01  
6.385e-01  2.401e-01  
5.149e-02  1.007e+00  
7.782e-02  9.985e-01  
2.052e-01  6.810e-01  
6.390e-01  2.285e-01  
6.561e-01  2.237e-01  
2.214e-01  6.533e-01  
5.425e-03  1.273e+00  
9.230e-01  9.421e-02  
9.124e-03  9.982e-01  
1.043e-01  1.006e+00  
1.890e-01  9.066e-01  
5.513e-01  3.238e-01  
5.121e-01  3.797e-01  
1.021e-01  1.000e+00  
6.504e-01  2.645e-01  
5.769e-01  2.926e-01  
3.838e-01  4.953e-01  
3.935e-01  4.542e-01  
2.474e-01  6.061e-01  
5.997e-01  2.890e-01  
4.084e-01  4.178e-01  
7.196e-03  9.992e-01  
3.692e-01  5.106e-01  
5.912e-01  2.683e-01  
5.513e-01  3.238e-01  
3.895e-01  4.589e-01  
4.688e-01  3.879e-01  
5.677e-03  1.002e+00  
2.857e-01  5.101e-01  
5.080e-01  3.200e-01  
4.283e-01  4.334e-01  
1.895e-01  6.441e-01  
2.069e-01  6.095e-01  
4.417e-01  3.742e-01  
7.339e-01  1.707e-01  
5.380e-02  1.001e+00  
4.417e-01  3.742e-01  
5.723e-01  2.964e-01  
5.770e-01  2.890e-01  
2.382e-01  5.557e-01  
5.181e-01  3.435e-01  
5.513e-01  3.238e-01  
5.408e-01  3.025e-01  
2.466e-01  5.475e-01  
8.485e-01  1.187e-01  
2.702e-01  5.529e-01  
6.363e-02  9.995e-01  
9.443e-01  7.399e-02  
5.912e-01  2.683e-01  
6.385e-01  2.401e-01  
6.363e-02  9.995e-01  
4.582e-01  3.781e-01  
3.921e-01  4.498e-01  
4.029e-01  4.657e-01  
1.514e-01  7.049e-01  
2.407e-01  5.907e-01  
3.678e-01  4.626e-01  
5.160e-01  2.994e-01  
8.706e-01  9.717e-02  
3.935e-01  4.542e-01  
2.152e-01  6.538e-01  
6.434e-01  2.238e-01  
2.819e-01  5.620e-01  
4.292e-01  3.837e-01  
5.160e-01  2.994e-01  
2.152e-01  6.538e-01  
8.152e-01  1.266e-01  
2.152e-01  6.538e-01  
5.408e-01  3.025e-01  
1.815e-01  6.414e-01  
4.046e-01  3.969e-01  
5.121e-01  3.797e-01  
1.820e-01  6.850e-01  
2.152e-01  6.538e-01  
8.388e-01  1.590e-01  
3.692e-01  5.106e-01  
3.042e-01  4.932e-01  
5.770e-01  2.890e-01  
3.370e-01  5.024e-01  
3.692e-01  5.106e-01  
3.800e-01  4.761e-01  
4.151e-02  9.990e-01  
4.141e-01  4.189e-01  
4.084e-01  4.178e-01  
5.677e-03  1.002e+00  
3.661e-01  4.599e-01  
3.164e-01  5.311e-01  
7.602e-01  1.741e-01  
5.408e-01  3.025e-01  
5.408e-01  3.025e-01  
6.872e-01  2.143e-01  
3.542e-01  5.023e-01  
2.720e-01  5.317e-01  
2.466e-01  5.475e-01  
4.792e-01  3.496e-01  
6.535e-01  2.191e-01  
5.668e-01  3.083e-01  
7.252e-01  1.828e-01  
2.352e-01  5.537e-01  
9.736e-01  6.369e-02  
1.228e-02  9.980e-01  
5.160e-01  2.994e-01  
4.792e-01  3.496e-01  
3.405e-01  5.119e-01  
5.513e-01  3.238e-01  
3.614e-02  9.995e-01  
4.688e-01  3.879e-01  
3.149e-01  4.903e-01  
5.121e-01  3.797e-01  
9.992e-01  2.243e-02  
6.485e-01  2.303e-01  
5.115e-01  3.072e-01  
1.534e-01  7.144e-01  
2.226e-03  1.270e+00  
2.819e-01  5.620e-01  
8.388e-01  1.590e-01  
3.838e-01  4.953e-01  
8.388e-01  1.590e-01  
6.519e-03  1.036e+00  
9.988e-01  1.414e-02  
4.384e-01  3.979e-01  
2.386e-01  5.691e-01  
6.856e-01  2.125e-01  
5.063e-02  1.003e+00  
9.230e-01  9.421e-02  
7.804e-01  1.474e-01  
5.559e-02  1.003e+00  
2.819e-01  6.057e-01  
3.935e-01  4.542e-01  
3.783e-01  4.347e-01  
8.766e-01  8.786e-02  
7.965e-01  1.392e-01  
2.152e-01  6.538e-01  
7.386e-01  1.948e-01  
6.876e-01  2.208e-01  
2.964e-01  4.989e-01  
4.582e-01  3.781e-01  
2.702e-01  5.529e-01  
4.046e-01  3.969e-01  
4.937e-01  3.376e-01  
2.152e-01  6.538e-01  
7.330e-01  2.053e-01  
1.852e-01  6.471e-01  
9.064e-01  9.369e-02  
3.097e-01  5.125e-01  
4.084e-01  4.178e-01  
3.800e-01  4.761e-01  
2.062e-01  8.038e-01  
2.052e-01  6.810e-01  
4.688e-01  3.879e-01  
5.912e-01  2.683e-01  
6.872e-01  2.143e-01  
3.346e-01  5.351e-01  
5.997e-01  2.890e-01  
5.912e-01  2.683e-01  
9.124e-03  9.982e-01  
6.283e-01  2.236e-01  
8.706e-01  9.717e-02  
1.808e-01  7.784e-01  
1.538e-01  6.858e-01  
2.857e-01  5.101e-01  
4.259e-01  4.448e-01  
1.718e-01  6.852e-01  
1.933e-01  7.413e-01  
3.398e-01  5.466e-01  
3.146e-01  5.825e-01  
4.417e-01  3.742e-01  
6.872e-01  2.143e-01  
8.111e-02  9.976e-01  
8.388e-01  1.590e-01  
4.259e-01  4.448e-01  
4.151e-02  9.990e-01  
9.124e-03  9.982e-01  
6.660e-01  2.077e-01  
2.407e-01  5.907e-01  
1.611e-01  7.608e-01  
2.382e-01  5.557e-01  
9.645e-01  2.672e-02  
8.550e-01  1.045e-01  
2.466e-01  5.475e-01  
1.000e+00  1.603e-10  
5.528e-01  3.555e-01  
2.382e-01  5.557e-01  
9.230e-01  9.421e-02  
1.895e-01  6.441e-01  
7.058e-02  1.003e+00  
1.000e+00  1.166e-09  
2.152e-01  6.538e-01  
1.703e-01  9.967e-01  
7.252e-01  1.828e-01  
9.776e-01  2.762e-02  
6.385e-01  2.401e-01  
8.152e-01  1.266e-01  
9.978e-01  3.447e-02  
1.750e-01  6.726e-01  
1.906e-01  6.807e-01  
7.386e-01  1.948e-01  
5.997e-01  2.890e-01  
1.001e+00  2.664e-02  
5.507e-01  3.142e-01  
6.910e-01  2.371e-01  
7.885e-01  1.674e-01  
1.001e+00  2.664e-02  
1.002e+00  8.851e-03  
6.545e-02  1.002e+00  
1.906e-01  6.807e-01  
7.386e-01  1.948e-01  
6.363e-02  9.995e-01  
8.663e-01  1.112e-01  
2.726e-01  5.812e-01  
7.058e-02  1.003e+00  
2.964e-01  4.989e-01  
1.043e-01  1.006e+00  
2.206e-01  8.600e-01  
9.124e-03  9.982e-01  
8.706e-01  9.717e-02  
9.355e-01  7.333e-02  
9.923e-01  2.330e-02  
7.058e-02  1.003e+00  
2.690e-02  1.179e+00  
8.777e-01  1.153e-01  
1.043e-01  1.006e+00  
9.675e-01  6.747e-02  
1.000e+00  1.603e-10  
9.675e-01  6.747e-02  
4.156e-03  1.012e+00  
1.000e+00  1.603e-10  
1.175e-02  1.273e+00  
1.001e+00  2.664e-02  
9.675e-01  6.747e-02  
5.380e-02  1.001e+00  
7.506e-01  1.842e-01  
1.001e+00  2.664e-02  
5.693e-02  9.977e-01  
9.633e-01  2.673e-02  
9.736e-01  6.369e-02  
7.652e-01  1.585e-01  
5.902e-03  1.005e+00  
8.706e-01  9.717e-02  
9.333e-01  7.780e-02  
9.950e-01  2.016e-02  
9.822e-01  4.694e-02  
3.149e-01  4.903e-01  
1.558e-01  9.997e-01  
9.978e-01  3.447e-02  
9.124e-03  9.982e-01  
1.594e-01  9.975e-01  
5.017e-02  9.988e-01  
6.561e-01  2.237e-01  
8.539e-01  1.078e-01  
1.293e-01  9.992e-01  
7.506e-01  1.842e-01  
1.063e+00  7.214e-04  
2.069e-01  6.095e-01  
2.466e-01  5.475e-01  
3.164e-01  5.311e-01  
5.181e-01  3.435e-01  
8.550e-01  1.682e-01  
6.519e-03  1.036e+00  
2.052e-01  6.810e-01  
8.978e-01  7.098e-02  
7.275e-01  1.785e-01  
8.370e-02  1.000e+00  
9.776e-01  2.762e-02  
5.058e-01  3.166e-01  
3.506e-01  4.756e-01  
1.003e+00  1.857e-02  
6.566e-01  2.026e-01  
7.122e-01  2.039e-01  
2.857e-01  5.101e-01  
2.702e-01  5.529e-01  
1.043e-01  1.006e+00  
2.690e-02  1.179e+00  
2.082e-01  6.680e-01  
2.139e-01  6.451e-01  
4.332e-01  3.966e-01  
5.160e-01  2.994e-01  
3.895e-01  4.589e-01  
8.115e-01  1.275e-01  
3.344e-01  4.716e-01  
5.354e-01  3.426e-01  
8.152e-01  1.266e-01  
7.058e-02  1.003e+00  
7.100e-01  1.862e-01  
3.398e-01  5.466e-01  
3.042e-01  4.932e-01  
9.978e-01  3.447e-02  
3.661e-01  4.546e-01  
1.718e-01  6.852e-01  
2.798e-01  5.591e-01  
2.692e-01  5.280e-01  
6.434e-01  2.238e-01  
1.906e-01  6.807e-01  
3.678e-01  4.626e-01  
1.010e+00  1.243e-02  
7.339e-01  1.707e-01  
2.589e-01  5.672e-01  
9.845e-01  2.037e-02  
6.363e-02  9.995e-01  
5.115e-01  3.072e-01  
3.921e-01  4.498e-01  
1.853e-01  9.911e-01  
5.770e-01  2.890e-01  
9.502e-01  6.855e-02  
9.978e-01  3.447e-02  
4.289e-01  4.111e-01  
6.363e-02  9.995e-01  
4.525e-01  3.807e-01  
3.398e-01  5.466e-01  
1.175e-02  1.273e+00  
1.021e-01  1.000e+00  
5.101e-01  3.812e-01  
6.492e-01  2.146e-01  
5.080e-01  3.200e-01  
3.248e-03  1.274e+00  
4.964e-03  1.018e+00  
4.384e-01  3.979e-01  
4.310e-01  3.873e-01  
6.434e-01  2.238e-01  
1.996e-01  8.396e-01  
4.554e-01  4.444e-01  
