7.535e-02  1.051e+00  
1.057e+00  2.372e-02  
4.546e-01  4.826e-01  
7.173e-01  1.874e-01  
1.917e-01  5.986e-01  
5.626e-01  3.046e-01  
9.647e-02  7.672e-01  
2.738e-01  5.437e-01  
8.109e-01  1.459e-01  
9.928e-01  5.638e-02  
5.098e-02  8.605e-01  
4.781e-01  3.649e-01  
6.403e-01  3.078e-01  
2.322e-01  5.848e-01  
3.321e-01  4.740e-01  
7.781e-01  1.813e-01  
1.548e-01  6.362e-01  
1.548e-01  6.362e-01  
5.626e-01  3.046e-01  
7.759e-01  2.039e-01  
2.535e-01  5.340e-01  
4.313e-01  3.895e-01  
3.876e-01  4.463e-01  
9.423e-01  9.270e-02  
5.014e-01  3.512e-01  
1.069e+00  3.134e-02  
2.325e-01  5.628e-01  
2.189e-02  9.676e-01  
3.155e-01  4.832e-01  
9.404e-02  8.070e-01  
6.289e-01  2.551e-01  
6.725e-01  2.145e-01  
1.639e-01  6.165e-01  
7.381e-01  1.911e-01  
1.029e+00  6.074e-02  
4.610e-02  8.531e-01  
2.684e-01  5.341e-01  
9.404e-02  8.070e-01  
9.649e-02  7.585e-01  
5.646e-01  3.144e-01  
3.808e-01  4.562e-01  
4.985e-01  3.651e-01  
3.155e-01  4.832e-01  
2.315e-01  5.528e-01  
1.445e-01  6.988e-01  
6.398e-01  2.216e-01  
4.781e-01  3.649e-01  
9.560e-01  7.380e-02  
4.824e-01  4.009e-01  
2.133e-01  5.984e-01  
4.285e-01  4.440e-01  
2.939e-01  5.137e-01  
2.894e-02  1.043e+00  
5.707e-01  2.847e-01  
7.540e-02  8.133e-01  
4.203e-01  4.105e-01  
5.942e-01  2.801e-01  
1.070e+00  2.409e-02  
1.976e-01  6.406e-01  
9.518e-01  9.943e-02  
7.963e-01  1.331e-01  
3.180e-01  4.815e-01  
7.918e-01  1.586e-01  
6.923e-01  1.990e-01  
1.488e-01  6.997e-01  
7.754e-01  1.689e-01  
7.327e-02  8.043e-01  
6.725e-01  2.145e-01  
4.033e-01  4.303e-01  
4.606e-01  3.616e-01  
7.381e-01  2.020e-01  
1.917e-01  5.986e-01  
5.672e-01  2.739e-01  
2.594e-01  5.351e-01  
4.033e-01  4.303e-01  
1.830e-01  6.499e-01  
9.404e-02  8.070e-01  
7.666e-01  1.832e-01  
5.611e-01  2.913e-01  
9.605e-01  6.367e-02  
5.611e-01  2.913e-01  
2.460e-01  5.535e-01  
3.894e-01  4.584e-01  
4.568e-01  3.554e-01  
3.833e-01  4.257e-01  
5.595e-01  3.287e-01  
1.426e-01  6.618e-01  
3.913e-02  8.853e-01  
3.242e-01  4.747e-01  
4.501e-01  3.571e-01  
2.062e-01  6.007e-01  
7.321e-01  2.662e-01  
1.070e+00  2.409e-02  
3.913e-02  8.853e-01  
7.963e-01  1.331e-01  
2.325e-01  5.628e-01  
3.833e-01  4.257e-01  
5.693e-01  2.726e-01  
2.738e-01  5.437e-01  
4.546e-01  3.669e-01  
6.486e-02  8.072e-01  
7.327e-02  8.043e-01  
4.637e-01  3.469e-01  
9.104e-02  7.973e-01  
5.681e-01  2.899e-01  
7.922e-01  1.390e-01  
2.189e-02  9.676e-01  
4.000e-01  4.091e-01  
5.751e-01  3.158e-01  
6.398e-01  2.216e-01  
3.679e-01  4.629e-01  
1.746e-01  6.627e-01  
2.752e-01  5.389e-01  
3.285e-01  5.045e-01  
2.315e-01  5.528e-01  
9.556e-01  9.247e-02  
1.455e-01  7.086e-01  
7.918e-01  1.586e-01  
3.913e-02  8.853e-01  
7.963e-01  1.331e-01  
1.076e+00  2.425e-02  
2.404e-01  6.079e-01  
9.525e-01  8.141e-02  
1.548e-01  6.362e-01  
6.903e-01  2.377e-01  
4.949e-02  9.346e-01  
9.309e-01  6.705e-02  
3.285e-01  5.045e-01  
1.009e+00  8.264e-02  
2.834e-01  5.129e-01  
9.544e-01  7.395e-02  
7.327e-02  8.043e-01  
1.352e-01  6.958e-01  
9.608e-02  7.638e-01  
1.075e+00  3.024e-02  
8.126e-01  1.465e-01  
1.044e+00  2.571e-02  
2.325e-01  5.628e-01  
7.381e-01  1.911e-01  
1.924e-01  6.089e-01  
3.913e-02  8.853e-01  
5.644e-01  2.767e-01  
7.321e-01  2.662e-01  
2.535e-01  5.340e-01  
3.361e-01  4.749e-01  
4.144e-01  4.362e-01  
1.917e-01  5.986e-01  
4.542e-01  3.755e-01  
1.092e-01  7.674e-01  
2.451e-01  5.357e-01  
2.832e-01  5.201e-01  
7.381e-01  1.911e-01  
2.788e-01  5.325e-01  
4.542e-01  3.755e-01  
1.976e-01  6.406e-01  
5.696e-01  2.906e-01  
1.416e-01  6.887e-01  
2.240e-01  5.622e-01  
4.500e-01  3.666e-01  
5.626e-01  3.046e-01  
5.853e-01  2.757e-01  
2.752e-01  5.389e-01  
5.640e-01  2.817e-01  
1.561e-01  6.463e-01  
3.833e-01  4.257e-01  
3.181e-01  4.815e-01  
3.242e-01  4.747e-01  
5.040e-01  3.579e-01  
1.022e+00  5.464e-02  
4.606e-01  3.616e-01  
4.033e-01  4.303e-01  
5.713e-01  2.685e-01  
1.254e-02  9.812e-01  
4.824e-01  4.009e-01  
3.923e-02  8.958e-01  
4.727e-01  3.460e-01  
9.647e-02  7.672e-01  
3.876e-01  4.463e-01  
9.649e-02  7.585e-01  
4.501e-01  3.632e-01  
7.106e-01  2.367e-01  
2.240e-01  5.622e-01  
3.823e-01  4.404e-01  
3.917e-01  4.349e-01  
8.001e-01  1.312e-01  
7.754e-01  1.689e-01  
2.272e-01  6.045e-01  
3.654e-01  4.623e-01  
4.781e-01  3.649e-01  
3.242e-01  4.747e-01  
4.421e-01  3.791e-01  
5.751e-01  3.158e-01  
4.203e-01  4.105e-01  
3.947e-01  4.328e-01  
1.029e+00  6.074e-02  
7.587e-01  1.972e-01  
3.242e-01  4.747e-01  
5.861e-01  2.754e-01  
3.218e-01  4.683e-01  
9.647e-02  7.672e-01  
5.595e-01  3.287e-01  
2.691e-01  5.362e-01  
4.542e-01  3.755e-01  
9.460e-01  1.043e-01  
2.637e-01  5.268e-01  
5.768e-01  2.743e-01  
4.940e-01  3.679e-01  
7.327e-02  8.043e-01  
7.736e-01  1.710e-01  
3.419e-02  9.137e-01  
9.309e-01  6.705e-02  
5.768e-01  2.743e-01  
6.403e-01  3.078e-01  
1.830e-01  6.499e-01  
4.067e-01  4.037e-01  
9.559e-01  6.535e-02  
6.923e-01  1.990e-01  
6.923e-01  1.990e-01  
7.106e-01  2.367e-01  
7.327e-02  8.043e-01  
2.133e-01  5.984e-01  
1.746e-01  6.627e-01  
1.455e-01  7.086e-01  
6.725e-01  2.145e-01  
1.030e+00  3.077e-02  
1.644e-01  6.240e-01  
1.447e-01  6.848e-01  
1.359e-01  7.015e-01  
2.451e-01  5.357e-01  
7.726e-02  8.292e-01  
7.976e-01  1.441e-01  
9.518e-01  9.943e-02  
1.254e-02  9.812e-01  
2.738e-01  5.437e-01  
6.848e-01  2.401e-01  
7.828e-01  2.323e-01  
2.939e-01  5.137e-01  
3.023e-02  8.741e-01  
9.608e-02  7.638e-01  
5.768e-01  2.743e-01  
2.189e-02  9.676e-01  
5.595e-02  9.349e-01  
9.518e-01  9.943e-02  
1.746e-01  6.627e-01  
7.963e-01  1.331e-01  
7.781e-01  1.813e-01  
2.240e-01  5.622e-01  
1.002e+00  6.675e-02  
2.475e-01  5.460e-01  
2.478e-02  8.890e-01  
8.550e-01  1.556e-01  
8.001e-01  1.312e-01  
5.701e-02  8.971e-01  
7.645e-01  1.909e-01  
9.671e-01  5.419e-02  
1.070e+00  2.409e-02  
1.080e+00  4.659e-02  
1.059e+00  2.476e-02  
2.330e-01  5.657e-01  
1.059e+00  2.476e-02  
6.725e-01  2.145e-01  
6.725e-01  2.145e-01  
8.126e-01  1.465e-01  
5.453e-02  9.867e-01  
4.281e-01  4.103e-01  
8.214e-01  1.407e-01  
7.853e-01  1.672e-01  
7.173e-01  1.874e-01  
4.854e-02  8.462e-01  
2.594e-01  5.351e-01  
7.726e-02  8.292e-01  
1.976e-01  6.406e-01  
4.824e-01  4.009e-01  
3.361e-01  4.749e-01  
2.752e-01  5.389e-01  
7.759e-01  2.039e-01  
3.923e-02  8.958e-01  
1.561e-01  6.463e-01  
5.707e-01  2.847e-01  
5.701e-02  8.971e-01  
9.404e-02  8.070e-01  
2.240e-01  5.622e-01  
5.713e-01  2.685e-01  
6.923e-01  1.990e-01  
2.133e-01  5.984e-01  
2.253e-02  1.053e+00  
9.559e-01  6.535e-02  
9.649e-02  7.585e-01  
4.854e-02  8.462e-01  
1.164e-01  7.049e-01  
5.570e-01  3.335e-01  
4.605e-01  3.796e-01  
9.812e-02  7.421e-01  
5.853e-01  2.757e-01  
5.741e-01  3.319e-01  
3.557e-01  4.616e-01  
4.285e-01  4.440e-01  
2.322e-01  5.848e-01  
5.751e-01  3.158e-01  
3.833e-01  4.257e-01  
2.440e-02  8.762e-01  
2.939e-01  5.137e-01  
6.036e-01  2.953e-01  
4.546e-01  3.669e-01  
3.876e-01  4.463e-01  
4.421e-01  3.791e-01  
4.028e-02  9.514e-01  
3.573e-01  4.803e-01  
4.542e-01  3.755e-01  
4.548e-01  4.474e-01  
1.548e-01  6.362e-01  
2.240e-01  5.622e-01  
4.623e-01  3.918e-01  
7.730e-01  1.975e-01  
1.246e-01  7.236e-01  
4.542e-01  3.755e-01  
5.748e-01  3.009e-01  
5.692e-01  2.805e-01  
2.165e-01  6.297e-01  
4.637e-01  3.469e-01  
5.707e-01  2.847e-01  
5.611e-01  2.913e-01  
2.322e-01  5.848e-01  
8.103e-01  1.386e-01  
2.684e-01  5.341e-01  
1.143e-01  7.040e-01  
9.309e-01  6.705e-02  
6.074e-01  2.640e-01  
5.672e-01  2.739e-01  
8.299e-02  8.303e-01  
4.315e-01  3.969e-01  
3.966e-01  4.549e-01  
3.917e-01  4.349e-01  
8.299e-02  8.303e-01  
2.330e-01  5.657e-01  
3.573e-01  4.803e-01  
5.751e-01  3.158e-01  
9.518e-01  9.943e-02  
4.285e-01  4.440e-01  
2.241e-01  5.648e-01  
6.903e-01  2.377e-01  
2.330e-01  5.657e-01  
4.315e-01  3.969e-01  
5.751e-01  3.158e-01  
2.325e-01  5.628e-01  
7.922e-01  1.390e-01  
1.489e-01  6.773e-01  
5.014e-01  3.512e-01  
1.488e-01  6.997e-01  
4.548e-01  4.474e-01  
4.781e-01  3.649e-01  
1.561e-01  6.463e-01  
2.133e-01  5.984e-01  
8.126e-01  1.465e-01  
3.181e-01  4.815e-01  
3.292e-01  4.741e-01  
5.640e-01  2.817e-01  
3.181e-01  4.815e-01  
3.242e-01  4.747e-01  
3.966e-01  4.549e-01  
9.404e-02  8.070e-01  
4.548e-01  4.474e-01  
4.144e-01  4.362e-01  
3.923e-02  8.958e-01  
3.155e-01  4.832e-01  
2.684e-01  5.341e-01  
7.760e-01  1.606e-01  
5.751e-01  3.158e-01  
5.626e-01  3.046e-01  
7.192e-01  2.150e-01  
3.670e-01  5.041e-01  
2.797e-01  5.145e-01  
2.738e-01  5.437e-01  
4.484e-01  3.592e-01  
5.751e-01  3.158e-01  
4.606e-01  3.616e-01  
7.759e-01  2.039e-01  
2.062e-01  6.007e-01  
9.309e-01  6.705e-02  
9.404e-02  8.070e-01  
5.707e-01  2.847e-01  
4.637e-01  3.469e-01  
3.157e-01  5.105e-01  
4.564e-01  3.461e-01  
1.095e-01  7.057e-01  
4.033e-01  4.303e-01  
3.242e-01  4.747e-01  
4.623e-01  3.918e-01  
9.498e-01  7.928e-02  
6.830e-01  2.387e-01  
5.751e-01  3.158e-01  
1.445e-01  6.988e-01  
1.153e-02  9.664e-01  
2.752e-01  5.389e-01  
7.918e-01  1.586e-01  
3.966e-01  4.549e-01  
7.583e-01  1.685e-01  
2.189e-02  9.676e-01  
1.070e+00  2.409e-02  
4.935e-01  3.475e-01  
2.330e-01  5.657e-01  
6.586e-01  2.222e-01  
3.923e-02  8.958e-01  
8.001e-01  1.312e-01  
7.587e-01  1.972e-01  
5.101e-02  8.767e-01  
2.685e-01  5.574e-01  
3.891e-01  4.687e-01  
3.833e-01  4.257e-01  
9.518e-01  9.943e-02  
7.918e-01  1.586e-01  
1.830e-01  6.499e-01  
7.759e-01  2.039e-01  
7.106e-01  2.367e-01  
3.285e-01  5.045e-01  
4.313e-01  3.895e-01  
2.754e-01  5.346e-01  
4.479e-01  3.995e-01  
4.620e-01  3.434e-01  
2.087e-01  6.076e-01  
7.028e-01  2.092e-01  
1.990e-01  6.108e-01  
9.460e-01  1.043e-01  
2.322e-01  5.848e-01  
4.319e-01  4.012e-01  
3.573e-01  4.803e-01  
1.639e-01  6.165e-01  
1.830e-01  6.499e-01  
4.637e-01  3.469e-01  
5.768e-01  2.743e-01  
6.848e-01  2.401e-01  
3.285e-01  5.045e-01  
5.751e-01  3.158e-01  
5.861e-01  2.754e-01  
6.554e-02  8.765e-01  
7.192e-01  2.150e-01  
9.518e-01  9.943e-02  
1.489e-01  6.773e-01  
1.416e-01  6.887e-01  
2.322e-01  5.848e-01  
4.033e-01  4.303e-01  
1.827e-01  6.194e-01  
1.488e-01  6.997e-01  
3.181e-01  4.815e-01  
2.826e-01  5.403e-01  
4.842e-01  3.823e-01  
6.903e-01  2.377e-01  
5.098e-02  8.605e-01  
7.922e-01  1.390e-01  
4.315e-01  3.969e-01  
5.101e-02  8.767e-01  
7.726e-02  8.292e-01  
6.923e-01  1.990e-01  
2.330e-01  5.657e-01  
1.488e-01  6.997e-01  
2.752e-01  5.389e-01  
1.002e+00  6.675e-02  
9.460e-01  1.043e-01  
2.565e-01  5.415e-01  
1.064e+00  2.617e-02  
4.484e-01  3.592e-01  
2.451e-01  5.357e-01  
9.460e-01  1.043e-01  
1.940e-01  6.093e-01  
3.913e-02  8.853e-01  
1.087e+00  2.943e-02  
1.924e-01  6.089e-01  
9.647e-02  7.672e-01  
7.730e-01  1.975e-01  
9.309e-01  6.705e-02  
6.289e-01  2.551e-01  
8.214e-01  1.407e-01  
1.011e+00  5.480e-02  
1.830e-01  6.499e-01  
1.548e-01  6.362e-01  
7.173e-01  1.874e-01  
5.707e-01  2.847e-01  
1.010e+00  9.638e-02  
5.751e-01  3.158e-01  
6.903e-01  2.377e-01  
7.666e-01  1.832e-01  
9.594e-01  6.443e-02  
1.044e+00  2.571e-02  
6.486e-02  8.072e-01  
1.548e-01  6.362e-01  
7.192e-01  2.150e-01  
9.812e-02  7.421e-01  
8.126e-01  1.465e-01  
2.330e-01  5.657e-01  
5.701e-02  8.971e-01  
2.691e-01  5.362e-01  
9.649e-02  7.585e-01  
1.976e-01  6.406e-01  
4.949e-02  9.346e-01  
9.826e-01  8.603e-02  
9.576e-01  7.736e-02  
9.704e-01  7.671e-02  
7.726e-02  8.292e-01  
2.189e-02  9.676e-01  
8.214e-01  1.407e-01  
1.092e-01  7.674e-01  
9.704e-01  7.671e-02  
1.011e+00  5.070e-02  
9.634e-01  7.021e-02  
2.047e-02  8.982e-01  
1.002e+00  6.675e-02  
6.554e-02  8.765e-01  
1.064e+00  2.617e-02  
9.559e-01  6.535e-02  
9.649e-02  7.585e-01  
7.730e-01  1.975e-01  
1.070e+00  2.409e-02  
8.383e-02  7.731e-01  
1.051e+00  2.937e-02  
9.559e-01  6.535e-02  
7.668e-01  1.773e-01  
2.966e-02  8.946e-01  
9.634e-01  7.021e-02  
1.002e+00  6.675e-02  
1.059e+00  2.476e-02  
9.928e-01  5.638e-02  
3.111e-01  5.226e-01  
9.647e-02  7.672e-01  
9.671e-01  5.419e-02  
3.913e-02  8.853e-01  
1.265e-01  7.056e-01  
5.101e-02  8.767e-01  
6.903e-01  2.377e-01  
9.826e-01  8.603e-02  
9.812e-02  7.421e-01  
7.587e-01  1.972e-01  
1.070e+00  2.409e-02  
2.451e-01  5.357e-01  
2.424e-01  5.493e-01  
2.939e-01  5.137e-01  
5.338e-01  3.748e-01  
9.704e-01  7.671e-02  
2.047e-02  8.982e-01  
1.827e-01  6.194e-01  
9.498e-01  7.928e-02  
7.731e-01  1.812e-01  
8.105e-02  8.273e-01  
1.029e+00  6.074e-02  
5.751e-01  3.158e-01  
3.180e-01  4.815e-01  
1.076e+00  2.425e-02  
7.192e-01  2.150e-01  
7.333e-01  2.002e-01  
2.939e-01  5.137e-01  
2.752e-01  5.389e-01  
9.104e-02  7.973e-01  
3.419e-02  9.137e-01  
1.976e-01  6.406e-01  
2.087e-01  6.076e-01  
4.546e-01  3.669e-01  
5.751e-01  3.158e-01  
3.894e-01  4.584e-01  
7.781e-01  1.813e-01  
3.180e-01  4.815e-01  
4.821e-01  3.484e-01  
7.781e-01  1.813e-01  
9.647e-02  7.672e-01  
7.587e-01  1.972e-01  
2.834e-01  5.129e-01  
2.691e-01  5.362e-01  
9.704e-01  7.671e-02  
3.292e-01  4.741e-01  
1.561e-01  6.463e-01  
2.451e-01  5.357e-01  
2.939e-01  5.137e-01  
5.853e-01  2.757e-01  
1.561e-01  6.463e-01  
3.679e-01  4.629e-01  
1.064e+00  2.617e-02  
7.381e-01  1.911e-01  
2.325e-01  5.628e-01  
1.069e+00  3.134e-02  
1.248e-01  7.032e-01  
4.606e-01  3.616e-01  
3.833e-01  4.257e-01  
1.447e-01  6.848e-01  
5.861e-01  2.754e-01  
9.559e-01  6.535e-02  
9.931e-01  6.342e-02  
4.033e-01  4.303e-01  
7.705e-02  8.501e-01  
4.319e-01  4.012e-01  
2.738e-01  5.437e-01  
2.189e-02  9.676e-01  
3.923e-02  8.958e-01  
4.718e-01  3.512e-01  
6.725e-01  2.145e-01  
5.741e-01  3.319e-01  
2.253e-02  1.053e+00  
2.673e-02  1.073e+00  
4.479e-01  3.995e-01  
4.605e-01  3.800e-01  
6.923e-01  1.990e-01  
8.299e-02  8.303e-01  
4.281e-01  4.103e-01  
