4.696e-01  9.211e-01  
1.167e+00  1.660e-01  
8.538e-01  4.743e-01  
1.002e+00  3.404e-01  
6.690e-01  8.662e-01  
9.384e-01  4.647e-01  
5.484e-01  9.478e-01  
8.590e-01  6.919e-01  
1.141e+00  2.395e-01  
1.143e+00  1.718e-01  
6.600e-01  9.015e-01  
8.740e-01  5.212e-01  
9.705e-01  4.062e-01  
7.637e-01  8.597e-01  
8.510e-01  5.357e-01  
9.977e-01  3.004e-01  
5.972e-01  8.795e-01  
5.897e-01  9.493e-01  
9.091e-01  4.356e-01  
1.068e+00  2.514e-01  
8.606e-01  5.312e-01  
8.675e-01  4.609e-01  
8.543e-01  4.651e-01  
1.103e+00  2.287e-01  
8.893e-01  4.771e-01  
1.154e+00  1.708e-01  
7.427e-01  9.078e-01  
4.587e-01  9.485e-01  
8.561e-01  4.958e-01  
5.151e-01  9.328e-01  
9.223e-01  3.002e-01  
9.977e-01  3.004e-01  
6.066e-01  9.949e-01  
1.074e+00  3.188e-01  
1.158e+00  1.924e-01  
4.696e-01  9.211e-01  
7.879e-01  8.471e-01  
5.527e-01  9.224e-01  
5.146e-01  8.959e-01  
9.384e-01  4.647e-01  
8.546e-01  5.241e-01  
9.313e-01  4.690e-01  
8.571e-01  5.647e-01  
7.413e-01  8.819e-01  
5.096e-01  8.901e-01  
1.029e+00  3.505e-01  
8.746e-01  4.809e-01  
1.154e+00  1.899e-01  
8.946e-01  4.894e-01  
7.364e-01  9.339e-01  
8.731e-01  5.135e-01  
8.165e-01  8.688e-01  
4.728e-01  9.485e-01  
9.135e-01  4.336e-01  
6.600e-01  9.015e-01  
8.633e-01  5.085e-01  
9.633e-01  3.774e-01  
1.218e+00  1.624e-01  
5.206e-01  8.663e-01  
1.111e+00  2.078e-01  
1.105e+00  2.436e-01  
8.602e-01  5.327e-01  
1.048e+00  2.126e-01  
1.010e+00  3.283e-01  
5.748e-01  8.847e-01  
1.006e+00  2.876e-01  
4.670e-01  9.004e-01  
9.774e-01  2.895e-01  
8.765e-01  5.425e-01  
8.731e-01  5.135e-01  
1.066e+00  2.852e-01  
5.107e-01  8.950e-01  
9.181e-01  4.334e-01  
7.816e-01  8.485e-01  
8.546e-01  5.241e-01  
5.392e-01  8.762e-01  
5.600e-01  9.396e-01  
1.068e+00  2.514e-01  
9.355e-01  4.371e-01  
1.134e+00  1.678e-01  
9.109e-01  4.179e-01  
7.816e-01  8.485e-01  
8.546e-01  5.241e-01  
9.313e-01  4.690e-01  
8.514e-01  5.253e-01  
9.080e-01  4.315e-01  
5.509e-01  8.778e-01  
4.808e-01  9.056e-01  
8.511e-01  5.234e-01  
9.310e-01  4.542e-01  
7.364e-01  9.339e-01  
1.010e+00  3.283e-01  
1.115e+00  1.766e-01  
4.757e-01  9.256e-01  
1.039e+00  2.161e-01  
7.309e-01  8.676e-01  
8.510e-01  5.357e-01  
9.080e-01  4.315e-01  
7.573e-01  8.499e-01  
8.946e-01  4.894e-01  
4.651e-01  8.986e-01  
4.808e-01  9.056e-01  
9.348e-01  4.452e-01  
5.817e-01  9.520e-01  
1.043e+00  4.070e-01  
1.068e+00  2.514e-01  
4.587e-01  9.485e-01  
8.589e-01  4.975e-01  
1.095e+00  4.404e-01  
1.074e+00  3.188e-01  
8.602e-01  5.327e-01  
6.389e-01  8.905e-01  
7.863e-01  8.404e-01  
8.517e-01  4.874e-01  
7.513e-01  9.113e-01  
1.153e+00  1.879e-01  
6.066e-01  9.949e-01  
1.163e+00  2.404e-01  
5.096e-01  8.901e-01  
1.155e+00  1.792e-01  
1.154e+00  1.708e-01  
5.958e-01  8.892e-01  
1.153e+00  1.879e-01  
5.527e-01  9.224e-01  
1.029e+00  3.505e-01  
6.248e-01  8.824e-01  
1.155e+00  1.792e-01  
8.540e-01  4.745e-01  
1.218e+00  1.624e-01  
7.905e-01  8.412e-01  
1.153e+00  1.879e-01  
5.600e-01  9.396e-01  
5.901e-01  8.652e-01  
5.897e-01  9.493e-01  
1.191e+00  1.644e-01  
1.068e+00  2.514e-01  
1.153e+00  1.631e-01  
7.309e-01  8.676e-01  
1.006e+00  2.876e-01  
6.661e-01  9.049e-01  
4.935e-01  9.465e-01  
9.181e-01  4.334e-01  
1.095e+00  4.404e-01  
8.165e-01  8.688e-01  
8.524e-01  4.870e-01  
8.506e-01  4.777e-01  
6.528e-01  9.722e-01  
8.746e-01  4.809e-01  
5.643e-01  9.165e-01  
7.573e-01  8.499e-01  
7.816e-01  8.485e-01  
8.788e-01  2.864e-01  
8.510e-01  4.653e-01  
8.619e-01  4.792e-01  
5.958e-01  8.892e-01  
9.109e-01  4.179e-01  
5.901e-01  8.652e-01  
7.309e-01  8.676e-01  
8.731e-01  5.135e-01  
9.355e-01  4.371e-01  
9.371e-01  3.119e-01  
7.333e-01  8.531e-01  
9.068e-01  3.852e-01  
5.206e-01  8.663e-01  
8.550e-01  4.936e-01  
8.656e-01  5.870e-01  
8.511e-01  5.234e-01  
9.204e-01  4.522e-01  
1.149e+00  1.589e-01  
9.201e-01  4.519e-01  
8.602e-01  5.327e-01  
9.633e-01  3.774e-01  
6.600e-01  9.015e-01  
8.946e-01  4.894e-01  
5.828e-01  8.889e-01  
9.135e-01  4.336e-01  
5.897e-01  9.493e-01  
8.570e-01  5.409e-01  
4.881e-01  8.885e-01  
8.914e-01  5.094e-01  
1.095e+00  4.404e-01  
7.559e-01  9.155e-01  
8.571e-01  5.647e-01  
8.523e-01  4.786e-01  
1.039e+00  2.161e-01  
1.068e+00  2.514e-01  
6.585e-01  9.048e-01  
8.561e-01  4.958e-01  
8.774e-01  4.836e-01  
8.523e-01  4.786e-01  
8.538e-01  4.743e-01  
9.019e-01  4.388e-01  
8.506e-01  4.829e-01  
8.550e-01  4.936e-01  
1.149e+00  1.753e-01  
9.970e-01  2.774e-01  
8.515e-01  5.039e-01  
9.170e-01  3.765e-01  
8.510e-01  4.653e-01  
5.195e-01  9.197e-01  
9.091e-01  4.356e-01  
7.637e-01  8.597e-01  
8.686e-01  5.195e-01  
1.134e+00  1.678e-01  
7.863e-01  8.404e-01  
9.331e-01  3.500e-01  
8.619e-01  4.792e-01  
4.808e-01  9.056e-01  
1.089e+00  3.021e-01  
4.732e-01  9.332e-01  
1.153e+00  1.879e-01  
9.803e-01  4.299e-01  
9.119e-01  4.322e-01  
6.529e-01  8.901e-01  
8.589e-01  4.975e-01  
1.154e+00  1.899e-01  
1.074e+00  3.188e-01  
9.223e-01  3.002e-01  
9.371e-01  3.119e-01  
4.808e-01  9.056e-01  
6.667e-01  8.826e-01  
6.066e-01  9.949e-01  
5.386e-01  8.625e-01  
9.181e-01  4.334e-01  
1.167e+00  1.660e-01  
6.529e-01  8.901e-01  
5.901e-01  8.652e-01  
6.256e-01  8.703e-01  
7.905e-01  8.412e-01  
4.651e-01  8.986e-01  
1.141e+00  2.813e-01  
1.141e+00  2.395e-01  
4.960e-01  9.100e-01  
8.511e-01  5.234e-01  
1.029e+00  3.505e-01  
1.006e+00  2.876e-01  
8.523e-01  4.786e-01  
5.540e-01  9.191e-01  
5.484e-01  9.478e-01  
9.633e-01  3.774e-01  
4.935e-01  9.465e-01  
4.960e-01  9.100e-01  
1.151e+00  2.139e-01  
6.066e-01  9.949e-01  
1.155e+00  1.792e-01  
1.146e+00  2.740e-01  
7.513e-01  9.113e-01  
1.162e+00  1.992e-01  
7.349e-01  8.732e-01  
5.106e-01  9.692e-01  
1.110e+00  2.171e-01  
1.111e+00  2.078e-01  
4.696e-01  9.211e-01  
1.002e+00  3.404e-01  
1.159e+00  1.722e-01  
1.213e+00  1.735e-01  
1.153e+00  1.834e-01  
1.167e+00  1.660e-01  
7.317e-01  8.842e-01  
1.157e+00  1.655e-01  
1.039e+00  2.161e-01  
9.329e-01  3.008e-01  
1.146e+00  2.740e-01  
4.643e-01  9.023e-01  
8.686e-01  5.195e-01  
1.065e+00  2.105e-01  
9.750e-01  2.849e-01  
9.977e-01  2.943e-01  
4.643e-01  9.023e-01  
7.879e-01  8.471e-01  
4.711e-01  8.868e-01  
6.756e-01  9.886e-01  
8.514e-01  5.253e-01  
8.510e-01  4.653e-01  
8.651e-01  5.057e-01  
1.073e+00  2.482e-01  
5.096e-01  8.901e-01  
6.256e-01  8.703e-01  
1.043e+00  4.070e-01  
4.935e-01  9.465e-01  
5.151e-01  9.328e-01  
7.413e-01  8.819e-01  
9.633e-01  3.774e-01  
1.029e+00  2.805e-01  
6.717e-01  8.976e-01  
4.707e-01  9.227e-01  
1.153e+00  1.834e-01  
5.600e-01  9.396e-01  
5.828e-01  8.889e-01  
5.542e-01  8.830e-01  
9.109e-01  4.179e-01  
9.384e-01  4.647e-01  
5.172e-01  8.782e-01  
1.095e+00  4.404e-01  
9.080e-01  4.315e-01  
8.514e-01  5.253e-01  
8.561e-01  4.958e-01  
7.554e-01  8.885e-01  
9.080e-01  4.315e-01  
8.675e-01  4.609e-01  
4.643e-01  9.023e-01  
8.606e-01  5.312e-01  
9.633e-01  3.774e-01  
8.643e-01  4.892e-01  
8.511e-01  5.234e-01  
8.893e-01  4.771e-01  
4.732e-01  9.332e-01  
8.561e-01  4.958e-01  
9.124e-01  4.548e-01  
8.731e-01  5.135e-01  
5.107e-01  8.950e-01  
5.958e-01  8.892e-01  
8.731e-01  5.135e-01  
9.970e-01  2.774e-01  
5.525e-01  8.821e-01  
8.619e-01  4.792e-01  
9.077e-01  3.108e-01  
9.398e-01  3.782e-01  
7.428e-01  8.865e-01  
9.109e-01  3.844e-01  
9.021e-01  3.280e-01  
9.135e-01  4.336e-01  
7.364e-01  9.339e-01  
1.168e+00  2.510e-01  
7.879e-01  8.471e-01  
5.151e-01  9.328e-01  
1.151e+00  2.139e-01  
9.170e-01  3.765e-01  
9.712e-01  4.211e-01  
5.509e-01  8.778e-01  
8.765e-01  5.425e-01  
8.731e-01  5.135e-01  
8.511e-01  5.234e-01  
5.527e-01  9.224e-01  
7.364e-01  9.339e-01  
8.602e-01  5.327e-01  
9.091e-01  4.356e-01  
1.153e+00  1.834e-01  
8.510e-01  5.357e-01  
7.351e-01  8.909e-01  
9.181e-01  4.334e-01  
7.364e-01  9.339e-01  
8.589e-01  4.975e-01  
9.109e-01  4.179e-01  
6.667e-01  8.826e-01  
1.089e+00  3.021e-01  
4.860e-01  8.958e-01  
9.135e-01  4.336e-01  
6.521e-01  9.004e-01  
8.765e-01  5.425e-01  
9.080e-01  4.912e-01  
6.756e-01  9.886e-01  
7.070e-01  9.421e-01  
1.117e+00  2.673e-01  
8.656e-01  5.870e-01  
8.586e-01  5.529e-01  
9.705e-01  4.062e-01  
8.597e-01  6.684e-01  
8.510e-01  4.653e-01  
8.510e-01  5.357e-01  
5.080e-01  8.852e-01  
8.538e-01  4.743e-01  
8.619e-01  4.792e-01  
4.728e-01  9.485e-01  
8.514e-01  5.253e-01  
7.523e-01  8.401e-01  
9.761e-01  2.888e-01  
9.384e-01  4.647e-01  
9.129e-01  4.235e-01  
1.043e+00  4.070e-01  
8.590e-01  6.919e-01  
7.879e-01  8.471e-01  
7.559e-01  9.155e-01  
9.080e-01  4.912e-01  
1.101e+00  3.932e-01  
9.124e-01  4.548e-01  
9.977e-01  3.004e-01  
7.256e-01  9.052e-01  
1.138e+00  1.856e-01  
5.162e-01  8.820e-01  
9.109e-01  4.179e-01  
9.355e-01  4.371e-01  
8.523e-01  4.786e-01  
9.310e-01  4.542e-01  
5.484e-01  9.478e-01  
8.661e-01  4.856e-01  
8.561e-01  4.958e-01  
8.893e-01  4.771e-01  
1.153e+00  1.879e-01  
9.319e-01  3.354e-01  
9.109e-01  3.844e-01  
5.096e-01  8.901e-01  
4.532e-01  9.684e-01  
7.879e-01  8.471e-01  
1.117e+00  2.673e-01  
8.524e-01  4.870e-01  
1.089e+00  3.021e-01  
4.732e-01  9.332e-01  
1.115e+00  1.766e-01  
8.659e-01  4.508e-01  
7.573e-01  8.499e-01  
9.977e-01  3.004e-01  
4.651e-01  8.986e-01  
1.137e+00  2.439e-01  
1.006e+00  2.876e-01  
5.096e-01  8.901e-01  
7.637e-01  8.597e-01  
8.656e-01  5.870e-01  
8.526e-01  4.694e-01  
1.149e+00  1.952e-01  
1.089e+00  3.021e-01  
5.641e-01  8.762e-01  
9.977e-01  3.004e-01  
1.041e+00  2.825e-01  
8.540e-01  4.745e-01  
8.914e-01  5.094e-01  
7.879e-01  8.471e-01  
8.626e-01  4.716e-01  
9.384e-01  4.647e-01  
7.256e-01  9.052e-01  
1.006e+00  2.876e-01  
7.256e-01  9.052e-01  
1.155e+00  1.792e-01  
7.905e-01  8.412e-01  
8.546e-01  5.241e-01  
8.602e-01  5.327e-01  
5.107e-01  8.950e-01  
6.756e-01  9.886e-01  
8.746e-01  4.809e-01  
9.712e-01  4.211e-01  
9.223e-01  3.002e-01  
8.550e-01  4.936e-01  
1.043e+00  4.070e-01  
1.043e+00  4.070e-01  
6.248e-01  8.824e-01  
1.126e+00  3.890e-01  
1.163e+00  1.714e-01  
5.901e-01  8.652e-01  
5.897e-01  9.493e-01  
8.571e-01  5.647e-01  
8.615e-01  5.337e-01  
6.168e-01  8.886e-01  
6.756e-01  9.886e-01  
8.520e-01  4.517e-01  
7.905e-01  8.412e-01  
8.589e-01  4.975e-01  
1.127e+00  3.517e-01  
4.651e-01  8.986e-01  
1.146e+00  2.740e-01  
8.546e-01  5.241e-01  
5.151e-01  9.328e-01  
5.542e-01  8.830e-01  
9.750e-01  2.849e-01  
5.958e-01  8.892e-01  
5.080e-01  8.852e-01  
8.606e-01  5.312e-01  
1.149e+00  1.753e-01  
1.141e+00  2.395e-01  
7.286e-01  8.973e-01  
1.163e+00  1.714e-01  
9.313e-01  4.690e-01  
7.349e-01  8.717e-01  
1.153e+00  1.879e-01  
4.758e-01  8.817e-01  
4.651e-01  8.986e-01  
1.166e+00  1.870e-01  
5.572e-01  8.827e-01  
5.146e-01  8.959e-01  
1.074e+00  3.188e-01  
1.115e+00  1.766e-01  
1.101e+00  3.932e-01  
1.151e+00  2.139e-01  
1.158e+00  1.721e-01  
5.972e-01  8.795e-01  
6.256e-01  8.703e-01  
1.029e+00  3.505e-01  
9.712e-01  4.211e-01  
1.153e+00  1.834e-01  
9.310e-01  4.542e-01  
1.095e+00  4.404e-01  
1.089e+00  3.021e-01  
1.166e+00  1.870e-01  
1.154e+00  1.708e-01  
4.960e-01  9.100e-01  
6.281e-01  9.491e-01  
1.074e+00  3.188e-01  
4.808e-01  9.056e-01  
1.104e+00  2.516e-01  
7.512e-01  8.769e-01  
4.852e-01  9.749e-01  
8.523e-01  4.786e-01  
5.542e-01  8.830e-01  
6.066e-01  9.949e-01  
4.651e-01  8.986e-01  
1.105e+00  2.436e-01  
1.115e+00  1.766e-01  
1.166e+00  1.870e-01  
5.897e-01  9.493e-01  
4.696e-01  9.211e-01  
1.068e+00  2.514e-01  
5.897e-01  9.493e-01  
1.213e+00  2.037e-01  
1.201e+00  2.022e-01  
1.168e+00  2.026e-01  
6.332e-01  8.915e-01  
1.213e+00  1.735e-01  
4.696e-01  9.211e-01  
1.163e+00  1.714e-01  
1.159e+00  1.722e-01  
5.151e-01  9.328e-01  
1.089e+00  3.021e-01  
1.115e+00  1.766e-01  
5.542e-01  8.830e-01  
1.115e+00  1.766e-01  
1.161e+00  1.992e-01  
1.051e+00  2.977e-01  
5.540e-01  9.191e-01  
1.154e+00  1.899e-01  
1.111e+00  2.078e-01  
1.162e+00  1.684e-01  
1.166e+00  1.870e-01  
8.606e-01  5.312e-01  
5.357e-01  8.856e-01  
1.154e+00  1.899e-01  
5.817e-01  9.520e-01  
4.890e-01  9.104e-01  
4.728e-01  9.143e-01  
9.181e-01  4.334e-01  
1.161e+00  2.176e-01  
5.817e-01  9.520e-01  
9.329e-01  3.008e-01  
1.218e+00  1.624e-01  
7.427e-01  9.078e-01  
7.309e-01  8.676e-01  
8.510e-01  4.653e-01  
9.073e-01  4.430e-01  
1.155e+00  1.792e-01  
4.777e-01  9.199e-01  
6.256e-01  8.703e-01  
1.153e+00  1.834e-01  
9.977e-01  3.004e-01  
4.852e-01  9.749e-01  
1.166e+00  1.870e-01  
9.313e-01  4.690e-01  
8.510e-01  5.357e-01  
1.154e+00  1.708e-01  
1.066e+00  2.852e-01  
1.006e+00  2.876e-01  
8.543e-01  5.906e-01  
7.637e-01  8.597e-01  
5.172e-01  8.782e-01  
4.696e-01  9.211e-01  
6.521e-01  9.004e-01  
6.585e-01  9.048e-01  
8.914e-01  5.094e-01  
9.135e-01  4.336e-01  
8.602e-01  5.327e-01  
1.146e+00  2.740e-01  
8.511e-01  5.234e-01  
8.893e-01  4.771e-01  
1.161e+00  2.176e-01  
4.890e-01  9.104e-01  
9.329e-01  3.008e-01  
7.818e-01  8.481e-01  
8.540e-01  4.745e-01  
1.153e+00  1.834e-01  
8.510e-01  4.653e-01  
4.758e-01  8.817e-01  
7.637e-01  8.597e-01  
7.563e-01  8.631e-01  
9.080e-01  4.315e-01  
6.066e-01  9.949e-01  
8.540e-01  4.745e-01  
1.191e+00  1.644e-01  
1.039e+00  2.161e-01  
7.351e-01  8.909e-01  
1.154e+00  1.708e-01  
5.484e-01  9.478e-01  
9.319e-01  4.370e-01  
8.510e-01  5.357e-01  
5.392e-01  8.762e-01  
9.181e-01  4.334e-01  
1.149e+00  1.952e-01  
1.163e+00  1.714e-01  
8.619e-01  4.792e-01  
4.935e-01  9.465e-01  
8.765e-01  5.425e-01  
7.309e-01  8.676e-01  
4.581e-01  9.904e-01  
5.527e-01  9.224e-01  
8.552e-01  4.729e-01  
1.029e+00  2.805e-01  
9.217e-01  3.979e-01  
5.106e-01  9.692e-01  
4.532e-01  9.684e-01  
8.626e-01  4.716e-01  
8.547e-01  5.219e-01  
9.388e-01  3.121e-01  
5.901e-01  8.652e-01  
8.517e-01  4.874e-01  
