2.483e-02  1.064e+00  
1.000e+00  0.000e+00  
4.487e-01  4.825e-01  
6.749e-01  2.298e-01  
2.539e-01  7.662e-01  
5.150e-01  3.234e-01  
7.436e-02  1.000e+00  
3.294e-01  5.335e-01  
8.373e-01  1.160e-01  
9.697e-01  3.811e-02  
6.190e-02  1.000e+00  
4.863e-01  3.605e-01  
6.929e-01  2.550e-01  
3.022e-01  6.742e-01  
3.574e-01  5.027e-01  
7.660e-01  1.662e-01  
3.137e-02  1.178e+00  
5.013e-02  9.992e-01  
5.873e-01  3.088e-01  
7.789e-01  1.457e-01  
3.264e-01  5.644e-01  
4.730e-01  4.017e-01  
3.993e-01  4.591e-01  
9.002e-01  7.597e-02  
4.852e-01  3.446e-01  
9.980e-01  5.427e-03  
2.268e-01  7.298e-01  
6.994e-03  1.002e+00  
2.926e-01  5.428e-01  
4.119e-02  1.001e+00  
6.513e-01  2.454e-01  
7.491e-01  2.059e-01  
2.539e-01  7.662e-01  
7.562e-01  1.837e-01  
9.587e-01  3.003e-02  
3.037e-02  9.999e-01  
2.824e-01  5.535e-01  
1.187e-01  9.992e-01  
8.701e-02  9.994e-01  
5.572e-01  3.153e-01  
4.018e-01  4.290e-01  
5.270e-01  3.306e-01  
3.024e-01  5.150e-01  
2.967e-01  7.134e-01  
1.174e-01  9.994e-01  
6.706e-01  2.412e-01  
4.649e-01  3.533e-01  
9.692e-01  6.323e-02  
4.723e-01  3.831e-01  
2.334e-01  6.765e-01  
4.097e-01  4.385e-01  
2.854e-01  6.033e-01  
2.847e-02  1.129e+00  
5.959e-01  2.754e-01  
2.193e-02  9.996e-01  
4.420e-01  4.090e-01  
6.589e-01  2.648e-01  
9.980e-01  5.427e-03  
2.330e-01  7.619e-01  
8.648e-01  1.098e-01  
8.825e-01  1.444e-01  
3.153e-01  5.130e-01  
7.702e-01  1.576e-01  
7.253e-01  2.125e-01  
2.160e-01  8.069e-01  
7.702e-01  1.576e-01  
1.014e-01  9.993e-01  
6.714e-01  2.434e-01  
4.660e-01  3.790e-01  
4.863e-01  3.605e-01  
7.562e-01  1.837e-01  
2.237e-01  7.746e-01  
5.976e-01  2.686e-01  
2.952e-01  5.509e-01  
4.018e-01  4.290e-01  
5.013e-02  9.992e-01  
1.014e-01  9.993e-01  
7.562e-01  1.837e-01  
5.253e-01  3.377e-01  
9.854e-01  4.665e-02  
5.150e-01  3.234e-01  
2.748e-01  5.908e-01  
4.064e-01  4.616e-01  
5.086e-01  3.438e-01  
4.397e-01  5.043e-01  
5.086e-01  3.438e-01  
2.154e-01  9.376e-01  
3.968e-02  9.996e-01  
3.203e-01  5.287e-01  
5.219e-01  3.483e-01  
2.539e-01  7.662e-01  
6.749e-01  2.298e-01  
9.772e-01  1.667e-02  
2.847e-02  1.129e+00  
8.740e-01  1.337e-01  
2.824e-01  5.535e-01  
4.068e-01  4.682e-01  
5.760e-01  2.883e-01  
2.915e-01  6.267e-01  
4.473e-01  3.768e-01  
3.642e-02  1.002e+00  
9.196e-02  9.993e-01  
5.086e-01  3.438e-01  
1.781e-02  9.993e-01  
6.648e-01  2.811e-01  
8.825e-01  1.444e-01  
2.483e-02  1.064e+00  
4.221e-01  4.643e-01  
6.589e-01  2.648e-01  
7.531e-01  2.038e-01  
3.821e-01  5.028e-01  
2.293e-01  7.842e-01  
3.240e-01  5.586e-01  
3.294e-01  5.335e-01  
2.967e-01  7.134e-01  
9.002e-01  7.597e-02  
2.168e-01  7.911e-01  
7.810e-01  1.626e-01  
1.644e-03  9.998e-01  
8.648e-01  1.098e-01  
9.825e-01  1.238e-02  
2.464e-01  7.017e-01  
9.058e-01  6.924e-02  
2.160e-01  8.069e-01  
7.531e-01  2.038e-01  
6.994e-03  1.002e+00  
9.421e-01  6.764e-02  
2.919e-01  5.025e-01  
9.817e-01  2.048e-02  
3.341e-01  5.078e-01  
9.058e-01  6.924e-02  
1.602e-01  9.992e-01  
4.467e-02  1.001e+00  
9.196e-02  9.993e-01  
9.928e-01  1.329e-02  
8.240e-01  1.205e-01  
9.987e-01  7.198e-03  
2.768e-01  6.628e-01  
7.601e-01  1.798e-01  
2.517e-01  6.890e-01  
1.781e-02  9.993e-01  
6.392e-01  2.955e-01  
6.494e-01  2.378e-01  
3.243e-01  5.211e-01  
3.197e-01  4.628e-01  
4.249e-01  4.261e-01  
2.493e-01  6.981e-01  
5.086e-01  3.438e-01  
4.467e-02  1.001e+00  
2.774e-01  6.274e-01  
2.935e-01  7.247e-01  
7.562e-01  1.837e-01  
3.243e-01  5.211e-01  
4.852e-01  3.777e-01  
2.493e-01  6.981e-01  
5.408e-01  3.129e-01  
1.644e-03  9.998e-01  
2.571e-01  6.699e-01  
4.723e-01  3.831e-01  
5.408e-01  3.129e-01  
6.474e-01  2.495e-01  
2.915e-01  6.267e-01  
5.522e-01  3.199e-01  
2.168e-01  7.911e-01  
3.993e-01  4.591e-01  
3.070e-01  5.072e-01  
4.103e-01  5.310e-01  
5.223e-01  3.699e-01  
9.744e-01  2.871e-02  
5.219e-01  3.483e-01  
4.420e-01  4.090e-01  
5.855e-01  3.137e-01  
1.032e-02  1.012e+00  
4.852e-01  3.777e-01  
3.037e-02  9.999e-01  
5.408e-01  3.129e-01  
6.190e-02  1.000e+00  
4.018e-01  4.290e-01  
1.115e-01  9.996e-01  
4.723e-01  3.831e-01  
6.785e-01  2.642e-01  
2.841e-01  5.835e-01  
4.026e-01  4.313e-01  
3.993e-01  4.591e-01  
8.825e-01  1.444e-01  
7.824e-01  1.777e-01  
2.732e-01  7.350e-01  
3.917e-01  4.674e-01  
5.223e-01  3.699e-01  
3.341e-01  5.078e-01  
4.758e-01  3.570e-01  
5.270e-01  3.306e-01  
4.026e-01  4.313e-01  
4.026e-01  4.313e-01  
9.713e-01  3.087e-02  
8.811e-01  1.957e-01  
3.203e-01  5.287e-01  
6.557e-01  2.451e-01  
3.203e-01  5.287e-01  
1.602e-01  9.992e-01  
5.368e-01  3.136e-01  
2.967e-01  7.134e-01  
5.135e-01  4.159e-01  
8.705e-01  1.013e-01  
3.240e-01  5.586e-01  
5.959e-01  2.754e-01  
4.863e-01  3.605e-01  
5.559e-02  9.994e-01  
7.824e-01  1.777e-01  
3.025e-02  1.001e+00  
9.058e-01  6.924e-02  
6.785e-01  2.642e-01  
5.959e-01  2.754e-01  
2.261e-01  7.889e-01  
4.501e-01  4.181e-01  
9.843e-01  4.681e-02  
7.531e-01  2.038e-01  
6.714e-01  2.434e-01  
7.810e-01  1.626e-01  
4.467e-02  1.001e+00  
2.493e-01  6.981e-01  
2.539e-01  7.662e-01  
5.013e-02  9.992e-01  
7.088e-01  2.194e-01  
9.944e-01  1.528e-02  
2.237e-01  7.746e-01  
2.261e-01  7.889e-01  
2.128e-01  8.308e-01  
3.243e-01  5.211e-01  
3.037e-02  9.999e-01  
8.187e-01  1.504e-01  
9.449e-01  9.112e-02  
2.118e-02  1.132e+00  
3.294e-01  5.335e-01  
6.825e-01  1.980e-01  
7.130e-01  1.909e-01  
3.243e-01  5.211e-01  
3.037e-02  9.999e-01  
1.103e-01  9.993e-01  
5.959e-01  2.754e-01  
2.423e-02  1.000e+00  
6.415e-02  9.994e-01  
9.065e-01  7.350e-02  
2.145e-01  7.899e-01  
8.825e-01  1.444e-01  
7.876e-01  1.565e-01  
2.760e-01  6.578e-01  
9.595e-01  6.860e-02  
2.915e-01  6.267e-01  
9.239e-03  1.000e+00  
8.188e-01  1.368e-01  
8.648e-01  1.098e-01  
2.483e-02  1.064e+00  
7.002e-01  2.065e-01  
9.065e-01  7.350e-02  
1.000e+00  0.000e+00  
9.780e-01  2.035e-02  
9.595e-01  6.860e-02  
2.824e-01  5.535e-01  
1.003e+00  9.608e-03  
7.247e-01  2.115e-01  
7.810e-01  1.626e-01  
8.282e-01  1.344e-01  
9.764e-03  9.999e-01  
4.574e-01  3.803e-01  
8.655e-01  1.167e-01  
8.044e-01  1.621e-01  
7.347e-01  1.859e-01  
3.037e-02  9.999e-01  
2.942e-01  5.626e-01  
7.912e-02  1.003e+00  
2.330e-01  7.619e-01  
4.746e-01  4.280e-01  
3.541e-01  4.771e-01  
2.919e-01  5.025e-01  
7.702e-01  1.576e-01  
4.168e-02  1.000e+00  
2.237e-01  7.746e-01  
6.785e-01  2.642e-01  
5.087e-02  1.000e+00  
6.415e-02  9.994e-01  
2.571e-01  6.699e-01  
6.537e-01  2.896e-01  
6.929e-01  2.550e-01  
2.493e-01  6.981e-01  
1.032e-02  1.012e+00  
8.944e-01  9.475e-02  
1.754e-01  9.993e-01  
4.168e-02  1.000e+00  
1.713e-01  9.994e-01  
5.408e-01  3.129e-01  
4.574e-01  3.803e-01  
1.014e-01  9.993e-01  
6.392e-01  2.955e-01  
5.991e-01  2.787e-01  
3.993e-01  4.591e-01  
4.026e-01  4.313e-01  
2.492e-01  6.154e-01  
6.392e-01  2.955e-01  
4.018e-01  4.290e-01  
2.423e-02  1.000e+00  
3.294e-01  5.335e-01  
6.146e-01  2.496e-01  
4.473e-01  3.768e-01  
3.541e-01  4.771e-01  
4.852e-01  3.597e-01  
4.168e-02  1.000e+00  
3.341e-01  5.078e-01  
5.120e-01  3.263e-01  
4.026e-01  4.313e-01  
1.014e-01  9.993e-01  
2.748e-01  5.908e-01  
4.723e-01  3.831e-01  
7.566e-01  1.818e-01  
1.346e-01  9.993e-01  
4.473e-01  3.768e-01  
5.855e-01  3.137e-01  
5.855e-01  3.137e-01  
2.915e-01  6.267e-01  
5.270e-01  3.306e-01  
5.270e-01  3.306e-01  
5.742e-01  3.401e-01  
2.967e-01  7.134e-01  
8.377e-01  1.235e-01  
2.926e-01  5.428e-01  
4.467e-02  1.001e+00  
8.935e-01  8.452e-02  
6.785e-01  2.642e-01  
6.929e-01  2.550e-01  
5.013e-02  9.992e-01  
4.420e-01  4.090e-01  
4.260e-01  4.226e-01  
4.020e-01  4.431e-01  
1.880e-01  8.905e-01  
2.774e-01  6.274e-01  
3.821e-01  5.028e-01  
5.408e-01  3.129e-01  
8.713e-01  1.112e-01  
4.018e-01  4.290e-01  
2.464e-01  7.327e-01  
6.597e-01  2.449e-01  
2.854e-01  6.033e-01  
4.852e-01  3.777e-01  
5.120e-01  3.263e-01  
2.732e-01  7.350e-01  
8.825e-01  1.444e-01  
2.107e-01  8.649e-01  
5.368e-01  3.136e-01  
2.772e-01  7.696e-01  
4.343e-01  4.148e-01  
5.086e-01  3.438e-01  
2.168e-01  7.911e-01  
2.464e-01  7.017e-01  
7.955e-01  1.432e-01  
3.197e-01  4.628e-01  
2.952e-01  5.509e-01  
5.959e-01  2.754e-01  
2.919e-01  5.025e-01  
3.243e-01  5.211e-01  
4.487e-01  4.825e-01  
1.781e-02  9.993e-01  
3.548e-01  4.557e-01  
4.546e-01  4.136e-01  
5.087e-02  1.000e+00  
3.445e-01  5.615e-01  
2.891e-01  5.119e-01  
7.824e-01  1.777e-01  
5.484e-01  3.113e-01  
5.270e-01  3.306e-01  
6.749e-01  2.298e-01  
3.368e-01  5.008e-01  
3.197e-01  4.628e-01  
2.774e-01  6.274e-01  
4.928e-01  3.506e-01  
6.589e-01  2.648e-01  
5.561e-01  3.520e-01  
7.562e-01  1.837e-01  
2.732e-01  7.350e-01  
9.050e-01  6.843e-02  
5.087e-02  1.000e+00  
5.408e-01  3.129e-01  
5.223e-01  3.699e-01  
2.891e-01  5.119e-01  
4.919e-01  3.479e-01  
1.299e-01  9.999e-01  
4.420e-01  4.090e-01  
2.952e-01  5.509e-01  
4.782e-01  3.582e-01  
9.002e-01  7.597e-02  
7.088e-01  2.194e-01  
5.150e-01  3.234e-01  
1.754e-01  9.993e-01  
2.373e-02  1.132e+00  
3.240e-01  5.586e-01  
7.955e-01  1.432e-01  
3.548e-01  4.557e-01  
7.824e-01  1.777e-01  
2.373e-02  1.132e+00  
9.928e-01  1.329e-02  
4.853e-01  3.452e-01  
2.876e-01  6.627e-01  
7.002e-01  2.065e-01  
4.119e-02  1.001e+00  
8.240e-01  1.205e-01  
8.187e-01  1.504e-01  
4.467e-02  1.001e+00  
2.935e-01  7.247e-01  
3.887e-01  4.832e-01  
4.026e-01  4.313e-01  
9.002e-01  7.597e-02  
7.660e-01  1.662e-01  
2.168e-01  7.911e-01  
7.531e-01  2.038e-01  
7.253e-01  2.125e-01  
3.243e-01  5.211e-01  
4.343e-01  4.148e-01  
3.069e-01  5.950e-01  
4.081e-01  4.283e-01  
5.086e-01  3.438e-01  
2.772e-01  7.696e-01  
7.531e-01  2.038e-01  
2.268e-01  7.298e-01  
9.565e-01  8.403e-02  
3.203e-01  5.287e-01  
4.423e-01  3.859e-01  
3.541e-01  4.771e-01  
2.128e-01  8.308e-01  
2.261e-01  7.889e-01  
4.852e-01  3.777e-01  
5.976e-01  2.686e-01  
7.531e-01  2.038e-01  
3.203e-01  5.287e-01  
6.537e-01  2.896e-01  
5.976e-01  2.686e-01  
7.912e-02  1.003e+00  
7.253e-01  2.125e-01  
9.002e-01  7.597e-02  
2.161e-01  8.523e-01  
2.036e-01  9.202e-01  
2.891e-01  5.119e-01  
3.993e-01  4.591e-01  
2.334e-01  6.765e-01  
2.160e-01  8.069e-01  
3.203e-01  5.287e-01  
3.036e-01  7.263e-01  
4.473e-01  3.768e-01  
7.253e-01  2.125e-01  
6.415e-02  9.994e-01  
7.810e-01  1.626e-01  
4.260e-01  4.226e-01  
6.415e-02  9.994e-01  
1.014e-01  9.993e-01  
7.174e-01  2.145e-01  
2.548e-01  6.043e-01  
2.083e-01  8.630e-01  
2.891e-01  5.119e-01  
9.744e-01  2.871e-02  
8.648e-01  1.098e-01  
2.854e-01  6.033e-01  
9.946e-01  1.989e-02  
5.120e-01  3.263e-01  
2.967e-01  7.134e-01  
9.449e-01  9.112e-02  
2.464e-01  7.327e-01  
1.644e-03  9.998e-01  
9.854e-01  4.665e-02  
2.464e-01  7.327e-01  
1.781e-02  9.993e-01  
7.632e-01  1.761e-01  
9.591e-01  3.874e-02  
6.929e-01  2.550e-01  
8.305e-01  1.380e-01  
9.524e-01  3.063e-02  
2.168e-01  7.911e-01  
2.128e-01  8.308e-01  
7.253e-01  2.125e-01  
5.959e-01  2.754e-01  
9.798e-01  3.839e-02  
5.270e-01  3.306e-01  
7.174e-01  2.145e-01  
7.765e-01  1.705e-01  
9.398e-01  5.041e-02  
1.000e+00  0.000e+00  
6.190e-02  1.000e+00  
1.979e-01  8.783e-01  
7.247e-01  2.115e-01  
6.415e-02  9.994e-01  
8.240e-01  1.205e-01  
2.760e-01  6.578e-01  
5.087e-02  1.000e+00  
3.294e-01  5.335e-01  
5.013e-02  9.992e-01  
2.237e-01  7.746e-01  
1.644e-03  9.998e-01  
9.762e-01  6.893e-02  
9.421e-01  6.764e-02  
9.744e-01  2.871e-02  
1.781e-02  9.993e-01  
6.994e-03  1.002e+00  
8.825e-01  1.444e-01  
6.415e-02  9.994e-01  
9.854e-01  4.665e-02  
9.830e-01  1.525e-02  
9.854e-01  4.665e-02  
2.847e-02  1.129e+00  
9.946e-01  1.989e-02  
6.994e-03  1.002e+00  
9.946e-01  1.989e-02  
9.058e-01  6.924e-02  
1.171e-01  1.002e+00  
7.810e-01  1.626e-01  
1.003e+00  9.608e-03  
1.395e-01  9.993e-01  
9.695e-01  3.096e-02  
9.421e-01  6.764e-02  
7.744e-01  1.501e-01  
9.764e-03  9.999e-01  
8.975e-01  1.227e-01  
9.058e-01  6.924e-02  
9.980e-01  5.427e-03  
9.744e-01  2.871e-02  
2.891e-01  5.119e-01  
1.087e-01  9.993e-01  
9.195e-01  6.771e-02  
9.764e-03  9.999e-01  
1.644e-03  9.998e-01  
5.087e-02  1.000e+00  
6.511e-01  2.266e-01  
9.002e-01  7.597e-02  
1.781e-02  9.993e-01  
7.461e-01  1.877e-01  
1.030e+00  5.548e-03  
2.854e-01  6.033e-01  
2.868e-01  6.693e-01  
2.919e-01  5.025e-01  
5.018e-01  3.365e-01  
8.909e-01  9.978e-02  
2.483e-02  1.064e+00  
2.268e-01  7.298e-01  
8.883e-01  7.970e-02  
7.130e-01  1.768e-01  
5.087e-02  1.000e+00  
9.946e-01  1.989e-02  
5.198e-01  3.210e-01  
3.294e-01  5.335e-01  
9.058e-01  6.924e-02  
6.916e-01  2.213e-01  
6.825e-01  1.980e-01  
3.197e-01  4.628e-01  
2.967e-01  7.134e-01  
1.014e-01  9.993e-01  
4.119e-02  1.001e+00  
2.330e-01  7.619e-01  
2.464e-01  7.327e-01  
4.863e-01  3.605e-01  
4.975e-01  3.386e-01  
4.017e-01  4.681e-01  
8.188e-01  1.368e-01  
3.341e-01  5.078e-01  
4.919e-01  3.479e-01  
8.648e-01  1.098e-01  
9.196e-02  9.993e-01  
7.491e-01  2.059e-01  
2.917e-01  5.339e-01  
3.197e-01  4.628e-01  
9.798e-01  3.839e-02  
3.197e-01  4.628e-01  
2.273e-01  8.144e-01  
3.015e-01  5.333e-01  
3.070e-01  5.072e-01  
6.537e-01  2.896e-01  
2.161e-01  8.523e-01  
4.017e-01  4.681e-01  
9.908e-01  7.731e-03  
7.347e-01  1.859e-01  
2.655e-01  5.795e-01  
9.780e-01  2.035e-02  
5.013e-02  9.992e-01  
5.150e-01  3.234e-01  
3.548e-01  4.557e-01  
1.014e-01  9.993e-01  
5.653e-01  2.913e-01  
9.854e-01  4.665e-02  
9.854e-01  4.665e-02  
4.343e-01  4.148e-01  
6.190e-02  1.000e+00  
3.993e-01  4.591e-01  
3.234e-01  6.315e-01  
1.500e-02  1.013e+00  
1.395e-01  9.993e-01  
5.223e-01  3.699e-01  
7.174e-01  2.145e-01  
5.120e-01  3.263e-01  
3.137e-02  1.178e+00  
7.041e-03  1.070e+00  
4.912e-01  4.282e-01  
4.343e-01  4.148e-01  
6.929e-01  2.550e-01  
2.237e-01  7.746e-01  
4.420e-01  4.090e-01  
