3.867e-02  1.155e+00  
1.110e+00  5.839e-02  
6.828e-01  6.646e-01  
9.105e-01  3.304e-01  
3.405e-01  1.050e+00  
8.431e-01  4.627e-01  
1.444e-01  1.043e+00  
5.154e-01  8.552e-01  
1.014e+00  2.031e-01  
1.043e+00  1.313e-01  
9.286e-02  1.050e+00  
7.149e-01  6.070e-01  
8.737e-01  4.078e-01  
3.947e-01  9.404e-01  
5.134e-01  8.596e-01  
1.014e+00  2.904e-01  
1.995e-01  1.046e+00  
1.444e-01  1.043e+00  
8.502e-01  4.262e-01  
1.005e+00  1.719e-01  
5.052e-01  8.764e-01  
7.292e-01  6.015e-01  
6.803e-01  7.052e-01  
1.027e+00  1.326e-01  
7.919e-01  5.589e-01  
1.119e+00  6.122e-02  
3.731e-01  9.556e-01  
3.470e-02  1.149e+00  
5.314e-01  8.364e-01  
1.270e-01  1.044e+00  
8.751e-01  3.616e-01  
9.409e-01  3.045e-01  
1.682e-01  1.049e+00  
1.014e+00  2.904e-01  
1.078e+00  1.158e-01  
4.242e-02  1.153e+00  
3.902e-01  9.616e-01  
1.444e-01  1.043e+00  
1.633e-01  1.053e+00  
8.431e-01  4.627e-01  
5.900e-01  7.811e-01  
8.502e-01  4.262e-01  
5.239e-01  8.329e-01  
3.405e-01  1.050e+00  
1.117e-01  1.074e+00  
8.751e-01  3.616e-01  
7.413e-01  5.827e-01  
1.078e+00  1.158e-01  
7.232e-01  5.995e-01  
3.623e-01  9.701e-01  
6.773e-01  7.010e-01  
5.247e-01  8.472e-01  
6.356e-02  1.158e+00  
8.494e-01  4.257e-01  
1.080e-01  1.063e+00  
6.891e-01  6.476e-01  
8.494e-01  4.257e-01  
1.075e+00  7.025e-02  
1.428e-01  1.064e+00  
1.027e+00  1.326e-01  
1.031e+00  1.023e-01  
5.800e-01  7.763e-01  
1.014e+00  2.031e-01  
9.420e-01  3.014e-01  
9.948e-02  1.060e+00  
1.002e+00  2.014e-01  
1.291e-01  1.046e+00  
8.637e-01  3.836e-01  
7.149e-01  6.070e-01  
7.149e-01  6.070e-01  
1.004e+00  2.309e-01  
1.585e-01  1.047e+00  
8.446e-01  4.493e-01  
5.112e-01  8.623e-01  
7.025e-01  6.305e-01  
1.713e-01  1.045e+00  
1.291e-01  1.046e+00  
1.004e+00  2.309e-01  
8.402e-01  4.876e-01  
1.057e+00  6.876e-02  
8.446e-01  4.493e-01  
3.947e-01  9.404e-01  
6.709e-01  7.534e-01  
8.384e-01  4.822e-01  
6.023e-01  7.792e-01  
8.386e-01  4.739e-01  
1.837e-01  1.044e+00  
9.041e-02  1.124e+00  
5.267e-01  8.289e-01  
7.750e-01  5.679e-01  
3.724e-01  9.620e-01  
8.912e-01  3.396e-01  
1.108e+00  8.994e-02  
3.180e-02  1.132e+00  
1.014e+00  1.558e-01  
3.405e-01  1.050e+00  
6.865e-01  6.764e-01  
8.532e-01  4.179e-01  
3.967e-01  9.474e-01  
7.292e-01  6.015e-01  
7.203e-02  1.059e+00  
1.845e-01  1.044e+00  
7.413e-01  5.827e-01  
1.191e-01  1.049e+00  
8.751e-01  3.616e-01  
1.014e+00  2.031e-01  
4.866e-02  1.065e+00  
6.865e-01  6.764e-01  
8.653e-01  3.796e-01  
1.014e+00  2.904e-01  
5.847e-01  7.872e-01  
1.179e-01  1.048e+00  
5.050e-01  8.950e-01  
5.314e-01  8.364e-01  
3.921e-01  9.548e-01  
1.031e+00  1.023e-01  
1.428e-01  1.064e+00  
1.004e+00  2.193e-01  
1.270e-01  1.044e+00  
1.020e+00  1.914e-01  
1.085e+00  7.262e-02  
3.530e-01  9.820e-01  
1.031e+00  1.023e-01  
1.585e-01  1.047e+00  
8.751e-01  3.616e-01  
3.526e-02  1.164e+00  
1.020e+00  1.315e-01  
5.127e-01  8.775e-01  
1.108e+00  8.994e-02  
5.164e-01  8.443e-01  
1.017e+00  1.345e-01  
1.270e-01  1.044e+00  
1.942e-01  1.051e+00  
1.217e-01  1.053e+00  
1.105e+00  6.099e-02  
1.044e+00  1.368e-01  
1.105e+00  6.099e-02  
3.947e-01  9.404e-01  
1.003e+00  2.097e-01  
3.567e-01  9.682e-01  
4.242e-02  1.153e+00  
8.491e-01  4.112e-01  
8.532e-01  4.179e-01  
5.095e-01  8.785e-01  
5.550e-01  8.081e-01  
6.770e-01  6.772e-01  
3.473e-01  9.927e-01  
7.303e-01  5.890e-01  
1.845e-01  1.044e+00  
3.898e-01  9.424e-01  
5.098e-01  8.684e-01  
1.014e+00  2.904e-01  
5.218e-01  8.489e-01  
7.025e-01  6.305e-01  
6.395e-02  1.064e+00  
8.442e-01  4.414e-01  
1.172e-01  1.048e+00  
3.623e-01  9.701e-01  
7.081e-01  6.203e-01  
8.403e-01  4.714e-01  
8.668e-01  3.658e-01  
4.405e-01  9.342e-01  
8.494e-01  4.257e-01  
1.837e-01  1.044e+00  
6.773e-01  7.010e-01  
5.349e-01  8.152e-01  
6.261e-01  7.492e-01  
8.565e-01  3.906e-01  
1.057e+00  6.876e-02  
7.919e-01  5.589e-01  
6.773e-01  7.010e-01  
8.431e-01  4.627e-01  
3.810e-02  1.135e+00  
7.919e-01  5.589e-01  
3.810e-02  1.135e+00  
8.773e-01  3.903e-01  
1.554e-01  1.049e+00  
6.738e-01  7.108e-01  
1.444e-01  1.043e+00  
7.439e-01  6.036e-01  
8.800e-01  3.672e-01  
3.904e-01  9.492e-01  
6.788e-01  7.639e-01  
6.382e-01  7.496e-01  
1.014e+00  1.558e-01  
1.004e+00  1.970e-01  
3.567e-01  9.682e-01  
6.788e-01  7.639e-01  
8.773e-01  3.903e-01  
5.800e-01  7.763e-01  
7.149e-01  6.070e-01  
8.414e-01  4.822e-01  
6.828e-01  6.646e-01  
6.709e-01  7.534e-01  
1.043e+00  1.313e-01  
8.604e-01  3.958e-01  
6.306e-01  7.538e-01  
8.839e-01  3.465e-01  
5.127e-01  8.775e-01  
9.948e-02  1.060e+00  
8.403e-01  4.714e-01  
3.405e-01  1.050e+00  
7.033e-01  6.364e-01  
1.043e+00  1.313e-01  
5.104e-01  8.733e-01  
8.481e-01  4.139e-01  
7.413e-01  5.827e-01  
6.356e-02  1.158e+00  
8.604e-01  3.958e-01  
4.318e-02  1.102e+00  
1.078e+00  1.158e-01  
8.737e-01  4.078e-01  
8.481e-01  4.139e-01  
1.585e-01  1.047e+00  
7.413e-01  5.827e-01  
1.078e+00  1.158e-01  
1.011e+00  1.589e-01  
8.912e-01  3.396e-01  
9.420e-01  3.014e-01  
9.286e-02  1.050e+00  
3.405e-01  1.050e+00  
1.682e-01  1.049e+00  
1.585e-01  1.047e+00  
8.995e-01  3.426e-01  
1.057e+00  6.876e-02  
1.320e-01  1.047e+00  
1.585e-01  1.047e+00  
1.191e-01  1.049e+00  
4.603e-01  9.219e-01  
1.106e-01  1.058e+00  
1.004e+00  2.193e-01  
1.043e+00  1.313e-01  
3.180e-02  1.132e+00  
5.127e-01  8.775e-01  
8.532e-01  4.179e-01  
1.004e+00  2.099e-01  
5.238e-01  8.390e-01  
9.286e-02  1.050e+00  
1.308e-01  1.049e+00  
8.715e-01  3.767e-01  
3.180e-02  1.132e+00  
7.284e-02  1.061e+00  
1.043e+00  1.313e-01  
1.995e-01  1.046e+00  
1.007e+00  1.680e-01  
1.011e+00  1.589e-01  
3.898e-01  9.424e-01  
1.065e+00  9.893e-02  
4.005e-01  9.455e-01  
4.242e-02  1.153e+00  
1.014e+00  2.031e-01  
1.015e+00  1.565e-01  
8.778e-02  1.141e+00  
9.375e-01  3.105e-01  
1.026e+00  1.156e-01  
1.118e+00  5.729e-02  
1.074e+00  6.431e-02  
1.105e+00  6.099e-02  
4.405e-01  9.342e-01  
1.138e+00  8.058e-02  
1.027e+00  8.713e-02  
9.434e-01  3.000e-01  
1.005e+00  1.980e-01  
4.737e-02  1.103e+00  
7.025e-01  6.305e-01  
1.014e+00  1.558e-01  
1.014e+00  1.558e-01  
1.004e+00  1.973e-01  
8.778e-02  1.141e+00  
3.947e-01  9.404e-01  
9.286e-02  1.050e+00  
1.522e-01  1.066e+00  
6.940e-01  6.433e-01  
5.247e-01  8.472e-01  
5.216e-01  8.379e-01  
1.014e+00  2.031e-01  
1.191e-01  1.049e+00  
1.123e-01  1.049e+00  
8.737e-01  4.078e-01  
6.356e-02  1.158e+00  
8.100e-02  1.200e+00  
3.567e-01  9.682e-01  
8.532e-01  4.179e-01  
9.409e-01  3.045e-01  
3.731e-01  9.556e-01  
3.598e-02  1.139e+00  
1.031e+00  1.023e-01  
1.713e-01  1.045e+00  
6.356e-02  1.158e+00  
1.769e-01  1.050e+00  
8.365e-01  4.759e-01  
7.140e-01  6.041e-01  
6.395e-02  1.064e+00  
8.532e-01  4.179e-01  
8.446e-01  4.493e-01  
5.850e-01  7.913e-01  
6.765e-01  7.045e-01  
3.664e-01  9.948e-01  
8.446e-01  4.493e-01  
7.012e-01  6.248e-01  
5.339e-02  1.113e+00  
5.368e-01  8.391e-01  
8.532e-01  4.179e-01  
7.948e-01  6.074e-01  
6.709e-01  7.534e-01  
7.316e-01  5.878e-01  
6.356e-02  1.158e+00  
5.095e-01  8.785e-01  
7.149e-01  6.070e-01  
6.803e-01  7.052e-01  
1.585e-01  1.047e+00  
3.902e-01  9.616e-01  
7.149e-01  6.070e-01  
1.004e+00  2.017e-01  
1.308e-01  1.049e+00  
7.413e-01  5.827e-01  
8.431e-01  4.627e-01  
8.580e-01  3.964e-01  
3.530e-01  9.820e-01  
8.446e-01  4.493e-01  
8.431e-01  4.627e-01  
8.402e-01  4.876e-01  
3.947e-01  9.404e-01  
1.044e+00  1.368e-01  
5.095e-01  8.785e-01  
1.995e-01  1.046e+00  
1.031e+00  1.023e-01  
8.642e-01  3.884e-01  
8.876e-01  3.468e-01  
1.270e-01  1.044e+00  
7.292e-01  6.015e-01  
6.770e-01  6.772e-01  
6.773e-01  7.010e-01  
1.585e-01  1.047e+00  
3.731e-01  9.556e-01  
5.164e-01  8.443e-01  
8.414e-01  4.822e-01  
1.017e+00  1.240e-01  
6.709e-01  7.534e-01  
3.567e-01  9.682e-01  
8.878e-01  3.543e-01  
3.731e-01  9.556e-01  
7.012e-01  6.248e-01  
8.417e-01  4.603e-01  
3.722e-01  9.623e-01  
1.006e+00  2.121e-01  
1.837e-01  1.044e+00  
8.425e-01  5.074e-01  
1.314e-01  1.048e+00  
6.853e-01  6.598e-01  
7.303e-01  5.890e-01  
1.585e-01  1.047e+00  
3.601e-01  9.770e-01  
1.006e+00  2.121e-01  
5.768e-01  7.763e-01  
5.247e-01  8.472e-01  
8.481e-01  4.139e-01  
5.247e-01  8.472e-01  
5.550e-01  8.081e-01  
6.023e-01  7.792e-01  
1.444e-01  1.043e+00  
6.865e-01  6.764e-01  
7.292e-01  6.015e-01  
8.778e-02  1.141e+00  
5.892e-01  7.772e-01  
5.098e-01  8.684e-01  
1.004e+00  1.970e-01  
8.402e-01  4.876e-01  
8.414e-01  4.822e-01  
8.737e-01  4.078e-01  
5.368e-01  8.391e-01  
5.068e-01  8.794e-01  
4.595e-01  9.208e-01  
7.612e-01  5.675e-01  
8.876e-01  3.468e-01  
8.372e-01  5.129e-01  
1.006e+00  2.121e-01  
3.610e-01  9.666e-01  
1.057e+00  6.876e-02  
1.291e-01  1.046e+00  
8.440e-01  4.415e-01  
7.639e-01  5.703e-01  
5.349e-01  8.152e-01  
7.919e-01  5.589e-01  
1.044e-01  1.048e+00  
7.149e-01  6.070e-01  
5.847e-01  7.872e-01  
7.413e-01  5.827e-01  
1.078e+00  1.158e-01  
9.420e-01  3.014e-01  
8.412e-01  4.682e-01  
1.287e-01  1.048e+00  
3.474e-02  1.158e+00  
5.050e-01  8.950e-01  
1.003e+00  2.097e-01  
5.368e-01  8.391e-01  
1.020e+00  1.914e-01  
3.950e-02  1.157e+00  
1.057e+00  6.876e-02  
7.919e-01  5.589e-01  
4.269e-01  9.647e-01  
9.420e-01  3.014e-01  
4.465e-02  1.156e+00  
1.017e+00  1.345e-01  
1.004e+00  2.017e-01  
1.108e-01  1.069e+00  
4.595e-01  9.208e-01  
5.468e-01  9.146e-01  
6.865e-01  6.764e-01  
1.023e+00  1.207e-01  
1.008e+00  2.212e-01  
1.428e-01  1.064e+00  
1.009e+00  2.753e-01  
9.409e-01  3.045e-01  
5.247e-01  8.472e-01  
7.022e-01  6.171e-01  
5.468e-01  9.146e-01  
6.865e-01  6.764e-01  
7.232e-01  5.995e-01  
3.530e-01  9.820e-01  
1.014e+00  2.904e-01  
3.623e-01  9.701e-01  
1.017e+00  1.345e-01  
5.104e-01  8.733e-01  
6.891e-01  6.476e-01  
5.850e-01  7.913e-01  
1.112e-01  1.046e+00  
1.660e-01  1.051e+00  
7.316e-01  5.878e-01  
8.494e-01  4.257e-01  
8.936e-01  3.285e-01  
5.424e-01  8.160e-01  
8.827e-01  3.825e-01  
8.572e-01  3.970e-01  
3.180e-02  1.132e+00  
1.004e+00  2.177e-01  
1.020e+00  1.479e-01  
1.713e-01  1.045e+00  
1.123e-01  1.049e+00  
5.164e-01  8.443e-01  
7.149e-01  6.070e-01  
1.585e-01  1.047e+00  
1.713e-01  1.045e+00  
5.349e-01  8.152e-01  
5.164e-01  8.443e-01  
7.273e-01  5.873e-01  
1.004e+00  2.177e-01  
1.108e-01  1.069e+00  
1.004e+00  2.193e-01  
6.803e-01  7.052e-01  
3.180e-02  1.132e+00  
1.123e-01  1.049e+00  
9.434e-01  3.000e-01  
3.405e-01  1.050e+00  
1.117e-01  1.074e+00  
5.104e-01  8.733e-01  
1.065e+00  8.529e-02  
1.015e+00  1.565e-01  
3.947e-01  9.404e-01  
1.085e+00  7.262e-02  
8.489e-01  4.347e-01  
3.904e-01  9.492e-01  
1.043e+00  1.313e-01  
1.682e-01  1.049e+00  
3.180e-02  1.132e+00  
1.131e+00  6.030e-02  
1.522e-01  1.066e+00  
2.028e-01  1.074e+00  
8.604e-01  3.958e-01  
1.065e+00  9.893e-02  
8.431e-01  4.627e-01  
1.017e+00  1.653e-01  
1.108e+00  6.658e-02  
1.713e-01  1.045e+00  
1.995e-01  1.046e+00  
1.014e+00  2.904e-01  
8.473e-01  4.225e-01  
1.105e+00  6.099e-02  
8.425e-01  5.074e-01  
9.420e-01  3.014e-01  
1.005e+00  1.980e-01  
1.057e+00  6.876e-02  
1.075e+00  7.025e-02  
9.286e-02  1.050e+00  
1.660e-01  1.051e+00  
9.409e-01  3.045e-01  
1.191e-01  1.049e+00  
1.006e+00  1.826e-01  
3.997e-01  9.458e-01  
9.041e-02  1.124e+00  
5.127e-01  8.775e-01  
1.254e-01  1.058e+00  
1.327e-01  1.059e+00  
4.318e-02  1.102e+00  
1.015e+00  1.565e-01  
1.072e+00  1.104e-01  
1.089e+00  6.680e-02  
6.395e-02  1.064e+00  
3.470e-02  1.149e+00  
1.005e+00  1.980e-01  
1.671e-01  1.063e+00  
1.075e+00  7.025e-02  
1.075e+00  7.025e-02  
1.072e+00  1.104e-01  
3.810e-02  1.135e+00  
1.123e+00  8.461e-02  
3.180e-02  1.132e+00  
1.093e+00  7.208e-02  
1.056e+00  9.505e-02  
1.837e-01  1.044e+00  
1.014e+00  2.031e-01  
1.123e+00  8.461e-02  
1.845e-01  1.044e+00  
1.121e+00  7.287e-02  
1.031e+00  1.023e-01  
1.006e+00  2.121e-01  
4.318e-02  1.102e+00  
1.044e+00  1.368e-01  
1.023e+00  1.265e-01  
1.108e+00  6.658e-02  
1.075e+00  7.025e-02  
5.134e-01  8.596e-01  
1.845e-01  1.044e+00  
1.031e+00  1.023e-01  
6.356e-02  1.158e+00  
1.444e-01  1.043e+00  
8.899e-02  1.068e+00  
8.751e-01  3.616e-01  
1.031e+00  1.023e-01  
1.308e-01  1.049e+00  
1.011e+00  1.589e-01  
1.108e+00  6.658e-02  
3.623e-01  9.701e-01  
3.731e-01  9.556e-01  
5.247e-01  8.472e-01  
8.135e-01  5.453e-01  
1.036e+00  1.559e-01  
4.242e-02  1.153e+00  
1.320e-01  1.047e+00  
1.027e+00  1.247e-01  
1.004e+00  2.117e-01  
1.106e-01  1.058e+00  
1.105e+00  6.099e-02  
7.232e-01  5.995e-01  
5.368e-01  8.391e-01  
1.075e+00  7.025e-02  
9.409e-01  3.045e-01  
1.008e+00  2.673e-01  
5.200e-01  8.392e-01  
3.997e-01  9.458e-01  
1.270e-01  1.044e+00  
4.242e-02  1.153e+00  
3.567e-01  9.682e-01  
1.428e-01  1.064e+00  
7.149e-01  6.070e-01  
8.384e-01  4.822e-01  
6.788e-01  7.639e-01  
1.007e+00  1.770e-01  
5.164e-01  8.443e-01  
7.149e-01  6.070e-01  
1.020e+00  1.315e-01  
1.117e-01  1.074e+00  
9.434e-01  3.000e-01  
5.127e-01  8.775e-01  
5.098e-01  8.684e-01  
1.105e+00  6.099e-02  
5.738e-01  7.902e-01  
1.522e-01  1.066e+00  
4.770e-01  9.171e-01  
5.104e-01  8.733e-01  
8.494e-01  4.257e-01  
1.713e-01  1.045e+00  
6.261e-01  7.492e-01  
1.119e+00  6.122e-02  
1.007e+00  1.680e-01  
3.735e-01  9.620e-01  
1.122e+00  6.146e-02  
1.837e-01  1.044e+00  
8.371e-01  4.850e-01  
6.765e-01  7.045e-01  
1.682e-01  1.049e+00  
8.494e-01  4.257e-01  
1.064e+00  1.105e-01  
1.056e+00  9.505e-02  
6.809e-01  6.788e-01  
1.217e-01  1.053e+00  
6.927e-01  6.675e-01  
4.780e-01  9.147e-01  
3.470e-02  1.149e+00  
1.633e-01  1.053e+00  
7.580e-01  5.731e-01  
9.434e-01  3.000e-01  
8.737e-01  4.078e-01  
3.470e-02  1.149e+00  
4.242e-02  1.153e+00  
7.149e-01  6.070e-01  
7.025e-01  6.305e-01  
8.637e-01  3.836e-01  
1.179e-01  1.048e+00  
6.865e-01  6.764e-01  
