1.633e-02  1.084e+00  
9.998e-01  2.603e-02  
4.320e-01  4.464e-01  
6.717e-01  2.287e-01  
1.690e-01  6.362e-01  
5.753e-01  2.970e-01  
1.178e-01  7.425e-01  
3.005e-01  5.210e-01  
8.831e-01  1.045e-01  
9.720e-01  4.266e-02  
5.032e-02  9.358e-01  
4.679e-01  3.988e-01  
5.798e-01  2.675e-01  
2.768e-01  5.475e-01  
3.649e-01  4.980e-01  
7.334e-01  1.885e-01  
1.910e-01  6.356e-01  
1.333e-01  7.002e-01  
5.798e-01  2.675e-01  
8.729e-01  1.628e-01  
2.299e-01  5.969e-01  
4.334e-01  3.912e-01  
3.737e-01  4.346e-01  
8.987e-01  1.030e-01  
5.004e-01  3.817e-01  
9.620e-01  4.126e-02  
2.036e-01  6.237e-01  
2.254e-02  1.058e+00  
3.142e-01  5.044e-01  
8.925e-02  8.646e-01  
5.997e-01  2.678e-01  
7.048e-01  2.003e-01  
1.897e-01  6.253e-01  
7.112e-01  1.913e-01  
9.720e-01  4.266e-02  
4.604e-02  8.838e-01  
2.559e-01  5.331e-01  
9.696e-02  7.821e-01  
9.621e-02  7.862e-01  
5.842e-01  3.239e-01  
3.808e-01  4.541e-01  
5.615e-01  3.703e-01  
3.355e-01  5.214e-01  
1.472e-01  6.826e-01  
1.241e-01  6.966e-01  
6.519e-01  2.294e-01  
4.806e-01  3.592e-01  
9.638e-01  4.838e-02  
4.517e-01  3.958e-01  
2.161e-01  6.163e-01  
3.851e-01  4.452e-01  
3.649e-01  4.980e-01  
2.254e-02  1.058e+00  
6.043e-01  2.593e-01  
7.123e-02  8.185e-01  
3.941e-01  4.518e-01  
5.963e-01  2.598e-01  
9.786e-01  2.918e-02  
1.864e-01  6.185e-01  
8.855e-01  1.197e-01  
8.870e-01  1.256e-01  
3.483e-01  4.729e-01  
6.968e-01  1.882e-01  
6.845e-01  2.113e-01  
1.377e-01  6.947e-01  
7.334e-01  1.885e-01  
7.914e-02  8.312e-01  
6.663e-01  2.364e-01  
4.320e-01  4.464e-01  
4.738e-01  3.672e-01  
7.198e-01  1.887e-01  
1.938e-01  6.543e-01  
6.417e-01  3.086e-01  
2.818e-01  5.036e-01  
3.902e-01  4.640e-01  
9.621e-02  7.862e-01  
1.178e-01  7.425e-01  
7.462e-01  2.028e-01  
5.924e-01  3.061e-01  
9.575e-01  5.642e-02  
5.798e-01  2.675e-01  
2.662e-01  5.445e-01  
3.808e-01  4.541e-01  
5.435e-01  3.759e-01  
3.644e-01  4.776e-01  
5.615e-01  3.703e-01  
1.446e-01  6.765e-01  
2.254e-02  1.058e+00  
3.174e-01  5.334e-01  
4.806e-01  3.592e-01  
2.246e-01  6.106e-01  
6.621e-01  2.269e-01  
9.783e-01  4.437e-02  
2.254e-02  1.058e+00  
8.797e-01  1.443e-01  
2.858e-01  5.673e-01  
3.808e-01  4.541e-01  
5.957e-01  2.906e-01  
2.716e-01  5.527e-01  
4.667e-01  3.758e-01  
4.721e-02  8.372e-01  
1.204e-01  7.376e-01  
4.794e-01  4.050e-01  
1.036e-01  7.599e-01  
6.215e-01  2.502e-01  
8.729e-01  1.628e-01  
2.394e-02  9.846e-01  
4.126e-01  4.159e-01  
5.798e-01  2.675e-01  
6.621e-01  2.269e-01  
3.504e-01  4.574e-01  
1.897e-01  6.253e-01  
2.694e-01  5.367e-01  
3.504e-01  4.574e-01  
2.388e-01  6.154e-01  
9.015e-01  1.109e-01  
1.446e-01  6.765e-01  
8.797e-01  1.443e-01  
8.925e-02  8.645e-01  
8.855e-01  1.197e-01  
9.786e-01  2.918e-02  
1.910e-01  6.356e-01  
9.783e-01  4.437e-02  
1.745e-01  6.781e-01  
6.506e-01  2.134e-01  
1.633e-02  1.084e+00  
8.874e-01  1.004e-01  
3.234e-01  5.113e-01  
1.034e+00  3.153e-02  
3.113e-01  5.141e-01  
8.831e-01  1.045e-01  
1.041e-01  7.482e-01  
9.621e-02  7.862e-01  
9.146e-02  8.187e-01  
9.688e-01  3.419e-02  
8.866e-01  1.125e-01  
9.998e-01  2.603e-02  
1.996e-01  6.127e-01  
7.198e-01  1.887e-01  
2.025e-01  6.157e-01  
2.918e-02  9.205e-01  
6.069e-01  3.143e-01  
6.519e-01  2.294e-01  
2.794e-01  5.069e-01  
3.468e-01  4.610e-01  
4.334e-01  3.912e-01  
2.010e-01  6.289e-01  
5.435e-01  3.759e-01  
1.204e-01  7.376e-01  
2.050e-01  6.126e-01  
3.005e-01  5.210e-01  
7.280e-01  1.981e-01  
3.051e-01  5.393e-01  
4.517e-01  3.958e-01  
1.910e-01  6.356e-01  
5.947e-01  2.629e-01  
1.204e-01  7.376e-01  
2.388e-01  6.154e-01  
4.362e-01  4.060e-01  
5.842e-01  3.239e-01  
6.441e-01  2.748e-01  
2.858e-01  5.673e-01  
5.613e-01  3.316e-01  
1.452e-01  6.639e-01  
3.734e-01  4.436e-01  
2.990e-01  5.055e-01  
3.651e-01  4.527e-01  
5.162e-01  3.589e-01  
9.688e-01  3.419e-02  
5.021e-01  3.697e-01  
4.179e-01  4.122e-01  
5.997e-01  2.678e-01  
2.412e-02  9.253e-01  
4.556e-01  3.722e-01  
4.604e-02  8.838e-01  
5.556e-01  3.650e-01  
1.129e-01  7.495e-01  
3.808e-01  4.541e-01  
1.066e-01  8.096e-01  
4.583e-01  3.803e-01  
6.367e-01  2.391e-01  
2.858e-01  5.673e-01  
3.842e-01  4.418e-01  
3.808e-01  4.541e-01  
8.797e-01  1.443e-01  
7.090e-01  1.884e-01  
2.010e-01  6.289e-01  
3.468e-01  4.610e-01  
5.236e-01  3.825e-01  
3.509e-01  4.782e-01  
4.667e-01  3.758e-01  
5.556e-01  3.650e-01  
4.179e-01  4.122e-01  
3.761e-01  4.326e-01  
9.559e-01  4.468e-02  
6.960e-01  1.928e-01  
3.509e-01  4.782e-01  
6.709e-01  2.391e-01  
3.468e-01  4.610e-01  
1.198e-01  6.960e-01  
5.924e-01  3.061e-01  
2.297e-01  5.559e-01  
4.367e-01  3.960e-01  
8.874e-01  1.004e-01  
2.768e-01  5.475e-01  
5.753e-01  2.970e-01  
4.667e-01  3.758e-01  
7.697e-02  8.030e-01  
7.334e-01  1.885e-01  
3.419e-02  8.904e-01  
9.582e-01  4.911e-02  
6.441e-01  2.748e-01  
6.292e-01  3.008e-01  
1.897e-01  6.253e-01  
4.599e-01  4.218e-01  
9.627e-01  4.229e-02  
7.198e-01  1.887e-01  
6.960e-01  1.928e-01  
7.064e-01  2.137e-01  
9.146e-02  8.187e-01  
1.996e-01  6.127e-01  
1.524e-01  6.792e-01  
1.041e-01  7.482e-01  
6.709e-01  2.391e-01  
9.603e-01  3.741e-02  
1.897e-01  6.253e-01  
1.558e-01  6.785e-01  
1.722e-01  6.404e-01  
2.696e-01  5.462e-01  
7.914e-02  8.312e-01  
8.739e-01  1.367e-01  
8.831e-01  1.045e-01  
1.633e-02  1.084e+00  
2.818e-01  5.036e-01  
6.519e-01  2.294e-01  
6.960e-01  1.928e-01  
3.355e-01  5.214e-01  
3.963e-02  9.169e-01  
8.398e-02  7.728e-01  
6.187e-01  2.754e-01  
2.394e-02  9.769e-01  
4.721e-02  8.372e-01  
1.031e+00  1.261e-01  
1.722e-01  6.404e-01  
8.760e-01  1.548e-01  
7.480e-01  1.879e-01  
2.388e-01  6.154e-01  
9.638e-01  4.838e-02  
2.662e-01  5.445e-01  
2.790e-02  9.453e-01  
8.773e-01  1.484e-01  
8.730e-01  1.287e-01  
5.305e-02  8.672e-01  
6.712e-01  2.159e-01  
9.621e-01  6.270e-02  
1.034e+00  3.153e-02  
9.559e-01  4.468e-02  
1.034e+00  3.153e-02  
3.317e-01  5.318e-01  
9.668e-01  3.907e-02  
6.678e-01  2.095e-01  
7.055e-01  2.086e-01  
8.760e-01  1.548e-01  
2.649e-02  9.526e-01  
4.254e-01  4.061e-01  
8.866e-01  1.125e-01  
8.760e-01  1.548e-01  
7.198e-01  1.887e-01  
4.721e-02  8.372e-01  
2.768e-01  5.475e-01  
8.925e-02  8.645e-01  
1.938e-01  6.543e-01  
4.362e-01  4.060e-01  
3.005e-01  5.210e-01  
2.299e-01  5.969e-01  
7.293e-01  1.928e-01  
8.925e-02  8.646e-01  
1.938e-01  6.543e-01  
6.621e-01  2.269e-01  
7.914e-02  8.312e-01  
8.386e-02  7.686e-01  
2.299e-01  5.969e-01  
6.553e-01  2.224e-01  
6.792e-01  2.198e-01  
1.897e-01  6.253e-01  
2.093e-02  1.088e+00  
8.870e-01  1.256e-01  
1.066e-01  8.096e-01  
3.773e-02  9.796e-01  
1.446e-01  6.765e-01  
5.753e-01  2.970e-01  
4.583e-01  3.803e-01  
9.696e-02  7.821e-01  
6.187e-01  2.754e-01  
6.069e-01  3.143e-01  
3.651e-01  4.527e-01  
3.851e-01  4.452e-01  
2.528e-01  5.228e-01  
5.953e-01  3.106e-01  
4.179e-01  4.122e-01  
2.145e-02  9.288e-01  
3.504e-01  4.574e-01  
5.997e-01  2.678e-01  
4.556e-01  3.722e-01  
3.787e-01  4.307e-01  
4.362e-01  4.060e-01  
3.773e-02  9.796e-01  
3.521e-01  4.578e-01  
4.779e-01  3.622e-01  
4.179e-01  4.122e-01  
1.179e-01  7.035e-01  
2.299e-01  5.969e-01  
4.334e-01  3.912e-01  
6.960e-01  1.928e-01  
1.204e-01  7.376e-01  
4.794e-01  4.050e-01  
5.753e-01  2.970e-01  
5.882e-01  2.708e-01  
2.309e-01  5.810e-01  
5.842e-01  3.239e-01  
5.588e-01  3.192e-01  
6.342e-01  3.725e-01  
2.662e-01  5.445e-01  
8.855e-01  1.197e-01  
2.745e-01  5.124e-01  
1.663e-01  7.171e-01  
9.638e-01  7.345e-02  
5.936e-01  2.649e-01  
6.199e-01  2.514e-01  
1.150e-01  7.374e-01  
4.362e-01  4.060e-01  
3.941e-01  4.518e-01  
3.931e-01  4.401e-01  
1.452e-01  6.639e-01  
2.088e-01  6.141e-01  
3.649e-01  4.980e-01  
5.888e-01  3.239e-01  
8.866e-01  1.125e-01  
3.761e-01  4.509e-01  
2.662e-01  5.445e-01  
6.458e-01  2.123e-01  
2.858e-01  5.673e-01  
4.667e-01  3.758e-01  
5.997e-01  2.678e-01  
2.158e-01  6.150e-01  
8.768e-01  1.518e-01  
1.446e-01  6.765e-01  
5.721e-01  3.035e-01  
1.938e-01  6.543e-01  
3.787e-01  4.307e-01  
4.794e-01  4.050e-01  
1.887e-01  6.533e-01  
2.161e-01  6.163e-01  
8.729e-01  1.628e-01  
3.468e-01  4.610e-01  
3.509e-01  4.782e-01  
6.069e-01  3.143e-01  
3.052e-01  5.022e-01  
3.360e-01  5.060e-01  
3.609e-01  4.437e-01  
1.041e-01  7.482e-01  
3.941e-01  4.518e-01  
3.787e-01  4.307e-01  
3.963e-02  9.169e-01  
3.819e-01  4.816e-01  
2.990e-01  5.055e-01  
7.334e-01  1.885e-01  
5.435e-01  3.759e-01  
5.924e-01  3.061e-01  
5.936e-01  2.649e-01  
3.563e-01  4.701e-01  
2.645e-01  5.302e-01  
2.570e-01  5.278e-01  
4.667e-01  3.758e-01  
6.280e-01  2.700e-01  
5.615e-01  3.703e-01  
7.198e-01  1.887e-01  
2.050e-01  6.126e-01  
9.647e-01  4.264e-02  
8.925e-02  8.645e-01  
5.924e-01  3.061e-01  
4.828e-01  3.665e-01  
3.355e-01  5.214e-01  
5.162e-01  3.589e-01  
1.220e-01  7.534e-01  
4.679e-01  3.988e-01  
3.483e-01  4.729e-01  
4.794e-01  4.050e-01  
9.783e-01  4.437e-02  
6.519e-01  2.294e-01  
5.721e-01  3.035e-01  
1.321e-01  6.756e-01  
1.633e-02  1.084e+00  
3.051e-01  5.393e-01  
8.729e-01  1.628e-01  
3.644e-01  4.776e-01  
7.334e-01  1.885e-01  
2.999e-02  1.092e+00  
9.792e-01  2.948e-02  
5.021e-01  3.697e-01  
2.449e-01  6.005e-01  
6.519e-01  2.294e-01  
7.123e-02  8.185e-01  
8.791e-01  1.204e-01  
8.729e-01  1.628e-01  
6.819e-02  7.917e-01  
2.694e-01  5.367e-01  
3.599e-01  4.436e-01  
3.651e-01  4.527e-01  
8.905e-01  1.162e-01  
7.280e-01  1.981e-01  
1.241e-01  6.966e-01  
7.280e-01  1.981e-01  
6.655e-01  2.047e-01  
2.645e-01  5.302e-01  
4.307e-01  3.923e-01  
2.911e-01  5.273e-01  
3.902e-01  4.640e-01  
4.806e-01  3.592e-01  
2.050e-01  6.126e-01  
7.064e-01  2.137e-01  
2.388e-01  6.154e-01  
8.987e-01  1.030e-01  
2.911e-01  5.273e-01  
3.902e-01  4.640e-01  
3.651e-01  4.527e-01  
1.681e-01  6.840e-01  
1.875e-01  6.762e-01  
4.362e-01  4.060e-01  
6.289e-01  2.636e-01  
6.663e-01  2.364e-01  
3.355e-01  5.214e-01  
5.936e-01  2.649e-01  
6.709e-01  2.391e-01  
5.520e-02  8.252e-01  
6.621e-01  2.269e-01  
9.651e-01  3.278e-02  
1.198e-01  6.960e-01  
1.321e-01  6.756e-01  
3.009e-01  5.385e-01  
3.509e-01  4.782e-01  
1.910e-01  6.356e-01  
1.472e-01  6.826e-01  
2.716e-01  5.527e-01  
2.768e-01  5.475e-01  
4.556e-01  3.722e-01  
6.553e-01  2.224e-01  
8.925e-02  8.645e-01  
8.729e-01  1.628e-01  
3.805e-01  4.324e-01  
7.202e-02  8.496e-01  
1.241e-01  6.966e-01  
6.757e-01  2.254e-01  
2.337e-01  5.915e-01  
1.537e-01  6.873e-01  
2.713e-01  5.325e-01  
9.677e-01  4.010e-02  
8.870e-01  1.256e-01  
2.299e-01  5.969e-01  
9.746e-01  3.647e-02  
4.828e-01  3.665e-01  
2.662e-01  5.451e-01  
8.884e-01  1.226e-01  
1.938e-01  6.543e-01  
2.254e-02  1.058e+00  
1.034e+00  3.153e-02  
2.015e-01  6.159e-01  
1.369e-01  7.219e-01  
7.462e-01  2.028e-01  
9.728e-01  4.999e-02  
6.115e-01  2.474e-01  
8.731e-01  1.440e-01  
9.647e-01  4.264e-02  
1.558e-01  6.785e-01  
1.910e-01  6.356e-01  
6.663e-01  2.364e-01  
5.897e-01  2.898e-01  
9.638e-01  4.838e-02  
5.435e-01  3.759e-01  
6.712e-01  2.159e-01  
7.198e-01  1.887e-01  
9.651e-01  3.278e-02  
9.627e-01  4.229e-02  
5.305e-02  8.672e-01  
1.204e-01  7.376e-01  
6.757e-01  2.121e-01  
9.621e-02  7.862e-01  
8.797e-01  1.443e-01  
2.050e-01  6.126e-01  
6.125e-02  8.660e-01  
3.174e-01  5.334e-01  
1.178e-01  7.425e-01  
1.897e-01  6.253e-01  
1.633e-02  1.084e+00  
8.831e-01  1.045e-01  
9.651e-01  3.278e-02  
9.627e-01  4.229e-02  
8.019e-02  7.925e-01  
1.340e-02  1.128e+00  
8.788e-01  1.095e-01  
9.055e-02  7.732e-01  
9.700e-01  5.593e-02  
9.627e-01  4.229e-02  
9.627e-01  4.229e-02  
1.633e-02  1.084e+00  
9.627e-01  4.229e-02  
2.131e-02  9.689e-01  
9.638e-01  4.838e-02  
9.582e-01  4.911e-02  
7.914e-02  8.312e-01  
7.462e-01  2.028e-01  
9.746e-01  3.647e-02  
1.066e-01  8.096e-01  
9.688e-01  3.419e-02  
9.603e-01  3.741e-02  
6.968e-01  1.882e-01  
2.918e-02  9.205e-01  
8.775e-01  1.248e-01  
9.783e-01  4.437e-02  
9.688e-01  3.419e-02  
9.688e-01  3.419e-02  
3.234e-01  5.113e-01  
1.158e-01  7.639e-01  
9.575e-01  5.642e-02  
2.918e-02  9.205e-01  
1.041e-01  7.482e-01  
5.520e-02  8.252e-01  
6.519e-01  2.294e-01  
8.731e-01  1.440e-01  
9.621e-02  7.862e-01  
6.926e-01  1.918e-01  
1.034e+00  3.153e-02  
2.694e-01  5.367e-01  
2.662e-01  5.445e-01  
2.880e-01  5.297e-01  
4.656e-01  3.676e-01  
8.870e-01  1.256e-01  
2.988e-02  1.041e+00  
1.864e-01  6.185e-01  
9.643e-01  8.109e-02  
7.198e-01  1.887e-01  
7.697e-02  8.030e-01  
9.638e-01  4.838e-02  
5.162e-01  3.589e-01  
3.649e-01  4.980e-01  
1.034e+00  3.153e-02  
6.757e-01  2.121e-01  
6.968e-01  1.882e-01  
3.009e-01  5.385e-01  
2.858e-01  5.673e-01  
7.123e-02  8.185e-01  
2.412e-02  9.253e-01  
1.472e-01  6.826e-01  
1.887e-01  6.533e-01  
4.936e-01  4.072e-01  
4.828e-01  3.665e-01  
3.651e-01  4.527e-01  
8.731e-01  1.440e-01  
3.649e-01  4.980e-01  
5.162e-01  3.589e-01  
8.874e-01  1.004e-01  
1.036e-01  7.599e-01  
6.757e-01  2.121e-01  
2.843e-01  5.173e-01  
2.906e-01  5.217e-01  
9.783e-01  4.437e-02  
3.651e-01  4.527e-01  
1.446e-01  6.765e-01  
2.662e-01  5.445e-01  
2.906e-01  5.217e-01  
5.997e-01  2.678e-01  
1.601e-01  6.633e-01  
3.644e-01  4.776e-01  
9.786e-01  2.918e-02  
7.198e-01  1.887e-01  
2.388e-01  6.154e-01  
9.688e-01  3.419e-02  
1.446e-01  6.765e-01  
5.556e-01  3.650e-01  
3.797e-01  4.502e-01  
1.198e-01  6.960e-01  
6.069e-01  3.143e-01  
1.031e+00  1.261e-01  
9.651e-01  3.278e-02  
4.087e-01  4.355e-01  
8.019e-02  7.925e-01  
4.334e-01  3.912e-01  
2.858e-01  5.673e-01  
1.948e-02  1.073e+00  
1.158e-01  7.639e-01  
4.703e-01  3.762e-01  
6.553e-01  2.224e-01  
5.924e-01  3.061e-01  
1.967e-02  9.934e-01  
1.340e-02  1.128e+00  
3.805e-01  4.324e-01  
4.362e-01  4.060e-01  
6.757e-01  2.254e-01  
1.452e-01  6.639e-01  
4.320e-01  4.464e-01  
